0	0
0.1	0.0308974
0.2	0.055672
0.3	0.0756073
0.4	0.0915889
0.5	0.104171
0.6	0.113614
0.7	0.121762
0.8	0.128295
0.9	0.133272
1	0.137379
1.1	0.140798
1.2	0.143655
1.3	0.146102
1.4	0.148285
1.5	0.150267
1.6	0.151612
1.7	0.152532
1.8	0.153312
1.9	0.153628
2	0.154236
2.1	0.154629
2.2	0.15495
2.3	0.155052
2.4	0.155104
2.5	0.155437
2.6	0.155688
2.7	0.156341
2.8	0.157155
2.9	0.157529
3	0.157783
3.1	0.158447
3.2	0.158838
3.3	0.159196
3.4	0.159669
3.5	0.159958
3.6	0.160253
3.7	0.160615
3.8	0.161189
3.9	0.161549
4	0.161764
4.1	0.162487
4.2	0.163686
4.3	0.16533
4.4	0.166905
4.5	0.168097
4.6	0.1689
4.7	0.1697
4.8	0.170581
4.9	0.171121
5	0.171783
5.1	0.172026
5.2	0.172113
5.3	0.172502
5.4	0.173038
5.5	0.173413
5.6	0.174426
5.7	0.175709
5.8	0.176204
5.9	0.176774
6	0.17703
6.1	0.177477
6.2	0.177704
6.3	0.178126
6.4	0.178677
6.5	0.179204
6.6	0.179995
6.7	0.180627
6.8	0.181412
6.9	0.182002
7	0.182534
7.1	0.183188
7.2	0.183314
7.3	0.183684
7.4	0.184281
7.5	0.184727
7.6	0.184897
7.7	0.185442
7.8	0.186092
7.9	0.187069
8	0.187921
8.1	0.188246
8.2	0.188633
8.3	0.189033
8.4	0.189342
8.5	0.1903
8.6	0.1917
8.7	0.192824
8.8	0.193843
8.9	0.195054
9	0.195227
9.1	0.195661
9.2	0.195824
9.3	0.196034
9.4	0.196946
9.5	0.198054
9.6	0.199182
9.7	0.199866
9.8	0.200586
9.9	0.201392
10	0.202031
10.1	0.202497
10.2	0.203204
10.3	0.204045
10.4	0.205072
10.5	0.205618
10.6	0.206673
10.7	0.207501
10.8	0.207935
10.9	0.208129
11	0.208724
11.1	0.20934
11.2	0.209957
11.3	0.210139
11.4	0.210721
11.5	0.211264
11.6	0.211814
11.7	0.212434
11.8	0.212964
11.9	0.213455
12	0.213939
12.1	0.214083
12.2	0.214509
12.3	0.214876
12.4	0.21563
12.5	0.215979
12.6	0.216521
12.7	0.217247
12.8	0.217887
12.9	0.218234
13	0.218643
13.1	0.219152
13.2	0.219586
13.3	0.220098
13.4	0.220745
13.5	0.221381
13.6	0.222049
13.7	0.222671
13.8	0.222937
13.9	0.223121
14	0.223883
14.1	0.224614
14.2	0.225427
14.3	0.226191
14.4	0.226885
14.5	0.22764
14.6	0.228901
14.7	0.229721
14.8	0.230398
14.9	0.231087
15	0.231965
15.1	0.233133
15.2	0.233985
15.3	0.234748
15.4	0.235664
15.5	0.236864
15.6	0.238424
15.7	0.239774
15.8	0.241006
15.9	0.242051
16	0.243107
16.1	0.244091
16.2	0.245078
16.3	0.245849
16.4	0.24681
16.5	0.247264
16.6	0.247562
16.7	0.247797
16.8	0.248242
16.9	0.249091
17	0.249455
17.1	0.249659
17.2	0.249701
17.3	0.249977
17.4	0.250134
17.5	0.250605
17.6	0.251025
17.7	0.251277
17.8	0.251758
17.9	0.252388
18	0.25291
18.1	0.253927
18.2	0.254706
18.3	0.255178
18.4	0.256096
18.5	0.256781
18.6	0.25753
18.7	0.258045
18.8	0.258452
18.9	0.258968
19	0.259556
19.1	0.260181
19.2	0.260747
19.3	0.261193
19.4	0.261534
19.5	0.261978
19.6	0.262231
19.7	0.262399
19.8	0.262766
19.9	0.263668
20	0.263985
20.1	0.264108
20.2	0.264399
20.3	0.264636
20.4	0.264918
20.5	0.265204
20.6	0.26537
20.7	0.265945
20.8	0.26684
20.9	0.267901
21	0.269045
21.1	0.270155
21.2	0.271237
21.3	0.272032
21.4	0.272868
21.5	0.27351
21.6	0.273879
21.7	0.274548
21.8	0.27494
21.9	0.275229
22	0.275505
22.1	0.275639
22.2	0.275934
22.3	0.276525
22.4	0.277491
22.5	0.278732
22.6	0.280063
22.7	0.281024
22.8	0.282011
22.9	0.282876
23	0.28361
23.1	0.284431
23.2	0.285144
23.3	0.285491
23.4	0.285795
23.5	0.286202
23.6	0.28682
23.7	0.287352
23.8	0.287516
23.9	0.287995
24	0.288439
24.1	0.28891
24.2	0.28918
24.3	0.289854
24.4	0.290316
24.5	0.291013
24.6	0.291792
24.7	0.292205
24.8	0.292431
24.9	0.293038
25	0.293905
25.1	0.294455
25.2	0.29524
25.3	0.295578
25.4	0.295847
25.5	0.296454
25.6	0.296632
25.7	0.297151
25.8	0.298222
25.9	0.298851
26	0.299084
26.1	0.299462
26.2	0.299868
26.3	0.300343
26.4	0.300763
26.5	0.301485
26.6	0.301622
26.7	0.301956
26.8	0.302414
26.9	0.303121
27	0.303931
27.1	0.304553
27.2	0.304867
27.3	0.305376
27.4	0.305974
27.5	0.306976
27.6	0.307605
27.7	0.308764
27.8	0.310026
27.9	0.310998
28	0.311893
28.1	0.31251
28.2	0.312694
28.3	0.312964
28.4	0.313822
28.5	0.315057
28.6	0.316244
28.7	0.316819
28.8	0.31711
28.9	0.317231
29	0.317469
29.1	0.317989
29.2	0.318474
29.3	0.318875
29.4	0.319199
29.5	0.319334
29.6	0.319532
29.7	0.320041
29.8	0.320291
29.9	0.320982
30	0.321672
30.1	0.322053
30.2	0.32321
30.3	0.324419
30.4	0.32511
30.5	0.325599
30.6	0.326571
30.7	0.327787
30.8	0.328911
30.9	0.32975
31	0.330393
31.1	0.331188
31.2	0.331804
31.3	0.332369
31.4	0.3327
31.5	0.332817
31.6	0.333192
31.7	0.333826
31.8	0.334075
31.9	0.334763
32	0.335475
32.1	0.335896
32.2	0.335957
32.3	0.336316
32.4	0.336994
32.5	0.338035
32.6	0.338958
32.7	0.339956
32.8	0.340544
32.9	0.340783
33	0.340895
33.1	0.341071
33.2	0.341398
33.3	0.341955
33.4	0.342341
33.5	0.3428
33.6	0.343749
33.7	0.345081
33.8	0.346128
33.9	0.346332
34	0.347059
34.1	0.348303
34.2	0.349574
34.3	0.35093
34.4	0.352552
34.5	0.353669
34.6	0.354561
34.7	0.355624
34.8	0.356448
34.9	0.357127
35	0.357588
35.1	0.35774
35.2	0.357872
35.3	0.358149
35.4	0.358278
35.5	0.358728
35.6	0.358992
35.7	0.359615
35.8	0.360244
35.9	0.360943
36	0.362135
36.1	0.363281
36.2	0.364259
36.3	0.364482
36.4	0.364645
36.5	0.365007
36.6	0.365411
36.7	0.366085
36.8	0.366326
36.9	0.366866
37	0.367155
37.1	0.367384
37.2	0.36766
37.3	0.367969
37.4	0.368732
37.5	0.369689
37.6	0.370524
37.7	0.371383
37.8	0.372274
37.9	0.372905
38	0.373158
38.1	0.373501
38.2	0.373721
38.3	0.374195
38.4	0.374375
38.5	0.374567
38.6	0.374914
38.7	0.375083
38.8	0.375838
38.9	0.37651
39	0.377201
39.1	0.37756
39.2	0.378038
39.3	0.378842
39.4	0.379177
39.5	0.379296
39.6	0.379711
39.7	0.379969
39.8	0.380585
39.9	0.380985
40	0.381435
40.1	0.381994
40.2	0.382698
40.3	0.3835
40.4	0.384572
40.5	0.385128
40.6	0.385699
40.7	0.386446
40.8	0.38719
40.9	0.38742
41	0.387921
41.1	0.388238
41.2	0.388768
41.3	0.389664
41.4	0.390339
41.5	0.390629
41.6	0.391454
41.7	0.391854
41.8	0.392117
41.9	0.392422
42	0.393287
42.1	0.394229
42.2	0.395284
42.3	0.396212
42.4	0.396331
42.5	0.396556
42.6	0.397101
42.7	0.397818
42.8	0.398277
42.9	0.398774
43	0.399057
43.1	0.399289
43.2	0.399953
43.3	0.400722
43.4	0.401072
43.5	0.401592
43.6	0.401687
43.7	0.401909
43.8	0.40211
43.9	0.402384
44	0.402588
44.1	0.402956
44.2	0.403241
44.3	0.404195
44.4	0.405004
44.5	0.405943
44.6	0.40625
44.7	0.40633
44.8	0.406878
44.9	0.407558
45	0.408481
45.1	0.409585
45.2	0.411076
45.3	0.411965
45.4	0.412916
45.5	0.4135
45.6	0.413877
45.7	0.413939
45.8	0.414222
45.9	0.414475
46	0.414809
46.1	0.41517
46.2	0.415805
46.3	0.416299
46.4	0.416518
46.5	0.4171
46.6	0.417521
46.7	0.417978
46.8	0.418234
46.9	0.41856
47	0.419008
47.1	0.419503
47.2	0.419814
47.3	0.420069
47.4	0.420392
47.5	0.420927
47.6	0.421485
47.7	0.421995
47.8	0.422335
47.9	0.422748
48	0.42341
48.1	0.424005
48.2	0.424356
48.3	0.425339
48.4	0.425937
48.5	0.426742
48.6	0.427913
48.7	0.428505
48.8	0.428679
48.9	0.429033
49	0.429389
49.1	0.429894
49.2	0.430328
49.3	0.430612
49.4	0.4308
49.5	0.431222
49.6	0.432336
49.7	0.433527
49.8	0.434396
49.9	0.435204
50	0.436324
50.1	0.43699
50.2	0.437318
50.3	0.437694
50.4	0.438071
50.5	0.43894
50.6	0.439617
50.7	0.44001
50.8	0.440418
50.9	0.440541
51	0.440792
51.1	0.441131
51.2	0.441793
51.3	0.442051
51.4	0.442226
51.5	0.442625
51.6	0.443646
51.7	0.444683
51.8	0.4454
51.9	0.446067
52	0.446794
52.1	0.447369
52.2	0.447925
52.3	0.448566
52.4	0.449124
52.5	0.449638
52.6	0.45044
52.7	0.45101
52.8	0.451359
52.9	0.451995
53	0.452591
53.1	0.453502
53.2	0.45401
53.3	0.454484
53.4	0.454984
53.5	0.455455
53.6	0.455498
53.7	0.455853
53.8	0.456282
53.9	0.456716
54	0.457135
54.1	0.457831
54.2	0.458321
54.3	0.458608
54.4	0.458795
54.5	0.459367
54.6	0.459849
54.7	0.460581
54.8	0.461093
54.9	0.461893
55	0.46266
55.1	0.46346
55.2	0.464535
55.3	0.465603
55.4	0.466399
55.5	0.46707
55.6	0.467227
55.7	0.467569
55.8	0.467799
55.9	0.468088
56	0.468482
56.1	0.468822
56.2	0.469093
56.3	0.469596
56.4	0.469818
56.5	0.470387
56.6	0.471009
56.7	0.47148
56.8	0.471908
56.9	0.472496
57	0.472944
57.1	0.473887
57.2	0.474808
57.3	0.475872
57.4	0.476874
57.5	0.477267
57.6	0.477996
57.7	0.478213
57.8	0.47861
57.9	0.479164
58	0.479352
58.1	0.479699
58.2	0.480191
58.3	0.48058
58.4	0.481362
58.5	0.481975
58.6	0.482691
58.7	0.483175
58.8	0.483494
58.9	0.483732
59	0.483819
59.1	0.484119
59.2	0.4842
59.3	0.484653
59.4	0.485343
59.5	0.485449
59.6	0.485618
59.7	0.485805
59.8	0.486001
59.9	0.486502
60	0.486896
60.1	0.4873
60.2	0.487565
60.3	0.488555
60.4	0.489199
60.5	0.489947
60.6	0.490328
60.7	0.490805
60.8	0.490923
60.9	0.490981
61	0.491332
61.1	0.491643
61.2	0.491721
61.3	0.492073
61.4	0.492769
61.5	0.49287
61.6	0.493127
61.7	0.493387
61.8	0.493941
61.9	0.494194
62	0.494412
62.1	0.494898
62.2	0.495769
62.3	0.496527
62.4	0.497319
62.5	0.497759
62.6	0.498171
62.7	0.498704
62.8	0.499202
62.9	0.499845
63	0.500284
63.1	0.500919
63.2	0.501136
63.3	0.501517
63.4	0.502079
63.5	0.502215
63.6	0.502593
63.7	0.50315
63.8	0.504169
63.9	0.504551
64	0.504846
64.1	0.50518
64.2	0.505746
64.3	0.506123
64.4	0.506885
64.5	0.507387
64.6	0.50784
64.7	0.508182
64.8	0.508674
64.9	0.508892
65	0.509592
65.1	0.509932
65.2	0.510467
65.3	0.511126
65.4	0.511784
65.5	0.512108
65.6	0.512351
65.7	0.513017
65.8	0.513283
65.9	0.513601
66	0.514131
66.1	0.514538
66.2	0.514847
66.3	0.51551
66.4	0.516138
66.5	0.516747
66.6	0.517171
66.7	0.517354
66.8	0.517882
66.9	0.518273
67	0.518512
67.1	0.518967
67.2	0.51919
67.3	0.519485
67.4	0.519833
67.5	0.520233
67.6	0.520818
67.7	0.521382
67.8	0.52204
67.9	0.52269
68	0.523368
68.1	0.523878
68.2	0.524314
68.3	0.52498
68.4	0.526075
68.5	0.527642
68.6	0.529178
68.7	0.530726
68.8	0.532055
68.9	0.532866
69	0.533218
69.1	0.533652
69.2	0.533888
69.3	0.534003
69.4	0.534368
69.5	0.535113
69.6	0.535499
69.7	0.53636
69.8	0.537131
69.9	0.537941
70	0.538482
70.1	0.538956
70.2	0.53923
70.3	0.539269
70.4	0.539754
70.5	0.540441
70.6	0.541071
70.7	0.542068
70.8	0.542969
70.9	0.543644
71	0.544634
71.1	0.545718
71.2	0.546178
71.3	0.546867
71.4	0.547425
71.5	0.548008
71.6	0.548542
71.7	0.54901
71.8	0.549643
71.9	0.550634
72	0.551648
72.1	0.552843
72.2	0.553885
72.3	0.554756
72.4	0.55537
72.5	0.556068
72.6	0.556441
72.7	0.556986
72.8	0.557701
72.9	0.558158
73	0.558514
73.1	0.559349
73.2	0.560608
73.3	0.562019
73.4	0.563075
73.5	0.563728
73.6	0.564735
73.7	0.565613
73.8	0.565897
73.9	0.566544
74	0.566657
74.1	0.566783
74.2	0.566923
74.3	0.567437
74.4	0.567998
74.5	0.568608
74.6	0.56939
74.7	0.569768
74.8	0.57016
74.9	0.570653
75	0.571372
75.1	0.572029
75.2	0.572445
75.3	0.572701
75.4	0.57315
75.5	0.573713
75.6	0.574219
75.7	0.575093
75.8	0.575849
75.9	0.576657
76	0.57715
76.1	0.577208
76.2	0.577561
76.3	0.578092
76.4	0.578428
76.5	0.579045
76.6	0.57943
76.7	0.580176
76.8	0.580965
76.9	0.58179
77	0.582644
77.1	0.583447
77.2	0.583924
77.3	0.584073
77.4	0.584179
77.5	0.584522
77.6	0.584931
77.7	0.585563
77.8	0.585931
77.9	0.586332
78	0.586671
78.1	0.587075
78.2	0.587319
78.3	0.587862
78.4	0.588168
78.5	0.588803
78.6	0.589832
78.7	0.590821
78.8	0.591758
78.9	0.592629
79	0.593358
79.1	0.593881
79.2	0.594446
79.3	0.594846
79.4	0.59544
79.5	0.595899
79.6	0.59651
79.7	0.596762
79.8	0.597162
79.9	0.597603
80	0.597884
80.1	0.598133
80.2	0.598945
80.3	0.599112
80.4	0.599541
80.5	0.600344
80.6	0.600661
80.7	0.601019
80.8	0.60125
80.9	0.601597
81	0.602248
81.1	0.602607
81.2	0.603187
81.3	0.603957
81.4	0.60433
81.5	0.604503
81.6	0.604699
81.7	0.605249
81.8	0.605674
81.9	0.606202
82	0.606548
82.1	0.607176
82.2	0.607519
82.3	0.607931
82.4	0.608286
82.5	0.608451
82.6	0.609167
82.7	0.60967
82.8	0.610571
82.9	0.611221
83	0.611954
83.1	0.612618
83.2	0.613116
83.3	0.613947
83.4	0.614476
83.5	0.614728
83.6	0.614973
83.7	0.615326
83.8	0.615638
83.9	0.615913
84	0.616994
84.1	0.617928
84.2	0.619208
84.3	0.620512
84.4	0.621649
84.5	0.622841
84.6	0.624103
84.7	0.625157
84.8	0.625887
84.9	0.626148
85	0.626448
85.1	0.62674
85.2	0.627167
85.3	0.627631
85.4	0.628784
85.5	0.629933
85.6	0.631293
85.7	0.632053
85.8	0.632857
85.9	0.633929
86	0.634746
86.1	0.634852
86.2	0.635495
86.3	0.63607
86.4	0.636796
86.5	0.637418
86.6	0.637887
86.7	0.638577
86.8	0.639281
86.9	0.639775
87	0.640253
87.1	0.640566
87.2	0.640948
87.3	0.641283
87.4	0.64143
87.5	0.641621
87.6	0.642038
87.7	0.642559
87.8	0.643171
87.9	0.644094
88	0.644638
88.1	0.645098
88.2	0.645697
88.3	0.646405
88.4	0.646852
88.5	0.647454
88.6	0.64849
88.7	0.649406
88.8	0.650178
88.9	0.651038
89	0.651419
89.1	0.652195
89.2	0.652954
89.3	0.654039
89.4	0.654887
89.5	0.65493
89.6	0.655065
89.7	0.655267
89.8	0.655502
89.9	0.655763
90	0.656085
90.1	0.656582
90.2	0.657431
90.3	0.657803
90.4	0.658123
90.5	0.658417
90.6	0.658784
90.7	0.65906
90.8	0.659182
90.9	0.659351
91	0.659731
91.1	0.660524
91.2	0.660692
91.3	0.661298
91.4	0.662087
91.5	0.662499
91.6	0.662867
91.7	0.663187
91.8	0.663554
91.9	0.664317
92	0.665218
92.1	0.665812
92.2	0.665925
92.3	0.666263
92.4	0.666602
92.5	0.66672
92.6	0.66694
92.7	0.667398
92.8	0.667625
92.9	0.66788
93	0.668551
93.1	0.669516
93.2	0.670158
93.3	0.671017
93.4	0.672046
93.5	0.672711
93.6	0.672909
93.7	0.673261
93.8	0.673609
93.9	0.674054
94	0.674539
94.1	0.674966
94.2	0.675337
94.3	0.675747
94.4	0.675848
94.5	0.675986
94.6	0.676269
94.7	0.676622
94.8	0.676861
94.9	0.677439
95	0.678194
95.1	0.678682
95.2	0.679382
95.3	0.680182
95.4	0.680841
95.5	0.681475
95.6	0.682089
95.7	0.68234
95.8	0.682531
95.9	0.683401
96	0.684104
96.1	0.684631
96.2	0.685454
96.3	0.686875
96.4	0.687658
96.5	0.688205
96.6	0.688654
96.7	0.689298
96.8	0.690112
96.9	0.691201
97	0.692094
97.1	0.692941
97.2	0.69372
97.3	0.69458
97.4	0.695678
97.5	0.696707
97.6	0.697831
97.7	0.699117
97.8	0.699714
97.9	0.700586
98	0.700956
98.1	0.701261
98.2	0.701981
98.3	0.702375
98.4	0.702585
98.5	0.703116
98.6	0.703985
98.7	0.704327
98.8	0.704633
98.9	0.705416
99	0.705932
99.1	0.706562
99.2	0.706974
99.3	0.707348
99.4	0.707794
99.5	0.708584
99.6	0.708854
99.7	0.709152
99.8	0.709532
99.9	0.70979
100	0.710481
100.1	0.711183
100.2	0.712374
100.3	0.712947
100.4	0.713953
100.5	0.71462
100.6	0.715325
100.7	0.715843
100.8	0.71605
100.9	0.716368
101	0.716593
101.1	0.71696
101.2	0.71764
101.3	0.717786
101.4	0.718307
101.5	0.71923
101.6	0.720013
101.7	0.720625
101.8	0.721818
101.9	0.722637
102	0.723145
102.1	0.723786
102.2	0.724301
102.3	0.724734
102.4	0.724947
102.5	0.725504
102.6	0.726304
102.7	0.726636
102.8	0.726749
102.9	0.727487
103	0.72771
103.1	0.728333
103.2	0.728712
103.3	0.729382
103.4	0.729949
103.5	0.730925
103.6	0.732293
103.7	0.732955
103.8	0.733828
103.9	0.73484
104	0.735838
104.1	0.736634
104.2	0.736793
104.3	0.7371
104.4	0.73762
104.5	0.738286
104.6	0.738854
104.7	0.739503
104.8	0.740065
104.9	0.740275
105	0.74067
105.1	0.74093
105.2	0.741064
105.3	0.741398
105.4	0.741878
105.5	0.742268
105.6	0.743395
105.7	0.744502
105.8	0.745754
105.9	0.746871
106	0.747636
106.1	0.748337
106.2	0.748999
106.3	0.749374
106.4	0.749826
106.5	0.75002
106.6	0.750424
106.7	0.750749
106.8	0.751025
106.9	0.751302
107	0.751392
107.1	0.752135
107.2	0.752932
107.3	0.75384
107.4	0.754816
107.5	0.755394
107.6	0.755925
107.7	0.756416
107.8	0.757039
107.9	0.757415
108	0.757898
108.1	0.758855
108.2	0.759633
108.3	0.760463
108.4	0.761019
108.5	0.761326
108.6	0.7617
108.7	0.762255
108.8	0.762886
108.9	0.76337
109	0.763842
109.1	0.76422
109.2	0.764852
109.3	0.765023
109.4	0.765082
109.5	0.765589
109.6	0.765813
109.7	0.766307
109.8	0.766559
109.9	0.766642
110	0.766904
110.1	0.767188
110.2	0.767872
110.3	0.768708
110.4	0.769537
110.5	0.770537
110.6	0.771006
110.7	0.771129
110.8	0.771667
110.9	0.771884
111	0.772424
111.1	0.772732
111.2	0.773393
111.3	0.773946
111.4	0.774903
111.5	0.77616
111.6	0.77719
111.7	0.777991
111.8	0.778722
111.9	0.77925
112	0.779562
112.1	0.780141
112.2	0.780414
112.3	0.780593
112.4	0.780968
112.5	0.781377
112.6	0.781969
112.7	0.782475
112.8	0.782974
112.9	0.783385
113	0.784167
113.1	0.784904
113.2	0.785757
113.3	0.786102
113.4	0.786181
113.5	0.786262
113.6	0.786979
113.7	0.787513
113.8	0.78819
113.9	0.788892
114	0.789652
114.1	0.790322
114.2	0.79092
114.3	0.79166
114.4	0.792493
114.5	0.793296
114.6	0.794148
114.7	0.794765
114.8	0.795095
114.9	0.795787
115	0.796029
115.1	0.796539
115.2	0.796805
115.3	0.797126
115.4	0.797274
115.5	0.797746
115.6	0.798269
115.7	0.798901
115.8	0.799582
115.9	0.800071
116	0.800965
116.1	0.801703
116.2	0.802583
116.3	0.80391
116.4	0.805263
116.5	0.80619
116.6	0.806959
116.7	0.807622
116.8	0.808298
116.9	0.808925
117	0.809591
117.1	0.810551
117.2	0.81122
117.3	0.811767
117.4	0.812081
117.5	0.812559
117.6	0.813302
117.7	0.813848
117.8	0.814686
117.9	0.815248
118	0.815834
118.1	0.816469
118.2	0.816838
118.3	0.817075
118.4	0.817879
118.5	0.818504
118.6	0.818708
118.7	0.819054
118.8	0.819422
118.9	0.81991
119	0.820212
119.1	0.820374
119.2	0.820662
119.3	0.821348
119.4	0.821623
119.5	0.822462
119.6	0.822755
119.7	0.823163
119.8	0.823629
119.9	0.824489
120	0.82491
120.1	0.825686
120.2	0.826584
120.3	0.827492
120.4	0.828143
120.5	0.82866
120.6	0.829419
120.7	0.830136
120.8	0.830831
120.9	0.831372
121	0.831859
121.1	0.832248
121.2	0.832954
121.3	0.833875
121.4	0.834664
121.5	0.835435
121.6	0.836342
121.7	0.836656
121.8	0.837265
121.9	0.837394
122	0.837582
122.1	0.838114
122.2	0.838932
122.3	0.839893
122.4	0.840993
122.5	0.841668
122.6	0.842697
122.7	0.843552
122.8	0.844336
122.9	0.844774
123	0.845362
123.1	0.845765
123.2	0.846213
123.3	0.846823
123.4	0.847627
123.5	0.849183
123.6	0.850593
123.7	0.85158
123.8	0.852606
123.9	0.853923
124	0.85523
124.1	0.856014
124.2	0.856601
124.3	0.85714
124.4	0.857881
124.5	0.858673
124.6	0.85938
124.7	0.859887
124.8	0.860636
124.9	0.860965
125	0.861929
125.1	0.862574
125.2	0.863065
125.3	0.863334
125.4	0.863462
125.5	0.863911
125.6	0.864596
125.7	0.865399
125.8	0.866016
125.9	0.866551
126	0.866573
126.1	0.866912
126.2	0.867716
126.3	0.868743
126.4	0.869523
126.5	0.870635
126.6	0.87139
126.7	0.871987
126.8	0.872465
126.9	0.872775
127	0.873392
127.1	0.873664
127.2	0.873912
127.3	0.874038
127.4	0.874336
127.5	0.874896
127.6	0.875698
127.7	0.876158
127.8	0.876948
127.9	0.877375
128	0.877902
128.1	0.878042
128.2	0.878826
128.3	0.879217
128.4	0.879781
128.5	0.880133
128.6	0.880791
128.7	0.881618
128.8	0.882447
128.9	0.883483
129	0.884448
129.1	0.885494
129.2	0.886593
129.3	0.887769
129.4	0.888577
129.5	0.889182
129.6	0.889453
129.7	0.889648
129.8	0.889796
129.9	0.889873
130	0.889911
130.1	0.890077
130.2	0.890546
130.3	0.891587
130.4	0.89251
130.5	0.893102
130.6	0.893241
130.7	0.893485
130.8	0.89393
130.9	0.894243
131	0.894312
131.1	0.894465
131.2	0.894863
131.3	0.895637
131.4	0.896328
131.5	0.896974
131.6	0.897511
131.7	0.897727
131.8	0.898089
131.9	0.898382
132	0.898802
132.1	0.899666
132.2	0.900337
132.3	0.900831
132.4	0.90107
132.5	0.901524
132.6	0.9018
132.7	0.90213
132.8	0.902249
132.9	0.902409
133	0.902799
133.1	0.903249
133.2	0.903828
133.3	0.904827
133.4	0.905664
133.5	0.906406
133.6	0.907142
133.7	0.908007
133.8	0.909041
133.9	0.909885
134	0.910861
134.1	0.911304
134.2	0.911606
134.3	0.912309
134.4	0.913222
134.5	0.91445
134.6	0.915393
134.7	0.916253
134.8	0.917225
134.9	0.917883
135	0.91876
135.1	0.919625
135.2	0.920566
135.3	0.921184
135.4	0.921655
135.5	0.921992
135.6	0.92256
135.7	0.923533
135.8	0.924781
135.9	0.925679
136	0.926357
136.1	0.926738
136.2	0.926957
136.3	0.927504
136.4	0.928226
136.5	0.928714
136.6	0.929107
136.7	0.929786
136.8	0.930689
136.9	0.931869
137	0.932688
137.1	0.933443
137.2	0.933983
137.3	0.934381
137.4	0.934842
137.5	0.935109
137.6	0.93567
137.7	0.93611
137.8	0.93649
137.9	0.937009
138	0.937375
138.1	0.937491
138.2	0.938082
138.3	0.938853
138.4	0.939606
138.5	0.939936
138.6	0.940899
138.7	0.941707
138.8	0.942451
138.9	0.94329
139	0.943667
139.1	0.944238
139.2	0.944919
139.3	0.945682
139.4	0.946476
139.5	0.947229
139.6	0.947951
139.7	0.948554
139.8	0.949171
139.9	0.949622
140	0.949984
140.1	0.95049
140.2	0.951391
140.3	0.951932
140.4	0.952583
140.5	0.953106
140.6	0.953483
140.7	0.954008
140.8	0.954159
140.9	0.954363
141	0.954655
141.1	0.954825
141.2	0.95516
141.3	0.955723
141.4	0.956633
141.5	0.957216
141.6	0.958311
141.7	0.959079
141.8	0.959784
141.9	0.960662
142	0.961478
142.1	0.96218
142.2	0.962934
142.3	0.963517
142.4	0.964061
142.5	0.964337
142.6	0.965065
142.7	0.965828
142.8	0.96683
142.9	0.967414
143	0.967872
143.1	0.968645
143.2	0.969689
143.3	0.970787
143.4	0.971641
143.5	0.972966
143.6	0.973754
143.7	0.974613
143.8	0.975558
143.9	0.97669
144	0.97749
144.1	0.978461
144.2	0.979344
144.3	0.980085
144.4	0.980469
144.5	0.980706
144.6	0.980883
144.7	0.981116
144.8	0.981382
144.9	0.981684
145	0.982288
145.1	0.982713
145.2	0.983269
145.3	0.983434
145.4	0.983882
145.5	0.984532
145.6	0.985413
145.7	0.98625
145.8	0.98694
145.9	0.987629
146	0.987837
146.1	0.988472
146.2	0.988798
146.3	0.989474
146.4	0.989944
146.5	0.990159
146.6	0.990537
146.7	0.991657
146.8	0.992901
146.9	0.994165
147	0.99543
147.1	0.995702
147.2	0.996145
147.3	0.996526
147.4	0.997355
147.5	0.998708
147.6	0.999948
147.7	1.00088
147.8	1.00158
147.9	1.00257
148	1.00336
148.1	1.00377
148.2	1.00439
148.3	1.00525
148.4	1.00698
148.5	1.00859
148.6	1.01021
148.7	1.01128
148.8	1.012
148.9	1.01228
149	1.0126
149.1	1.01281
149.2	1.01335
149.3	1.01423
149.4	1.015
149.5	1.01627
149.6	1.01735
149.7	1.01839
149.8	1.01938
149.9	1.02006
150	1.02037
150.1	1.02074
150.2	1.02087
150.3	1.02113
150.4	1.02142
150.5	1.02164
150.6	1.02204
150.7	1.02241
150.8	1.02283
150.9	1.02294
151	1.02333
151.1	1.02376
151.2	1.02406
151.3	1.02468
151.4	1.02499
151.5	1.02508
151.6	1.0256
151.7	1.02627
151.8	1.02683
151.9	1.0275
152	1.02786
152.1	1.02827
152.2	1.02834
152.3	1.0286
152.4	1.02904
152.5	1.02921
152.6	1.0297
152.7	1.0301
152.8	1.03026
152.9	1.0305
153	1.03087
153.1	1.03114
153.2	1.03191
153.3	1.03231
153.4	1.03281
153.5	1.03327
153.6	1.03359
153.7	1.03379
153.8	1.03419
153.9	1.03457
154	1.03476
154.1	1.03517
154.2	1.03541
154.3	1.03543
154.4	1.03573
154.5	1.03592
154.6	1.03615
154.7	1.03625
154.8	1.03645
154.9	1.03673
155	1.03743
155.1	1.03799
155.2	1.03866
155.3	1.03948
155.4	1.04023
155.5	1.04066
155.6	1.04155
155.7	1.0423
155.8	1.04299
155.9	1.04416
156	1.04544
156.1	1.04692
156.2	1.04762
156.3	1.04806
156.4	1.04843
156.5	1.04878
156.6	1.0489
156.7	1.04956
156.8	1.05012
156.9	1.0508
157	1.05154
157.1	1.05184
157.2	1.05269
157.3	1.05361
157.4	1.05411
157.5	1.05462
157.6	1.05493
157.7	1.05516
157.8	1.05565
157.9	1.05586
158	1.05629
158.1	1.05701
158.2	1.05799
158.3	1.05917
158.4	1.05968
158.5	1.06032
158.6	1.06095
158.7	1.06169
158.8	1.0629
158.9	1.06417
159	1.06543
159.1	1.06656
159.2	1.06725
159.3	1.06793
159.4	1.06827
159.5	1.06867
159.6	1.069
159.7	1.06957
159.8	1.06965
159.9	1.06998
160	1.07039
160.1	1.07055
160.2	1.07065
160.3	1.071
160.4	1.07134
160.5	1.07174
160.6	1.0722
160.7	1.0726
160.8	1.073
160.9	1.07344
161	1.07354
161.1	1.07376
161.2	1.07387
161.3	1.07411
161.4	1.07479
161.5	1.07556
161.6	1.0764
161.7	1.07664
161.8	1.07715
161.9	1.07773
162	1.07832
162.1	1.07901
162.2	1.07944
162.3	1.07958
162.4	1.08003
162.5	1.08046
162.6	1.08076
162.7	1.08126
162.8	1.08189
162.9	1.08258
163	1.083
163.1	1.08325
163.2	1.08344
163.3	1.08371
163.4	1.08378
163.5	1.0839
163.6	1.0842
163.7	1.08476
163.8	1.08521
163.9	1.08561
164	1.0859
164.1	1.08626
164.2	1.08696
164.3	1.08753
164.4	1.08862
164.5	1.08907
164.6	1.08989
164.7	1.09099
164.8	1.09184
164.9	1.09235
165	1.0928
165.1	1.0931
165.2	1.09344
165.3	1.09401
165.4	1.09467
165.5	1.09533
165.6	1.09565
165.7	1.09633
165.8	1.09722
165.9	1.09797
166	1.09882
166.1	1.09944
166.2	1.09997
166.3	1.10054
166.4	1.10118
166.5	1.10173
166.6	1.10209
166.7	1.10256
166.8	1.10278
166.9	1.10312
167	1.1034
167.1	1.10363
167.2	1.1039
167.3	1.10406
167.4	1.10413
167.5	1.10437
167.6	1.10502
167.7	1.1057
167.8	1.10592
167.9	1.10618
168	1.1065
168.1	1.10673
168.2	1.10693
168.3	1.10712
168.4	1.10744
168.5	1.10828
168.6	1.1088
168.7	1.10942
168.8	1.11021
168.9	1.11071
169	1.11141
169.1	1.11215
169.2	1.11281
169.3	1.11347
169.4	1.11393
169.5	1.11408
169.6	1.11446
169.7	1.11498
169.8	1.11586
169.9	1.11638
170	1.11675
170.1	1.117
170.2	1.11725
170.3	1.11802
170.4	1.1187
170.5	1.11969
170.6	1.12117
170.7	1.12221
170.8	1.12347
170.9	1.12443
171	1.12497
171.1	1.12546
171.2	1.12579
171.3	1.12609
171.4	1.12649
171.5	1.12706
171.6	1.12756
171.7	1.12829
171.8	1.12874
171.9	1.12923
172	1.12971
172.1	1.1306
172.2	1.13174
172.3	1.13265
172.4	1.13321
172.5	1.13353
172.6	1.13376
172.7	1.1344
172.8	1.13466
172.9	1.13503
173	1.13518
173.1	1.13584
173.2	1.13641
173.3	1.13688
173.4	1.13768
173.5	1.13853
173.6	1.13968
173.7	1.14127
173.8	1.1428
173.9	1.14391
174	1.14403
174.1	1.14428
174.2	1.14483
174.3	1.14494
174.4	1.14527
174.5	1.14557
174.6	1.1457
174.7	1.14597
174.8	1.1463
174.9	1.14649
175	1.14676
175.1	1.14722
175.2	1.14775
175.3	1.14788
175.4	1.14828
175.5	1.14847
175.6	1.14862
175.7	1.14889
175.8	1.14905
175.9	1.14943
176	1.1498
176.1	1.15023
176.2	1.1505
176.3	1.15066
176.4	1.15085
176.5	1.15091
176.6	1.15131
176.7	1.15144
176.8	1.15158
176.9	1.15177
177	1.15213
177.1	1.15244
177.2	1.15293
177.3	1.15373
177.4	1.15455
177.5	1.15508
177.6	1.15638
177.7	1.15745
177.8	1.15839
177.9	1.15936
178	1.1603
178.1	1.16131
178.2	1.16231
178.3	1.16357
178.4	1.16483
178.5	1.16571
178.6	1.16695
178.7	1.16801
178.8	1.16876
178.9	1.16934
179	1.1698
179.1	1.17006
179.2	1.17063
179.3	1.17129
179.4	1.17161
179.5	1.17185
179.6	1.17243
179.7	1.17283
179.8	1.17351
179.9	1.17379
180	1.17409
180.1	1.17466
180.2	1.17503
180.3	1.17534
180.4	1.17565
180.5	1.17649
180.6	1.17702
180.7	1.17755
180.8	1.17821
180.9	1.17846
181	1.17855
181.1	1.17885
181.2	1.17944
181.3	1.18017
181.4	1.18077
181.5	1.18183
181.6	1.18332
181.7	1.18448
181.8	1.18567
181.9	1.18666
182	1.18777
182.1	1.18919
182.2	1.19069
182.3	1.19133
182.4	1.19212
182.5	1.19276
182.6	1.19321
182.7	1.19362
182.8	1.19424
182.9	1.19484
183	1.19558
183.1	1.1969
183.2	1.19733
183.3	1.19787
183.4	1.19856
183.5	1.19903
183.6	1.19954
183.7	1.19999
183.8	1.20031
183.9	1.20057
184	1.20134
184.1	1.20235
184.2	1.20311
184.3	1.2042
184.4	1.20502
184.5	1.20598
184.6	1.20669
184.7	1.2074
184.8	1.2077
184.9	1.20788
185	1.20834
185.1	1.20908
185.2	1.20956
185.3	1.21033
185.4	1.21101
185.5	1.21185
185.6	1.21276
185.7	1.21343
185.8	1.21418
185.9	1.21498
186	1.21555
186.1	1.2161
186.2	1.2168
186.3	1.21692
186.4	1.21709
186.5	1.2175
186.6	1.21824
186.7	1.2186
186.8	1.21895
186.9	1.21945
187	1.21961
187.1	1.21998
187.2	1.22024
187.3	1.22056
187.4	1.22123
187.5	1.22173
187.6	1.2223
187.7	1.22321
187.8	1.22417
187.9	1.22476
188	1.22538
188.1	1.22614
188.2	1.22701
188.3	1.22749
188.4	1.22823
188.5	1.22896
188.6	1.22994
188.7	1.23118
188.8	1.23245
188.9	1.23336
189	1.23452
189.1	1.23538
189.2	1.23622
189.3	1.23737
189.4	1.23799
189.5	1.23861
189.6	1.23908
189.7	1.24
189.8	1.24097
189.9	1.24175
190	1.24219
190.1	1.24261
190.2	1.24314
190.3	1.24349
190.4	1.24409
190.5	1.24451
190.6	1.24502
190.7	1.24567
190.8	1.24609
190.9	1.24644
191	1.24742
191.1	1.24859
191.2	1.24984
191.3	1.25024
191.4	1.25073
191.5	1.25121
191.6	1.25205
191.7	1.25323
191.8	1.25484
191.9	1.25644
192	1.25759
192.1	1.25862
192.2	1.25968
192.3	1.26044
192.4	1.26098
192.5	1.26212
192.6	1.26307
192.7	1.26396
192.8	1.26442
192.9	1.2649
193	1.26585
193.1	1.2672
193.2	1.26834
193.3	1.26918
193.4	1.26994
193.5	1.27043
193.6	1.27066
193.7	1.27106
193.8	1.27116
193.9	1.27137
194	1.27179
194.1	1.2723
194.2	1.2724
194.3	1.27276
194.4	1.2733
194.5	1.27349
194.6	1.27385
194.7	1.27418
194.8	1.27443
194.9	1.27507
195	1.27569
195.1	1.27634
195.2	1.27643
195.3	1.27656
195.4	1.27696
195.5	1.27745
195.6	1.27768
195.7	1.27798
195.8	1.27849
195.9	1.2791
196	1.27994
196.1	1.28094
196.2	1.28173
196.3	1.282
196.4	1.28279
196.5	1.28365
196.6	1.28472
196.7	1.28582
196.8	1.28661
196.9	1.28706
197	1.28733
197.1	1.28738
197.2	1.28784
197.3	1.28819
197.4	1.28857
197.5	1.28917
197.6	1.29024
197.7	1.2912
197.8	1.29183
197.9	1.29274
198	1.29358
198.1	1.29439
198.2	1.2953
198.3	1.29593
198.4	1.29645
198.5	1.29714
198.6	1.29826
198.7	1.29882
198.8	1.29987
198.9	1.30081
199	1.30139
199.1	1.30172
199.2	1.30231
199.3	1.3032
199.4	1.30411
199.5	1.3049
199.6	1.30551
199.7	1.3058
199.8	1.30643
199.9	1.30694
200	1.30803
200.1	1.30901
200.2	1.30958
200.3	1.31015
200.4	1.31074
200.5	1.3111
200.6	1.31143
200.7	1.3122
200.8	1.31319
200.9	1.31408
201	1.31491
201.1	1.31559
201.2	1.31585
201.3	1.31644
201.4	1.31704
201.5	1.31728
201.6	1.31748
201.7	1.31774
201.8	1.31802
201.9	1.31836
202	1.31926
202.1	1.31969
202.2	1.31973
202.3	1.31987
202.4	1.32034
202.5	1.3212
202.6	1.32191
202.7	1.32257
202.8	1.32294
202.9	1.32327
203	1.3237
203.1	1.32414
203.2	1.32472
203.3	1.32567
203.4	1.32666
203.5	1.32749
203.6	1.32869
203.7	1.32961
203.8	1.33022
203.9	1.33076
204	1.3309
204.1	1.33103
204.2	1.3314
204.3	1.33176
204.4	1.33197
204.5	1.33265
204.6	1.33372
204.7	1.33476
204.8	1.33534
204.9	1.33559
205	1.33643
205.1	1.33742
205.2	1.33816
205.3	1.33899
205.4	1.33956
205.5	1.33999
205.6	1.34026
205.7	1.34047
205.8	1.3407
205.9	1.34112
206	1.34155
206.1	1.34206
206.2	1.34236
206.3	1.34257
206.4	1.34317
206.5	1.34392
206.6	1.34448
206.7	1.34518
206.8	1.34533
206.9	1.34559
207	1.34583
207.1	1.34625
207.2	1.34683
207.3	1.34753
207.4	1.34806
207.5	1.34821
207.6	1.34886
207.7	1.35021
207.8	1.3516
207.9	1.35299
208	1.35444
208.1	1.3552
208.2	1.35563
208.3	1.35623
208.4	1.35678
208.5	1.3572
208.6	1.35772
208.7	1.35832
208.8	1.35883
208.9	1.35925
209	1.35985
209.1	1.36042
209.2	1.36099
209.3	1.36162
209.4	1.36201
209.5	1.3622
209.6	1.36248
209.7	1.36303
209.8	1.36352
209.9	1.36418
210	1.36492
210.1	1.36555
210.2	1.36606
210.3	1.36675
210.4	1.36752
210.5	1.36813
210.6	1.36892
210.7	1.36953
210.8	1.37004
210.9	1.37057
211	1.37148
211.1	1.37185
211.2	1.37229
211.3	1.37246
211.4	1.37296
211.5	1.37373
211.6	1.37524
211.7	1.3767
211.8	1.37836
211.9	1.37963
212	1.38056
212.1	1.38197
212.2	1.3833
212.3	1.38481
212.4	1.38624
212.5	1.38754
212.6	1.38889
212.7	1.39011
212.8	1.39159
212.9	1.3928
213	1.39377
213.1	1.39451
213.2	1.39556
213.3	1.3969
213.4	1.39827
213.5	1.39942
213.6	1.40077
213.7	1.4018
213.8	1.40289
213.9	1.4039
214	1.40459
214.1	1.40525
214.2	1.40602
214.3	1.40701
214.4	1.40803
214.5	1.40892
214.6	1.40964
214.7	1.41077
214.8	1.4123
214.9	1.41347
215	1.41438
215.1	1.41497
215.2	1.41586
215.3	1.41679
215.4	1.41791
215.5	1.41859
215.6	1.41935
215.7	1.42046
215.8	1.42168
215.9	1.42295
216	1.42408
216.1	1.42511
216.2	1.42593
216.3	1.42637
216.4	1.42664
216.5	1.42687
216.6	1.4276
216.7	1.42807
216.8	1.42877
216.9	1.42982
217	1.43074
217.1	1.43153
217.2	1.43234
217.3	1.43332
217.4	1.43368
217.5	1.43408
217.6	1.43457
217.7	1.43471
217.8	1.43494
217.9	1.43528
218	1.43606
218.1	1.43675
218.2	1.43733
218.3	1.43825
218.4	1.43936
218.5	1.4406
218.6	1.44182
218.7	1.4429
218.8	1.44364
218.9	1.44433
219	1.44503
219.1	1.44548
219.2	1.44624
219.3	1.44697
219.4	1.44756
219.5	1.448
219.6	1.44863
219.7	1.44914
219.8	1.44996
219.9	1.4513
220	1.45218
220.1	1.45264
220.2	1.45323
220.3	1.45358
220.4	1.45404
220.5	1.45478
220.6	1.45563
220.7	1.45626
220.8	1.4566
220.9	1.45718
221	1.45776
221.1	1.45813
221.2	1.45857
221.3	1.4589
221.4	1.45904
221.5	1.45926
221.6	1.45957
221.7	1.46026
221.8	1.4606
221.9	1.46126
222	1.46174
222.1	1.46221
222.2	1.46243
222.3	1.4629
222.4	1.46314
222.5	1.46371
222.6	1.46416
222.7	1.46493
222.8	1.46543
222.9	1.46563
223	1.46572
223.1	1.46597
223.2	1.46634
223.3	1.46649
223.4	1.46666
223.5	1.46716
223.6	1.46771
223.7	1.46851
223.8	1.46941
223.9	1.47007
224	1.47043
224.1	1.47069
224.2	1.47121
224.3	1.47124
224.4	1.4715
224.5	1.47181
224.6	1.47231
224.7	1.47276
224.8	1.47321
224.9	1.47403
225	1.47465
225.1	1.47528
225.2	1.47558
225.3	1.47579
225.4	1.47593
225.5	1.47621
225.6	1.47669
225.7	1.47696
225.8	1.47729
225.9	1.47769
226	1.47804
226.1	1.47851
226.2	1.47919
226.3	1.48003
226.4	1.48045
226.5	1.48111
226.6	1.48202
226.7	1.48269
226.8	1.48348
226.9	1.48401
227	1.48453
227.1	1.48476
227.2	1.48529
227.3	1.48537
227.4	1.4856
227.5	1.48576
227.6	1.48608
227.7	1.48688
227.8	1.48768
227.9	1.48874
228	1.48944
228.1	1.49025
228.2	1.49113
228.3	1.49163
228.4	1.49233
228.5	1.49298
228.6	1.49373
228.7	1.49446
228.8	1.49532
228.9	1.49621
229	1.49654
229.1	1.49698
229.2	1.49762
229.3	1.49838
229.4	1.49919
229.5	1.50037
229.6	1.50154
229.7	1.50241
229.8	1.50302
229.9	1.50377
230	1.50471
230.1	1.50556
230.2	1.50658
230.3	1.50704
230.4	1.50714
230.5	1.50721
230.6	1.50732
230.7	1.5075
230.8	1.50764
230.9	1.50779
231	1.50814
231.1	1.5084
231.2	1.50907
231.3	1.50948
231.4	1.5103
231.5	1.51161
231.6	1.51291
231.7	1.51479
231.8	1.51614
231.9	1.51742
232	1.51865
232.1	1.51967
232.2	1.52028
232.3	1.5213
232.4	1.52176
232.5	1.52229
232.6	1.52259
232.7	1.5229
232.8	1.5233
232.9	1.52413
233	1.52466
233.1	1.52488
233.2	1.52548
233.3	1.52591
233.4	1.526
233.5	1.52613
233.6	1.52642
233.7	1.52672
233.8	1.52754
233.9	1.52862
234	1.52979
234.1	1.53068
234.2	1.53148
234.3	1.53224
234.4	1.53304
234.5	1.53379
234.6	1.53467
234.7	1.53543
234.8	1.53623
234.9	1.53678
235	1.53776
235.1	1.53908
235.2	1.54026
235.3	1.54095
235.4	1.54213
235.5	1.543
235.6	1.5437
235.7	1.54473
235.8	1.54546
235.9	1.54623
236	1.54659
236.1	1.54761
236.2	1.54819
236.3	1.54863
236.4	1.54916
236.5	1.55018
236.6	1.55122
236.7	1.55239
236.8	1.55304
236.9	1.55389
237	1.55454
237.1	1.55483
237.2	1.55517
237.3	1.55547
237.4	1.55589
237.5	1.55623
237.6	1.55727
237.7	1.55802
237.8	1.55883
237.9	1.55935
238	1.55962
238.1	1.56038
238.2	1.56112
238.3	1.56167
238.4	1.5624
238.5	1.56284
238.6	1.56339
238.7	1.56375
238.8	1.56438
238.9	1.56488
239	1.5655
239.1	1.56603
239.2	1.56679
239.3	1.56747
239.4	1.56802
239.5	1.56882
239.6	1.56958
239.7	1.57037
239.8	1.57073
239.9	1.57147
240	1.57207
240.1	1.57279
240.2	1.57366
240.3	1.57402
240.4	1.57425
240.5	1.57472
240.6	1.57551
240.7	1.57635
240.8	1.57675
240.9	1.57738
241	1.57826
241.1	1.57894
241.2	1.57947
241.3	1.57977
241.4	1.57997
241.5	1.58042
241.6	1.58078
241.7	1.58094
241.8	1.58125
241.9	1.58181
242	1.58229
242.1	1.58284
242.2	1.58369
242.3	1.58397
242.4	1.58447
242.5	1.58492
242.6	1.58522
242.7	1.58592
242.8	1.58613
242.9	1.58659
243	1.58719
243.1	1.58734
243.2	1.58751
243.3	1.58774
243.4	1.58787
243.5	1.58808
243.6	1.58843
243.7	1.589
243.8	1.58971
243.9	1.59021
244	1.59083
244.1	1.59141
244.2	1.59221
244.3	1.59278
244.4	1.59337
244.5	1.59455
244.6	1.59567
244.7	1.59617
244.8	1.59634
244.9	1.5964
245	1.59655
245.1	1.59687
245.2	1.59705
245.3	1.59714
245.4	1.59748
245.5	1.59762
245.6	1.5978
245.7	1.59831
245.8	1.5992
245.9	1.59972
246	1.60014
246.1	1.60078
246.2	1.60154
246.3	1.60204
246.4	1.60228
246.5	1.60274
246.6	1.60393
246.7	1.60446
246.8	1.60566
246.9	1.60653
247	1.607
247.1	1.6074
247.2	1.60783
247.3	1.60822
247.4	1.60873
247.5	1.60969
247.6	1.61081
247.7	1.6119
247.8	1.61308
247.9	1.61461
248	1.61564
248.1	1.6162
248.2	1.61632
248.3	1.61649
248.4	1.617
248.5	1.61772
248.6	1.61831
248.7	1.61877
248.8	1.61922
248.9	1.62014
249	1.62051
249.1	1.62123
249.2	1.62152
249.3	1.6218
249.4	1.62221
249.5	1.62311
249.6	1.62419
249.7	1.62481
249.8	1.62551
249.9	1.62603
250	1.62643
250.1	1.62675
250.2	1.62693
250.3	1.62698
250.4	1.62728
250.5	1.62781
250.6	1.62799
250.7	1.62831
250.8	1.62902
250.9	1.62962
251	1.63009
251.1	1.63073
251.2	1.63125
251.3	1.63135
251.4	1.63167
251.5	1.63208
251.6	1.63285
251.7	1.63354
251.8	1.634
251.9	1.63435
252	1.63463
252.1	1.63467
252.2	1.63519
252.3	1.63559
252.4	1.63618
252.5	1.63718
252.6	1.638
252.7	1.63865
252.8	1.63913
252.9	1.63974
253	1.64018
253.1	1.64068
253.2	1.64129
253.3	1.64183
253.4	1.6425
253.5	1.64318
253.6	1.64332
253.7	1.64406
253.8	1.64483
253.9	1.64548
254	1.64592
254.1	1.64632
254.2	1.6472
254.3	1.64805
254.4	1.64839
254.5	1.64892
254.6	1.64942
254.7	1.64999
254.8	1.65043
254.9	1.65095
255	1.65144
255.1	1.65196
255.2	1.65234
255.3	1.65279
255.4	1.65318
255.5	1.65339
255.6	1.65373
255.7	1.65405
255.8	1.65454
255.9	1.65564
256	1.65629
256.1	1.6571
256.2	1.65802
256.3	1.65857
256.4	1.65932
256.5	1.66007
256.6	1.66105
256.7	1.66179
256.8	1.66246
256.9	1.66338
257	1.66449
257.1	1.66548
257.2	1.66671
257.3	1.66802
257.4	1.66924
257.5	1.67027
257.6	1.6712
257.7	1.67162
257.8	1.67183
257.9	1.67196
258	1.67261
258.1	1.67305
258.2	1.67347
258.3	1.67405
258.4	1.67429
258.5	1.6744
258.6	1.67456
258.7	1.67469
258.8	1.67492
258.9	1.67527
259	1.6755
259.1	1.6759
259.2	1.67654
259.3	1.67674
259.4	1.67747
259.5	1.67787
259.6	1.67834
259.7	1.67895
259.8	1.67987
259.9	1.68027
260	1.68074
260.1	1.68127
260.2	1.68163
260.3	1.68202
260.4	1.68244
260.5	1.68263
260.6	1.68294
260.7	1.6833
260.8	1.68344
260.9	1.68357
261	1.68363
261.1	1.68408
261.2	1.68487
261.3	1.68577
261.4	1.68658
261.5	1.68712
261.6	1.68749
261.7	1.68806
261.8	1.6884
261.9	1.6885
262	1.6887
262.1	1.68912
262.2	1.6895
262.3	1.69032
262.4	1.691
262.5	1.6919
262.6	1.69265
262.7	1.69363
262.8	1.69465
262.9	1.69558
263	1.69617
263.1	1.69664
263.2	1.69701
263.3	1.69747
263.4	1.69846
263.5	1.69906
263.6	1.69965
263.7	1.70047
263.8	1.70159
263.9	1.70203
264	1.70233
264.1	1.70273
264.2	1.70288
264.3	1.70343
264.4	1.70443
264.5	1.705
264.6	1.70511
264.7	1.70569
264.8	1.70598
264.9	1.70661
265	1.70744
265.1	1.70778
265.2	1.70874
265.3	1.70958
265.4	1.71052
265.5	1.71145
265.6	1.71253
265.7	1.7134
265.8	1.71411
265.9	1.71462
266	1.71536
266.1	1.71639
266.2	1.71746
266.3	1.71802
266.4	1.71871
266.5	1.71945
266.6	1.72063
266.7	1.72164
266.8	1.72292
266.9	1.72401
267	1.72524
267.1	1.72663
267.2	1.72809
267.3	1.72914
267.4	1.72991
267.5	1.73075
267.6	1.73172
267.7	1.73254
267.8	1.73346
267.9	1.73426
268	1.73478
268.1	1.73549
268.2	1.73605
268.3	1.73663
268.4	1.73686
268.5	1.7373
268.6	1.73767
268.7	1.73804
268.8	1.73842
268.9	1.73878
269	1.73954
269.1	1.73986
269.2	1.74054
269.3	1.74118
269.4	1.74139
269.5	1.74185
269.6	1.74241
269.7	1.74321
269.8	1.74404
269.9	1.74442
270	1.7447
270.1	1.74497
270.2	1.74561
270.3	1.74606
270.4	1.74645
270.5	1.74708
270.6	1.74738
270.7	1.74759
270.8	1.74799
270.9	1.7482
271	1.74836
271.1	1.74849
271.2	1.74907
271.3	1.74922
271.4	1.74969
271.5	1.75007
271.6	1.75037
271.7	1.75096
271.8	1.75166
271.9	1.75212
272	1.75232
272.1	1.7528
272.2	1.75308
272.3	1.75361
272.4	1.75432
272.5	1.75463
272.6	1.7547
272.7	1.75498
272.8	1.75545
272.9	1.75576
273	1.75638
273.1	1.75694
273.2	1.75757
273.3	1.75798
273.4	1.75826
273.5	1.75907
273.6	1.75945
273.7	1.75994
273.8	1.76032
273.9	1.76068
274	1.7609
274.1	1.76108
274.2	1.7619
274.3	1.76238
274.4	1.76279
274.5	1.76323
274.6	1.76364
274.7	1.76425
274.8	1.7648
274.9	1.76514
275	1.76552
275.1	1.7658
275.2	1.76619
275.3	1.76687
275.4	1.76741
275.5	1.76802
275.6	1.76869
275.7	1.76912
275.8	1.76952
275.9	1.76963
276	1.76989
276.1	1.77051
276.2	1.77088
276.3	1.77141
276.4	1.77191
276.5	1.77243
276.6	1.77296
276.7	1.7731
276.8	1.77343
276.9	1.77361
277	1.7742
277.1	1.77517
277.2	1.7766
277.3	1.77756
277.4	1.77868
277.5	1.77929
277.6	1.78033
277.7	1.78087
277.8	1.78177
277.9	1.78274
278	1.78402
278.1	1.78491
278.2	1.7858
278.3	1.78697
278.4	1.78776
278.5	1.78865
278.6	1.7895
278.7	1.79056
278.8	1.79095
278.9	1.79182
279	1.79297
279.1	1.79338
279.2	1.79355
279.3	1.79364
279.4	1.7938
279.5	1.79411
279.6	1.79423
279.7	1.79468
279.8	1.79527
279.9	1.79593
280	1.79652
280.1	1.79708
280.2	1.79771
280.3	1.79798
280.4	1.79851
280.5	1.79923
280.6	1.79962
280.7	1.79986
280.8	1.8004
280.9	1.80093
281	1.8016
281.1	1.8021
281.2	1.80263
281.3	1.80297
281.4	1.80358
281.5	1.80368
281.6	1.80403
281.7	1.80443
281.8	1.80457
281.9	1.80487
282	1.80519
282.1	1.80547
282.2	1.80577
282.3	1.80605
282.4	1.80689
282.5	1.80763
282.6	1.80784
282.7	1.80805
282.8	1.80856
282.9	1.80882
283	1.80897
283.1	1.80958
283.2	1.81023
283.3	1.81101
283.4	1.81167
283.5	1.81264
283.6	1.8135
283.7	1.81416
283.8	1.81488
283.9	1.81563
284	1.81602
284.1	1.81614
284.2	1.81644
284.3	1.81693
284.4	1.81724
284.5	1.81757
284.6	1.81818
284.7	1.81891
284.8	1.81972
284.9	1.82027
285	1.82103
285.1	1.82157
285.2	1.82196
285.3	1.82215
285.4	1.82249
285.5	1.82274
285.6	1.82328
285.7	1.82345
285.8	1.82406
285.9	1.82424
286	1.82443
286.1	1.82518
286.2	1.82549
286.3	1.82566
286.4	1.8259
286.5	1.82622
286.6	1.82652
286.7	1.82681
286.8	1.82732
286.9	1.82768
287	1.82804
287.1	1.82841
287.2	1.82858
287.3	1.8289
287.4	1.82946
287.5	1.82995
287.6	1.83048
287.7	1.83115
287.8	1.83194
287.9	1.83252
288	1.83322
288.1	1.83371
288.2	1.83418
288.3	1.83439
288.4	1.83478
288.5	1.83545
288.6	1.83628
288.7	1.83732
288.8	1.83817
288.9	1.83838
289	1.83864
289.1	1.83903
289.2	1.83928
289.3	1.83964
289.4	1.84006
289.5	1.84064
289.6	1.84086
289.7	1.84155
289.8	1.84213
289.9	1.84301
290	1.84398
290.1	1.845
290.2	1.8457
290.3	1.8461
290.4	1.84646
290.5	1.84683
290.6	1.84689
290.7	1.84718
290.8	1.84729
290.9	1.84749
291	1.84799
291.1	1.8486
291.2	1.84914
291.3	1.84972
291.4	1.85056
291.5	1.85157
291.6	1.85277
291.7	1.85367
291.8	1.85458
291.9	1.85507
292	1.85535
292.1	1.85544
292.2	1.85563
292.3	1.8561
292.4	1.85644
292.5	1.85695
292.6	1.85734
292.7	1.85761
292.8	1.85776
292.9	1.85832
293	1.85849
293.1	1.85885
293.2	1.85927
293.3	1.85966
293.4	1.86009
293.5	1.8603
293.6	1.86044
293.7	1.86086
293.8	1.86099
293.9	1.86124
294	1.8614
294.1	1.86199
294.2	1.86269
294.3	1.86339
294.4	1.86396
294.5	1.86421
294.6	1.86452
294.7	1.86491
294.8	1.86566
294.9	1.86662
295	1.86765
295.1	1.8684
295.2	1.86989
295.3	1.87133
295.4	1.87228
295.5	1.87323
295.6	1.87397
295.7	1.87437
295.8	1.87473
295.9	1.87515
296	1.87576
296.1	1.87626
296.2	1.877
296.3	1.87767
296.4	1.87806
296.5	1.87826
296.6	1.87841
296.7	1.87893
296.8	1.87967
296.9	1.88057
297	1.881
297.1	1.88148
297.2	1.8818
297.3	1.88214
297.4	1.88293
297.5	1.88328
297.6	1.88395
297.7	1.8848
297.8	1.8855
297.9	1.8863
298	1.88691
298.1	1.88757
298.2	1.88885
298.3	1.88983
298.4	1.89093
298.5	1.89145
298.6	1.8923
298.7	1.89327
298.8	1.89436
298.9	1.89515
299	1.89594
299.1	1.89611
299.2	1.89642
299.3	1.89697
299.4	1.89733
299.5	1.89774
299.6	1.89816
299.7	1.89863
299.8	1.8994
299.9	1.9
300	1.90092
300.1	1.90127
300.2	1.90171
300.3	1.90275
300.4	1.90333
300.5	1.90386
300.6	1.90432
300.7	1.90488
300.8	1.90562
300.9	1.90638
301	1.90706
301.1	1.90763
301.2	1.90821
301.3	1.90857
301.4	1.90896
301.5	1.90922
301.6	1.90959
301.7	1.90999
301.8	1.91032
301.9	1.91089
302	1.91131
302.1	1.912
302.2	1.9129
302.3	1.91385
302.4	1.91494
302.5	1.91651
302.6	1.91754
302.7	1.91812
302.8	1.91822
302.9	1.91877
303	1.91952
303.1	1.92011
303.2	1.92075
303.3	1.92095
303.4	1.921
303.5	1.92117
303.6	1.92174
303.7	1.92224
303.8	1.92307
303.9	1.92348
304	1.92451
304.1	1.92536
304.2	1.92572
304.3	1.92605
304.4	1.92651
304.5	1.9268
304.6	1.92735
304.7	1.9277
304.8	1.92816
304.9	1.92841
305	1.92873
305.1	1.92914
305.2	1.92945
305.3	1.92961
305.4	1.93031
305.5	1.93039
305.6	1.93071
305.7	1.93079
305.8	1.93097
305.9	1.93123
306	1.93181
306.1	1.93241
306.2	1.93253
306.3	1.9326
306.4	1.93324
306.5	1.93389
306.6	1.93452
306.7	1.93549
306.8	1.93619
306.9	1.93653
307	1.93663
307.1	1.93669
307.2	1.93709
307.3	1.93727
307.4	1.93754
307.5	1.93788
307.6	1.93815
307.7	1.93867
307.8	1.93929
307.9	1.94053
308	1.94179
308.1	1.94286
308.2	1.94379
308.3	1.94464
308.4	1.94559
308.5	1.94683
308.6	1.94773
308.7	1.94839
308.8	1.94879
308.9	1.94942
309	1.94989
309.1	1.95065
309.2	1.95149
309.3	1.95217
309.4	1.95289
309.5	1.95342
309.6	1.95398
309.7	1.95455
309.8	1.95481
309.9	1.95532
310	1.95575
310.1	1.95597
310.2	1.95673
310.3	1.95725
310.4	1.95796
310.5	1.95873
310.6	1.959
310.7	1.95963
310.8	1.96039
310.9	1.96088
311	1.96153
311.1	1.96197
311.2	1.96264
311.3	1.96324
311.4	1.96375
311.5	1.96397
311.6	1.96414
311.7	1.96462
311.8	1.96513
311.9	1.96598
312	1.96672
312.1	1.96755
312.2	1.96834
312.3	1.969
312.4	1.96962
312.5	1.97021
312.6	1.97079
312.7	1.9715
312.8	1.97218
312.9	1.97313
313	1.97452
313.1	1.97597
313.2	1.97715
313.3	1.97815
313.4	1.9787
313.5	1.97937
313.6	1.97973
313.7	1.9798
313.8	1.98034
313.9	1.98098
314	1.98118
314.1	1.98124
314.2	1.98145
314.3	1.98157
314.4	1.98197
314.5	1.98247
314.6	1.98344
314.7	1.98454
314.8	1.98565
314.9	1.98667
315	1.98757
315.1	1.98822
315.2	1.98854
315.3	1.98929
315.4	1.99023
315.5	1.99111
315.6	1.99177
315.7	1.99308
315.8	1.99447
315.9	1.99507
316	1.99525
316.1	1.99533
316.2	1.99544
316.3	1.99592
316.4	1.9967
316.5	1.99696
316.6	1.99717
316.7	1.99811
316.8	1.99891
316.9	1.99971
317	2.00025
317.1	2.00107
317.2	2.00212
317.3	2.0026
317.4	2.00301
317.5	2.00338
317.6	2.00391
317.7	2.00451
317.8	2.00511
317.9	2.00576
318	2.00636
318.1	2.00661
318.2	2.00696
318.3	2.007
318.4	2.00744
318.5	2.00785
318.6	2.00822
318.7	2.00887
318.8	2.00995
318.9	2.01004
319	2.01025
319.1	2.01046
319.2	2.01093
319.3	2.01132
319.4	2.01205
319.5	2.01299
319.6	2.01355
319.7	2.01435
319.8	2.0151
319.9	2.0159
320	2.01671
320.1	2.01749
320.2	2.01831
320.3	2.01949
320.4	2.02037
320.5	2.02049
320.6	2.02066
320.7	2.02096
320.8	2.02111
320.9	2.02131
321	2.02199
321.1	2.02226
321.2	2.02275
321.3	2.02296
321.4	2.02317
321.5	2.02374
321.6	2.02391
321.7	2.02447
321.8	2.02461
321.9	2.02471
322	2.02475
322.1	2.02514
322.2	2.02594
322.3	2.02701
322.4	2.02782
322.5	2.02833
322.6	2.02884
322.7	2.0296
322.8	2.03056
322.9	2.03091
323	2.03126
323.1	2.03185
323.2	2.0321
323.3	2.03232
323.4	2.03293
323.5	2.03376
323.6	2.03392
323.7	2.03406
323.8	2.03435
323.9	2.03466
324	2.03576
324.1	2.03666
324.2	2.03773
324.3	2.03869
324.4	2.03956
324.5	2.04026
324.6	2.04077
324.7	2.04107
324.8	2.04159
324.9	2.04195
325	2.04265
325.1	2.04335
325.2	2.04409
325.3	2.04512
325.4	2.04591
325.5	2.04619
325.6	2.04641
325.7	2.04743
325.8	2.04784
325.9	2.04876
326	2.04924
326.1	2.05
326.2	2.05061
326.3	2.05141
326.4	2.05222
326.5	2.0527
326.6	2.05339
326.7	2.05434
326.8	2.05516
326.9	2.05607
327	2.05698
327.1	2.05757
327.2	2.05829
327.3	2.05892
327.4	2.05988
327.5	2.0606
327.6	2.06182
327.7	2.06278
327.8	2.06404
327.9	2.06517
328	2.06641
328.1	2.06705
328.2	2.06802
328.3	2.06858
328.4	2.06882
328.5	2.06961
328.6	2.07066
328.7	2.07147
328.8	2.07228
328.9	2.07305
329	2.07357
329.1	2.07391
329.2	2.07405
329.3	2.07414
329.4	2.07473
329.5	2.07536
329.6	2.07572
329.7	2.07618
329.8	2.0768
329.9	2.07736
330	2.07782
330.1	2.07798
330.2	2.07859
330.3	2.07896
330.4	2.07959
330.5	2.08007
330.6	2.08053
330.7	2.0811
330.8	2.0817
330.9	2.08207
331	2.08226
331.1	2.08269
331.2	2.08303
331.3	2.08332
331.4	2.08379
331.5	2.08428
331.6	2.08465
331.7	2.08484
331.8	2.08502
331.9	2.08528
332	2.08545
332.1	2.0857
332.2	2.08651
332.3	2.08735
332.4	2.08847
332.5	2.08995
332.6	2.09119
332.7	2.0921
332.8	2.09281
332.9	2.09334
333	2.09373
333.1	2.09434
333.2	2.0949
333.3	2.09536
333.4	2.09614
333.5	2.09705
333.6	2.09814
333.7	2.09919
333.8	2.10027
333.9	2.10094
334	2.10221
334.1	2.10359
334.2	2.10492
334.3	2.10528
334.4	2.10569
334.5	2.10601
334.6	2.10618
334.7	2.10669
334.8	2.10687
334.9	2.10726
335	2.10772
335.1	2.10803
335.2	2.10839
335.3	2.10849
335.4	2.10897
335.5	2.10952
335.6	2.10988
335.7	2.11011
335.8	2.11037
335.9	2.11052
336	2.11116
336.1	2.11177
336.2	2.1125
336.3	2.11299
336.4	2.11331
336.5	2.11378
336.6	2.11427
336.7	2.11473
336.8	2.1151
336.9	2.11533
337	2.11591
337.1	2.1165
337.2	2.11683
337.3	2.117
337.4	2.11728
337.5	2.11808
337.6	2.11908
337.7	2.11918
337.8	2.11964
337.9	2.11983
338	2.12035
338.1	2.12051
338.2	2.12086
338.3	2.12122
338.4	2.12165
338.5	2.12211
338.6	2.12259
338.7	2.12313
338.8	2.12393
338.9	2.1242
339	2.12455
339.1	2.12471
339.2	2.12486
339.3	2.12517
339.4	2.1257
339.5	2.12672
339.6	2.12788
339.7	2.12861
339.8	2.12877
339.9	2.12912
340	2.12919
340.1	2.12953
340.2	2.13025
340.3	2.13116
340.4	2.13178
340.5	2.13242
340.6	2.13289
340.7	2.1333
340.8	2.13364
340.9	2.13394
341	2.13432
341.1	2.13471
341.2	2.13522
341.3	2.13565
341.4	2.13599
341.5	2.13625
341.6	2.13695
341.7	2.13751
341.8	2.1378
341.9	2.13803
342	2.13812
342.1	2.13832
342.2	2.13873
342.3	2.13921
342.4	2.13951
342.5	2.14013
342.6	2.14065
342.7	2.14145
342.8	2.14193
342.9	2.14271
343	2.14363
343.1	2.14469
343.2	2.14569
343.3	2.14634
343.4	2.14718
343.5	2.14831
343.6	2.14929
343.7	2.15021
343.8	2.15087
343.9	2.15184
344	2.15309
344.1	2.15369
344.2	2.15383
344.3	2.1542
344.4	2.15458
344.5	2.15499
344.6	2.15573
344.7	2.15627
344.8	2.15658
344.9	2.15728
345	2.15763
345.1	2.15778
345.2	2.15799
345.3	2.15817
345.4	2.15833
345.5	2.15857
345.6	2.159
345.7	2.15947
345.8	2.15995
345.9	2.16086
346	2.16171
346.1	2.1623
346.2	2.16309
346.3	2.16382
346.4	2.16391
346.5	2.16454
346.6	2.16477
346.7	2.16511
346.8	2.16577
346.9	2.16613
347	2.16652
347.1	2.16702
347.2	2.16764
347.3	2.16843
347.4	2.16883
347.5	2.16911
347.6	2.16946
347.7	2.17023
347.8	2.17089
347.9	2.17165
348	2.17226
348.1	2.17272
348.2	2.17318
348.3	2.17387
348.4	2.17446
348.5	2.17533
348.6	2.17631
348.7	2.17739
348.8	2.17825
348.9	2.17883
349	2.17946
349.1	2.17995
349.2	2.18086
349.3	2.18213
349.4	2.18324
349.5	2.18425
349.6	2.18513
349.7	2.18519
349.8	2.18528
349.9	2.18575
350	2.18619
350.1	2.18701
350.2	2.18768
350.3	2.18824
350.4	2.18879
350.5	2.18926
350.6	2.18942
350.7	2.18963
350.8	2.18985
350.9	2.19002
351	2.19041
351.1	2.19084
351.2	2.19119
351.3	2.19163
351.4	2.19198
351.5	2.19234
351.6	2.19254
351.7	2.19284
351.8	2.19342
351.9	2.1937
352	2.19397
352.1	2.1942
352.2	2.19461
352.3	2.19506
352.4	2.19551
352.5	2.19608
352.6	2.19672
352.7	2.19753
352.8	2.19871
352.9	2.19981
353	2.20006
353.1	2.20043
353.2	2.20112
353.3	2.20153
353.4	2.20243
353.5	2.203
353.6	2.20308
353.7	2.20326
353.8	2.20398
353.9	2.20451
354	2.20472
354.1	2.20555
354.2	2.20572
354.3	2.20617
354.4	2.20644
354.5	2.20647
354.6	2.20707
354.7	2.20779
354.8	2.20865
354.9	2.20933
355	2.20994
355.1	2.21047
355.2	2.21059
355.3	2.21091
355.4	2.21184
355.5	2.2125
355.6	2.21327
355.7	2.21379
355.8	2.2149
355.9	2.21592
356	2.21701
356.1	2.2179
356.2	2.21868
356.3	2.21897
356.4	2.21961
356.5	2.2205
356.6	2.22152
356.7	2.22188
356.8	2.22223
356.9	2.22236
357	2.22259
357.1	2.22262
357.2	2.22292
357.3	2.22324
357.4	2.22379
357.5	2.22402
357.6	2.2245
357.7	2.22476
357.8	2.22506
357.9	2.22547
358	2.2259
358.1	2.22652
358.2	2.22675
358.3	2.22733
358.4	2.22778
358.5	2.22826
358.6	2.22914
358.7	2.2303
358.8	2.23172
358.9	2.23263
359	2.23361
359.1	2.2338
359.2	2.23452
359.3	2.2353
359.4	2.236
359.5	2.23616
359.6	2.23652
359.7	2.23692
359.8	2.23763
359.9	2.23828
360	2.23836
360.1	2.23863
360.2	2.23894
360.3	2.23941
360.4	2.23995
360.5	2.2406
360.6	2.24136
360.7	2.24229
360.8	2.24284
360.9	2.24331
361	2.24387
361.1	2.24443
361.2	2.24529
361.3	2.24624
361.4	2.24735
361.5	2.2488
361.6	2.25027
361.7	2.25173
361.8	2.25268
361.9	2.25343
362	2.25437
362.1	2.25514
362.2	2.25618
362.3	2.25662
362.4	2.25739
362.5	2.25798
362.6	2.25814
362.7	2.25834
362.8	2.25849
362.9	2.25879
363	2.25909
363.1	2.25933
363.2	2.25961
363.3	2.25975
363.4	2.26003
363.5	2.26074
363.6	2.26132
363.7	2.26221
363.8	2.26303
363.9	2.2637
364	2.26435
364.1	2.26512
364.2	2.26584
364.3	2.26647
364.4	2.26676
364.5	2.26708
364.6	2.26744
364.7	2.2676
364.8	2.26802
364.9	2.26834
365	2.26874
365.1	2.269
365.2	2.26916
365.3	2.26926
365.4	2.26987
365.5	2.27063
365.6	2.27106
365.7	2.27178
365.8	2.27277
365.9	2.27317
366	2.27394
366.1	2.27443
366.2	2.27456
366.3	2.27468
366.4	2.27522
366.5	2.2761
366.6	2.27709
366.7	2.27776
366.8	2.2787
366.9	2.27945
367	2.28065
367.1	2.28139
367.2	2.28198
367.3	2.28239
367.4	2.28246
367.5	2.28272
367.6	2.28316
367.7	2.28367
367.8	2.28389
367.9	2.28413
368	2.28427
368.1	2.28448
368.2	2.28475
368.3	2.28553
368.4	2.28647
368.5	2.28715
368.6	2.28795
368.7	2.28859
368.8	2.28958
368.9	2.2906
369	2.2917
369.1	2.29284
369.2	2.29405
369.3	2.29501
369.4	2.29582
369.5	2.29667
369.6	2.29753
369.7	2.2983
369.8	2.29893
369.9	2.29983
370	2.3003
370.1	2.30033
370.2	2.30045
370.3	2.30071
370.4	2.30083
370.5	2.30109
370.6	2.30141
370.7	2.30233
370.8	2.30278
370.9	2.30306
371	2.30332
371.1	2.30429
371.2	2.30517
371.3	2.30579
371.4	2.30633
371.5	2.30655
371.6	2.30699
371.7	2.30725
371.8	2.30737
371.9	2.30772
372	2.30809
372.1	2.30851
372.2	2.30906
372.3	2.30926
372.4	2.30954
372.5	2.30999
372.6	2.31044
372.7	2.31083
372.8	2.31119
372.9	2.31181
373	2.31254
373.1	2.3137
373.2	2.31494
373.3	2.31601
373.4	2.31706
373.5	2.31773
373.6	2.31809
373.7	2.31838
373.8	2.31866
373.9	2.31908
374	2.31946
374.1	2.31982
374.2	2.32001
374.3	2.32067
374.4	2.32114
374.5	2.32172
374.6	2.32204
374.7	2.32242
374.8	2.32367
374.9	2.32423
375	2.32457
375.1	2.32527
375.2	2.3263
375.3	2.32711
375.4	2.32798
375.5	2.32865
375.6	2.32928
375.7	2.33014
375.8	2.33111
375.9	2.33217
376	2.33294
376.1	2.33349
376.2	2.33396
376.3	2.33412
376.4	2.33459
376.5	2.33547
376.6	2.33611
376.7	2.33665
376.8	2.33701
376.9	2.33748
377	2.33798
377.1	2.33881
377.2	2.33965
377.3	2.34023
377.4	2.34076
377.5	2.3416
377.6	2.34226
377.7	2.34298
377.8	2.34317
377.9	2.34353
378	2.34419
378.1	2.34448
378.2	2.34486
378.3	2.34525
378.4	2.34616
378.5	2.34749
378.6	2.34879
378.7	2.34976
378.8	2.35036
378.9	2.35102
379	2.35177
379.1	2.35285
379.2	2.35406
379.3	2.35518
379.4	2.35581
379.5	2.35604
379.6	2.35675
379.7	2.35684
379.8	2.35704
379.9	2.3579
380	2.35844
380.1	2.35892
380.2	2.35923
380.3	2.35946
380.4	2.35985
380.5	2.36005
380.6	2.36052
380.7	2.36106
380.8	2.36189
380.9	2.36297
381	2.36355
381.1	2.36392
381.2	2.36456
381.3	2.36464
381.4	2.36504
381.5	2.36545
381.6	2.36591
381.7	2.36667
381.8	2.36716
381.9	2.3678
382	2.36801
382.1	2.36877
382.2	2.36937
382.3	2.37016
382.4	2.3706
382.5	2.37084
382.6	2.37115
382.7	2.37152
382.8	2.37187
382.9	2.37221
383	2.3726
383.1	2.37302
383.2	2.37405
383.3	2.37502
383.4	2.37595
383.5	2.3766
383.6	2.37731
383.7	2.37802
383.8	2.37843
383.9	2.37913
384	2.37966
384.1	2.38029
384.2	2.38136
384.3	2.38261
384.4	2.38365
384.5	2.38441
384.6	2.38522
384.7	2.38607
384.8	2.38697
384.9	2.38776
385	2.38874
385.1	2.38954
385.2	2.39035
385.3	2.39105
385.4	2.3916
385.5	2.39202
385.6	2.39259
385.7	2.39279
385.8	2.39302
385.9	2.39362
386	2.39422
386.1	2.39483
386.2	2.39561
386.3	2.39582
386.4	2.39647
386.5	2.39715
386.6	2.39725
386.7	2.39773
386.8	2.39859
386.9	2.39924
387	2.39988
387.1	2.40046
387.2	2.40125
387.3	2.4018
387.4	2.40189
387.5	2.40205
387.6	2.40261
387.7	2.4032
387.8	2.40354
387.9	2.40379
388	2.40463
388.1	2.40555
388.2	2.40638
388.3	2.40697
388.4	2.40753
388.5	2.40835
388.6	2.40869
388.7	2.40913
388.8	2.40986
388.9	2.41059
389	2.41149
389.1	2.41234
389.2	2.41322
389.3	2.41385
389.4	2.41435
389.5	2.4145
389.6	2.41454
389.7	2.41463
389.8	2.41476
389.9	2.41512
390	2.41539
390.1	2.41558
390.2	2.41593
390.3	2.4164
390.4	2.41698
390.5	2.41776
390.6	2.41844
390.7	2.41914
390.8	2.42004
390.9	2.42071
391	2.42101
391.1	2.42167
391.2	2.42234
391.3	2.42267
391.4	2.42275
391.5	2.42312
391.6	2.42334
391.7	2.42387
391.8	2.42442
391.9	2.42495
392	2.42552
392.1	2.42596
392.2	2.4261
392.3	2.42633
392.4	2.42653
392.5	2.42674
392.6	2.42708
392.7	2.42792
392.8	2.42887
392.9	2.4297
393	2.43051
393.1	2.43105
393.2	2.43152
393.3	2.43176
393.4	2.43236
393.5	2.43259
393.6	2.43296
393.7	2.43357
393.8	2.43423
393.9	2.43486
394	2.43573
394.1	2.43596
394.2	2.43612
394.3	2.43667
394.4	2.43732
394.5	2.4381
394.6	2.43876
394.7	2.43918
394.8	2.44005
394.9	2.44087
395	2.44155
395.1	2.44195
395.2	2.44208
395.3	2.44264
395.4	2.443
395.5	2.44327
395.6	2.4435
395.7	2.44372
395.8	2.44396
395.9	2.44432
396	2.44482
396.1	2.44536
396.2	2.44543
396.3	2.44578
396.4	2.44639
396.5	2.44707
396.6	2.44756
396.7	2.44807
396.8	2.44869
396.9	2.44935
397	2.45008
397.1	2.4506
397.2	2.45117
397.3	2.45194
397.4	2.45199
397.5	2.45248
397.6	2.45305
397.7	2.45371
397.8	2.4547
397.9	2.45572
398	2.45633
398.1	2.45683
398.2	2.45727
398.3	2.45755
398.4	2.4578
398.5	2.45803
398.6	2.45849
398.7	2.45894
398.8	2.45946
398.9	2.45999
399	2.46067
399.1	2.4616
399.2	2.462
399.3	2.46232
399.4	2.46251
399.5	2.46287
399.6	2.46304
399.7	2.46373
399.8	2.46426
399.9	2.46459
400	2.465
400.1	2.46535
400.2	2.46575
400.3	2.46614
400.4	2.46675
400.5	2.46736
400.6	2.46814
400.7	2.46846
400.8	2.46908
400.9	2.46959
401	2.4703
401.1	2.47139
401.2	2.47193
401.3	2.47257
401.4	2.47294
401.5	2.47347
401.6	2.4738
401.7	2.47404
401.8	2.47437
401.9	2.47468
402	2.47494
402.1	2.4752
402.2	2.47583
402.3	2.47626
402.4	2.47675
402.5	2.4774
402.6	2.47834
402.7	2.47914
402.8	2.47973
402.9	2.48001
403	2.48054
403.1	2.48092
403.2	2.48134
403.3	2.48188
403.4	2.48235
403.5	2.48272
403.6	2.48316
403.7	2.48413
403.8	2.48479
403.9	2.48549
404	2.48636
404.1	2.48718
404.2	2.48774
404.3	2.48811
404.4	2.48866
404.5	2.48896
404.6	2.48905
404.7	2.48915
404.8	2.48929
404.9	2.48951
405	2.49038
405.1	2.49113
405.2	2.49145
405.3	2.49205
405.4	2.49285
405.5	2.49399
405.6	2.49534
405.7	2.49655
405.8	2.49776
405.9	2.49885
406	2.49997
406.1	2.50087
406.2	2.50184
406.3	2.50251
406.4	2.5034
406.5	2.50412
406.6	2.50484
406.7	2.50562
406.8	2.50642
406.9	2.50704
407	2.50845
407.1	2.50922
407.2	2.50997
407.3	2.51012
407.4	2.51058
407.5	2.5111
407.6	2.51173
407.7	2.51244
407.8	2.51333
407.9	2.51404
408	2.51493
408.1	2.51511
408.2	2.51531
408.3	2.51542
408.4	2.51585
408.5	2.51619
408.6	2.51672
408.7	2.51703
408.8	2.51742
408.9	2.51753
409	2.51767
409.1	2.51841
409.2	2.5194
409.3	2.52034
409.4	2.52127
409.5	2.52232
409.6	2.52306
409.7	2.52354
409.8	2.52395
409.9	2.52411
410	2.52454
410.1	2.52478
410.2	2.52534
410.3	2.52558
410.4	2.52577
410.5	2.52616
410.6	2.52627
410.7	2.52662
410.8	2.52678
410.9	2.52724
411	2.52767
411.1	2.52834
411.2	2.52923
411.3	2.53011
411.4	2.53145
411.5	2.53237
411.6	2.53316
411.7	2.53426
411.8	2.53562
411.9	2.53616
412	2.53629
412.1	2.53663
412.2	2.53681
412.3	2.53747
412.4	2.5382
412.5	2.539
412.6	2.53914
412.7	2.53933
412.8	2.53984
412.9	2.54075
413	2.54172
413.1	2.54228
413.2	2.54271
413.3	2.54296
413.4	2.54322
413.5	2.54344
413.6	2.54348
413.7	2.54399
413.8	2.54471
413.9	2.54532
414	2.54565
414.1	2.5459
414.2	2.54635
414.3	2.54675
414.4	2.54712
414.5	2.5477
414.6	2.54865
414.7	2.54947
414.8	2.55063
414.9	2.55132
415	2.55184
415.1	2.55218
415.2	2.55242
415.3	2.55262
415.4	2.55342
415.5	2.5544
415.6	2.55537
415.7	2.55636
415.8	2.55736
415.9	2.558
416	2.55875
416.1	2.55913
416.2	2.55946
416.3	2.55999
416.4	2.56033
416.5	2.56093
416.6	2.56138
416.7	2.56184
416.8	2.56238
416.9	2.56286
417	2.56373
417.1	2.56449
417.2	2.5653
417.3	2.56553
417.4	2.56576
417.5	2.56586
417.6	2.56656
417.7	2.56763
417.8	2.56854
417.9	2.56977
418	2.57084
418.1	2.57145
418.2	2.57224
418.3	2.57266
418.4	2.57315
418.5	2.57379
418.6	2.57435
418.7	2.57515
418.8	2.57581
418.9	2.57634
419	2.57714
419.1	2.57767
419.2	2.57795
419.3	2.5782
419.4	2.57857
419.5	2.57922
419.6	2.58019
419.7	2.58092
419.8	2.58167
419.9	2.58221
420	2.58269
420.1	2.58335
420.2	2.58409
420.3	2.58507
420.4	2.58584
420.5	2.58718
420.6	2.58832
420.7	2.58927
420.8	2.58991
420.9	2.59049
421	2.59106
421.1	2.59154
421.2	2.59159
421.3	2.59182
421.4	2.59239
421.5	2.5925
421.6	2.59264
421.7	2.59325
421.8	2.59401
421.9	2.59429
422	2.59457
422.1	2.59485
422.2	2.5952
422.3	2.59569
422.4	2.59614
422.5	2.59626
422.6	2.59661
422.7	2.59721
422.8	2.59799
422.9	2.59873
423	2.5993
423.1	2.59965
423.2	2.60001
423.3	2.60018
423.4	2.60046
423.5	2.60068
423.6	2.60085
423.7	2.60124
423.8	2.60143
423.9	2.60164
424	2.60194
424.1	2.60234
424.2	2.60294
424.3	2.60302
424.4	2.60323
424.5	2.60368
424.6	2.60429
424.7	2.60526
424.8	2.60593
424.9	2.60653
425	2.60715
425.1	2.60758
425.2	2.60816
425.3	2.60873
425.4	2.60925
425.5	2.61005
425.6	2.61094
425.7	2.61204
425.8	2.61287
425.9	2.61323
426	2.61363
426.1	2.61428
426.2	2.61482
426.3	2.61528
426.4	2.61595
426.5	2.61635
426.6	2.61669
426.7	2.6169
426.8	2.61725
426.9	2.61746
427	2.61773
427.1	2.61824
427.2	2.61909
427.3	2.61969
427.4	2.62017
427.5	2.6206
427.6	2.62075
427.7	2.62113
427.8	2.62136
427.9	2.62146
428	2.62193
428.1	2.6222
428.2	2.62238
428.3	2.62299
428.4	2.62399
428.5	2.62466
428.6	2.62497
428.7	2.6255
428.8	2.62641
428.9	2.6274
429	2.62786
429.1	2.62811
429.2	2.62858
429.3	2.62906
429.4	2.62957
429.5	2.63014
429.6	2.63127
429.7	2.63226
429.8	2.63359
429.9	2.63446
430	2.63561
430.1	2.63632
430.2	2.63684
430.3	2.63725
430.4	2.63794
430.5	2.6389
430.6	2.63991
430.7	2.641
430.8	2.64195
430.9	2.64245
431	2.64296
431.1	2.64329
431.2	2.64344
431.3	2.64379
431.4	2.64437
431.5	2.64494
431.6	2.64557
431.7	2.64598
431.8	2.64653
431.9	2.64738
432	2.64806
432.1	2.6484
432.2	2.6489
432.3	2.64954
432.4	2.65018
432.5	2.65102
432.6	2.6518
432.7	2.65246
432.8	2.65294
432.9	2.65353
433	2.65425
433.1	2.65461
433.2	2.65475
433.3	2.65525
433.4	2.65603
433.5	2.65699
433.6	2.6576
433.7	2.65834
433.8	2.65907
433.9	2.65992
434	2.66067
434.1	2.66147
434.2	2.6625
434.3	2.66323
434.4	2.66418
434.5	2.66472
434.6	2.66565
434.7	2.66648
434.8	2.66749
434.9	2.66856
435	2.66971
435.1	2.67033
435.2	2.67053
435.3	2.67107
435.4	2.67127
435.5	2.67164
435.6	2.6721
435.7	2.67259
435.8	2.67332
435.9	2.67386
436	2.67469
436.1	2.67567
436.2	2.67647
436.3	2.67717
436.4	2.67762
436.5	2.67793
436.6	2.67837
436.7	2.67883
436.8	2.67904
436.9	2.67943
437	2.67989
437.1	2.68045
437.2	2.68072
437.3	2.68106
437.4	2.68158
437.5	2.68231
437.6	2.68339
437.7	2.68399
437.8	2.68422
437.9	2.68463
438	2.68536
438.1	2.68549
438.2	2.68611
438.3	2.68722
438.4	2.68847
438.5	2.68971
438.6	2.69084
438.7	2.69148
438.8	2.69239
438.9	2.69363
439	2.69499
439.1	2.69583
439.2	2.69675
439.3	2.69806
439.4	2.69933
439.5	2.70064
439.6	2.70165
439.7	2.7028
439.8	2.70414
439.9	2.70521
440	2.70623
440.1	2.70737
440.2	2.70861
440.3	2.70907
440.4	2.7094
440.5	2.70954
440.6	2.70999
440.7	2.71018
440.8	2.71072
440.9	2.71105
441	2.71146
441.1	2.71177
441.2	2.71186
441.3	2.71217
441.4	2.71264
441.5	2.71288
441.6	2.71302
441.7	2.71322
441.8	2.71347
441.9	2.71366
442	2.71372
442.1	2.71416
442.2	2.71445
442.3	2.71492
442.4	2.71549
442.5	2.71626
442.6	2.71646
442.7	2.71687
442.8	2.71746
442.9	2.71781
443	2.71809
443.1	2.71858
443.2	2.71934
443.3	2.71984
443.4	2.72113
443.5	2.72251
443.6	2.72346
443.7	2.7242
443.8	2.72454
443.9	2.72507
444	2.72577
444.1	2.72667
444.2	2.72757
444.3	2.72814
444.4	2.72843
444.5	2.7288
444.6	2.7294
444.7	2.73032
444.8	2.73117
444.9	2.73174
445	2.73242
445.1	2.73259
445.2	2.73298
445.3	2.73327
445.4	2.73364
445.5	2.73386
445.6	2.73395
445.7	2.73409
445.8	2.73431
445.9	2.73447
446	2.73485
446.1	2.73587
446.2	2.7364
446.3	2.73708
446.4	2.7378
446.5	2.73863
446.6	2.73931
446.7	2.74009
446.8	2.74074
446.9	2.74157
447	2.7422
447.1	2.74305
447.2	2.74359
447.3	2.74406
447.4	2.74452
447.5	2.74511
447.6	2.7457
447.7	2.74618
447.8	2.74711
447.9	2.74778
448	2.7483
448.1	2.74883
448.2	2.74963
448.3	2.75014
448.4	2.75081
448.5	2.75169
448.6	2.75217
448.7	2.75275
448.8	2.75341
448.9	2.75401
449	2.75542
449.1	2.7568
449.2	2.75764
449.3	2.75815
449.4	2.75844
449.5	2.75884
449.6	2.75934
449.7	2.75991
449.8	2.76079
449.9	2.76155
450	2.76231
450.1	2.76303
450.2	2.76361
450.3	2.76422
450.4	2.76495
450.5	2.76556
450.6	2.76581
450.7	2.76645
450.8	2.76653
450.9	2.76679
451	2.76727
451.1	2.76769
451.2	2.7683
451.3	2.76867
451.4	2.76877
451.5	2.76896
451.6	2.76936
451.7	2.76996
451.8	2.77032
451.9	2.77035
452	2.77062
452.1	2.77125
452.2	2.77219
452.3	2.7727
452.4	2.77299
452.5	2.77302
452.6	2.77354
452.7	2.77425
452.8	2.77505
452.9	2.77633
453	2.77757
453.1	2.77868
453.2	2.7798
453.3	2.78081
453.4	2.78158
453.5	2.78252
453.6	2.78333
453.7	2.78368
453.8	2.78409
453.9	2.78496
454	2.78558
454.1	2.78609
454.2	2.78617
454.3	2.78662
454.4	2.78699
454.5	2.78725
454.6	2.78756
454.7	2.7881
454.8	2.78841
454.9	2.78875
455	2.78886
455.1	2.78925
455.2	2.78984
455.3	2.79045
455.4	2.79123
455.5	2.79229
455.6	2.79301
455.7	2.79416
455.8	2.79511
455.9	2.79547
456	2.79581
456.1	2.79631
456.2	2.79672
456.3	2.79717
456.4	2.79779
456.5	2.79866
456.6	2.79941
456.7	2.79984
456.8	2.8003
456.9	2.80075
457	2.80137
457.1	2.80138
457.2	2.80177
457.3	2.80243
457.4	2.80308
457.5	2.80359
457.6	2.80397
457.7	2.80413
457.8	2.80453
457.9	2.80479
458	2.8049
458.1	2.80524
458.2	2.80539
458.3	2.80578
458.4	2.80622
458.5	2.80654
458.6	2.80659
458.7	2.80705
458.8	2.80736
458.9	2.80788
459	2.80847
459.1	2.80881
459.2	2.80924
459.3	2.80951
459.4	2.80998
459.5	2.81073
459.6	2.81148
459.7	2.8121
459.8	2.81249
459.9	2.81278
460	2.81347
460.1	2.814
460.2	2.81459
460.3	2.81514
460.4	2.81542
460.5	2.81551
460.6	2.81575
460.7	2.81584
460.8	2.81638
460.9	2.81674
461	2.81708
461.1	2.81737
461.2	2.81792
461.3	2.81881
461.4	2.81947
461.5	2.8201
461.6	2.82081
461.7	2.82187
461.8	2.82322
461.9	2.82416
462	2.82496
462.1	2.82575
462.2	2.82675
462.3	2.82756
462.4	2.82813
462.5	2.82869
462.6	2.82947
462.7	2.82997
462.8	2.83042
462.9	2.83079
463	2.83114
463.1	2.83138
463.2	2.83187
463.3	2.8322
463.4	2.83288
463.5	2.83383
463.6	2.83441
463.7	2.83496
463.8	2.83528
463.9	2.83563
464	2.83612
464.1	2.83638
464.2	2.83725
464.3	2.83822
464.4	2.83896
464.5	2.83971
464.6	2.84068
464.7	2.84151
464.8	2.84212
464.9	2.84232
465	2.8427
465.1	2.84315
465.2	2.84408
465.3	2.84516
465.4	2.8459
465.5	2.84704
465.6	2.84783
465.7	2.84817
465.8	2.84845
465.9	2.84903
466	2.84944
466.1	2.84988
466.2	2.8508
466.3	2.85181
466.4	2.85271
466.5	2.8538
466.6	2.85435
466.7	2.85503
466.8	2.85578
466.9	2.85632
467	2.85717
467.1	2.85799
467.2	2.85888
467.3	2.85968
467.4	2.86046
467.5	2.86104
467.6	2.86119
467.7	2.86156
467.8	2.862
467.9	2.86272
468	2.86342
468.1	2.86411
468.2	2.86494
468.3	2.86554
468.4	2.86573
468.5	2.8659
468.6	2.86627
468.7	2.86693
468.8	2.86771
468.9	2.86794
469	2.86811
469.1	2.86835
469.2	2.8692
469.3	2.87015
469.4	2.87106
469.5	2.87205
469.6	2.87266
469.7	2.87312
469.8	2.87359
469.9	2.87396
470	2.87408
470.1	2.87437
470.2	2.87497
470.3	2.8756
470.4	2.87655
470.5	2.87724
470.6	2.87752
470.7	2.87764
470.8	2.87785
470.9	2.87816
471	2.8788
471.1	2.87934
471.2	2.8804
471.3	2.88122
471.4	2.88154
471.5	2.88158
471.6	2.88188
471.7	2.88273
471.8	2.88316
471.9	2.88387
472	2.88442
472.1	2.88497
472.2	2.88507
472.3	2.88546
472.4	2.88615
472.5	2.88714
472.6	2.88792
472.7	2.88854
472.8	2.88891
472.9	2.88951
473	2.89002
473.1	2.89074
473.2	2.89137
473.3	2.89176
473.4	2.89199
473.5	2.89269
473.6	2.8932
473.7	2.894
473.8	2.89506
473.9	2.89601
474	2.89734
474.1	2.89847
474.2	2.89926
474.3	2.89974
474.4	2.90045
474.5	2.90117
474.6	2.90151
474.7	2.90205
474.8	2.90248
474.9	2.90316
475	2.90399
475.1	2.90508
475.2	2.90599
475.3	2.90668
475.4	2.90736
475.5	2.908
475.6	2.90863
475.7	2.90878
475.8	2.90956
475.9	2.91001
476	2.91048
476.1	2.91099
476.2	2.91127
476.3	2.91195
476.4	2.91243
476.5	2.91293
476.6	2.91316
476.7	2.91383
476.8	2.91435
476.9	2.91481
477	2.9153
477.1	2.91592
477.2	2.91639
477.3	2.91675
477.4	2.91699
477.5	2.9175
477.6	2.9182
477.7	2.9186
477.8	2.91892
477.9	2.91968
478	2.92014
478.1	2.9205
478.2	2.92098
478.3	2.9218
478.4	2.92296
478.5	2.92419
478.6	2.92539
478.7	2.926
478.8	2.9269
478.9	2.92805
479	2.92903
479.1	2.9298
479.2	2.93059
479.3	2.93151
479.4	2.93273
479.5	2.93386
479.6	2.93501
479.7	2.9354
479.8	2.93602
479.9	2.93657
480	2.93713
480.1	2.93745
480.2	2.93792
480.3	2.9381
480.4	2.93821
480.5	2.93863
480.6	2.93875
480.7	2.93892
480.8	2.93931
480.9	2.9403
481	2.942
481.1	2.94338
481.2	2.94417
481.3	2.94474
481.4	2.94529
481.5	2.94568
481.6	2.94646
481.7	2.94717
481.8	2.94753
481.9	2.94807
482	2.94894
482.1	2.94906
482.2	2.94943
482.3	2.9496
482.4	2.94982
482.5	2.95041
482.6	2.95104
482.7	2.95118
482.8	2.95132
482.9	2.95149
483	2.95162
483.1	2.95199
483.2	2.95307
483.3	2.95337
483.4	2.95413
483.5	2.95465
483.6	2.95509
483.7	2.95565
483.8	2.95618
483.9	2.95682
484	2.95725
484.1	2.95788
484.2	2.95863
484.3	2.95919
484.4	2.95951
484.5	2.95978
484.6	2.96031
484.7	2.96099
484.8	2.96167
484.9	2.96241
485	2.96286
485.1	2.96326
485.2	2.96394
485.3	2.96459
485.4	2.96512
485.5	2.96596
485.6	2.9673
485.7	2.96893
485.8	2.97032
485.9	2.97164
486	2.97234
486.1	2.97328
486.2	2.97398
486.3	2.97502
486.4	2.97587
486.5	2.97676
486.6	2.9775
486.7	2.97849
486.8	2.97907
486.9	2.9794
487	2.97984
487.1	2.98022
487.2	2.98105
487.3	2.98125
487.4	2.98207
487.5	2.98268
487.6	2.98304
487.7	2.98381
487.8	2.9845
487.9	2.98552
488	2.98695
488.1	2.98755
488.2	2.98794
488.3	2.98854
488.4	2.98874
488.5	2.98908
488.6	2.98963
488.7	2.98993
488.8	2.99
488.9	2.99033
489	2.99109
489.1	2.99191
489.2	2.9926
489.3	2.99338
489.4	2.99422
489.5	2.99503
489.6	2.99586
489.7	2.99669
489.8	2.99746
489.9	2.99789
490	2.99871
490.1	2.99875
490.2	2.99918
490.3	2.99977
490.4	3.0003
490.5	3.00101
490.6	3.00194
490.7	3.00275
490.8	3.00357
490.9	3.0041
491	3.00426
491.1	3.00469
491.2	3.00479
491.3	3.00497
491.4	3.00511
491.5	3.00521
491.6	3.00529
491.7	3.00575
491.8	3.00589
491.9	3.00611
492	3.00643
492.1	3.00677
492.2	3.00721
492.3	3.00788
492.4	3.00867
492.5	3.00941
492.6	3.00994
492.7	3.01086
492.8	3.01193
492.9	3.01289
493	3.01385
493.1	3.01501
493.2	3.01607
493.3	3.01718
493.4	3.0184
493.5	3.01892
493.6	3.01959
493.7	3.02029
493.8	3.02125
493.9	3.02205
494	3.02286
494.1	3.02354
494.2	3.02417
494.3	3.02484
494.4	3.02566
494.5	3.02624
494.6	3.02658
494.7	3.02687
494.8	3.02746
494.9	3.02797
495	3.02811
495.1	3.02817
495.2	3.0285
495.3	3.02913
495.4	3.02961
495.5	3.02971
495.6	3.02999
495.7	3.0307
495.8	3.0317
495.9	3.03284
496	3.03392
496.1	3.0346
496.2	3.03531
496.3	3.03615
496.4	3.03756
496.5	3.03836
496.6	3.03959
496.7	3.04023
496.8	3.04072
496.9	3.04109
497	3.04155
497.1	3.04185
497.2	3.04204
497.3	3.04288
497.4	3.04364
497.5	3.0447
497.6	3.04555
497.7	3.04647
497.8	3.04733
497.9	3.04823
498	3.04917
498.1	3.05024
498.2	3.05082
498.3	3.0516
498.4	3.05197
498.5	3.05231
498.6	3.05319
498.7	3.05472
498.8	3.05576
498.9	3.05649
499	3.05751
499.1	3.05815
499.2	3.05867
499.3	3.05931
499.4	3.0602
499.5	3.06068
499.6	3.06097
499.7	3.06133
499.8	3.0621
499.9	3.06296
500	3.06372
