-1	0
-0.99202	0.015978
-0.985671	0.0288142
-0.980508	0.0391162
-0.9764	0.0473901
-0.973171	0.0539071
-0.970763	0.0588054
-0.968867	0.0631168
-0.967337	0.0665694
-0.966292	0.0692498
-0.965601	0.0715212
-0.964931	0.0733803
-0.964448	0.0749593
-0.964329	0.076369
-0.964425	0.0776269
-0.964607	0.0787585
-0.964654	0.0795345
-0.964733	0.0800605
-0.964508	0.0804509
-0.964413	0.0806071
-0.964146	0.0808358
-0.963941	0.080934
-0.963848	0.081095
-0.963879	0.0811453
-0.963904	0.0811291
-0.964018	0.0812841
-0.964163	0.0812927
-0.96454	0.0813091
-0.964988	0.0814545
-0.9652	0.0814903
-0.965148	0.081353
-0.964836	0.0811295
-0.964723	0.0813252
-0.964521	0.0813708
-0.96455	0.0816425
-0.964618	0.081795
-0.964488	0.0819052
-0.964301	0.0818099
-0.964169	0.0815055
-0.964176	0.081298
-0.964294	0.0812583
-0.964685	0.0814059
-0.965233	0.0818293
-0.966091	0.0822381
-0.966772	0.082843
-0.966946	0.0835096
-0.966767	0.083938
-0.966738	0.0843995
-0.967035	0.0848135
-0.967135	0.0851088
-0.967196	0.0854866
-0.967305	0.0855751
-0.967356	0.0855773
-0.967252	0.085776
-0.967053	0.0860143
-0.96716	0.086203
-0.967744	0.0862353
-0.968431	0.0865162
-0.968707	0.0864401
-0.968893	0.0861686
-0.969002	0.0860679
-0.969148	0.0862811
-0.969218	0.0863914
-0.969442	0.0864898
-0.969756	0.0865407
-0.970036	0.086421
-0.970484	0.0865137
-0.970846	0.0864631
-0.971296	0.0864074
-0.971604	0.0865536
-0.971891	0.0866633
-0.972269	0.0866724
-0.97233	0.0866324
-0.972541	0.0866647
-0.972858	0.0865262
-0.973114	0.0865555
-0.973212	0.0865461
-0.973435	0.0863242
-0.973394	0.0859512
-0.973544	0.0854066
-0.973632	0.084922
-0.973782	0.0848092
-0.973791	0.0850328
-0.973675	0.0852327
-0.973643	0.0854086
-0.973613	0.0859611
-0.973206	0.0866611
-0.97308	0.0872981
-0.97285	0.0878404
-0.972722	0.0885288
-0.972651	0.0885994
-0.972448	0.0887463
-0.972375	0.088686
-0.972485	0.0887363
-0.973006	0.0888209
-0.973642	0.0888964
-0.974292	0.0889484
-0.974659	0.0890939
-0.975075	0.0891101
-0.975488	0.0893261
-0.975827	0.0891792
-0.97607	0.0890626
-0.976475	0.0891155
-0.976959	0.0891536
-0.977544	0.0890518
-0.977824	0.0889048
-0.977787	0.0882958
-0.97769	0.0878269
-0.977463	0.0877213
-0.977356	0.0876883
-0.977396	0.0880299
-0.977443	0.0883829
-0.977792	0.0884543
-0.977874	0.0883881
-0.977861	0.0880519
-0.977882	0.0877389
-0.977962	0.0874307
-0.978081	0.0870928
-0.978161	0.0867973
-0.978297	0.0865485
-0.978441	0.0863081
-0.978374	0.0862589
-0.978184	0.0861033
-0.978025	0.0859619
-0.978147	0.0855438
-0.978127	0.0853431
-0.977952	0.0850829
-0.977824	0.0846832
-0.977703	0.0843337
-0.97789	0.0842596
-0.978105	0.0841608
-0.978294	0.0839356
-0.978495	0.0837856
-0.978666	0.0835436
-0.97886	0.0832243
-0.979061	0.0829162
-0.979075	0.0825305
-0.979162	0.0821814
-0.979133	0.0820306
-0.979239	0.082018
-0.979544	0.0816999
-0.97994	0.0815556
-0.98041	0.0815447
-0.980789	0.0813175
-0.981186	0.0812583
-0.981621	0.0812855
-0.982344	0.0811869
-0.982768	0.0813977
-0.983127	0.081241
-0.983382	0.0809352
-0.983747	0.0805833
-0.984168	0.0800552
-0.984471	0.0796668
-0.984634	0.0792568
-0.984553	0.0787336
-0.984608	0.078042
-0.984865	0.0771782
-0.985166	0.0764578
-0.985145	0.075746
-0.985293	0.0751606
-0.985629	0.0746512
-0.985901	0.0741514
-0.986018	0.0735927
-0.986234	0.0732036
-0.986109	0.0726621
-0.986139	0.0724014
-0.986156	0.07223
-0.98628	0.072174
-0.98651	0.0722892
-0.986934	0.0725348
-0.987144	0.0725194
-0.987235	0.072444
-0.987212	0.0724373
-0.987367	0.0724709
-0.987389	0.072383
-0.98718	0.0725575
-0.987074	0.0723389
-0.987196	0.0722597
-0.987185	0.0725377
-0.987359	0.0728575
-0.9872	0.073114
-0.986831	0.0735713
-0.986688	0.0739986
-0.98659	0.0742527
-0.986335	0.0747181
-0.986214	0.0750953
-0.986161	0.0755251
-0.986094	0.0758149
-0.986268	0.075973
-0.986535	0.0761062
-0.986564	0.0764449
-0.986502	0.0768007
-0.986321	0.0770738
-0.986313	0.0773314
-0.986425	0.0774937
-0.986641	0.0773557
-0.986784	0.0773221
-0.986719	0.07725
-0.986516	0.07731
-0.98602	0.0774719
-0.985856	0.0775538
-0.985857	0.0774825
-0.985996	0.077577
-0.985886	0.0776576
-0.985867	0.0778196
-0.985723	0.0779008
-0.985722	0.0779971
-0.986002	0.077818
-0.986278	0.0773804
-0.986528	0.0768204
-0.986689	0.0761793
-0.986897	0.0755723
-0.987083	0.0749751
-0.987371	0.0746172
-0.987819	0.0744345
-0.988189	0.0744096
-0.988399	0.0743761
-0.988779	0.0744498
-0.989005	0.0744649
-0.989128	0.0743513
-0.989177	0.0741999
-0.989242	0.074243
-0.989104	0.0741424
-0.988947	0.0738389
-0.98886	0.0732877
-0.988784	0.0725738
-0.988588	0.0718302
-0.988498	0.0712821
-0.988421	0.0707168
-0.988331	0.0702248
-0.988475	0.0698258
-0.988826	0.0695059
-0.988829	0.0690939
-0.988931	0.0689211
-0.989004	0.0687616
-0.989238	0.0687341
-0.98954	0.0685434
-0.989837	0.068464
-0.98981	0.0683735
-0.989781	0.068098
-0.98981	0.067843
-0.990062	0.0677411
-0.990193	0.0676558
-0.990582	0.0676256
-0.990849	0.0676168
-0.991195	0.0678219
-0.991578	0.0680594
-0.991767	0.0682049
-0.991704	0.0683191
-0.991539	0.0686296
-0.991684	0.0691089
-0.991829	0.0693922
-0.992179	0.0696804
-0.992347	0.0695808
-0.992231	0.0694776
-0.991981	0.0692309
-0.991897	0.069171
-0.992089	0.0689401
-0.991783	0.068402
-0.991519	0.068152
-0.99145	0.0680361
-0.991534	0.0678343
-0.991644	0.068042
-0.991407	0.0681811
-0.991253	0.0683685
-0.990836	0.0683571
-0.99082	0.0682795
-0.990629	0.0682504
-0.990372	0.0681886
-0.990054	0.0684454
-0.989788	0.0688315
-0.989737	0.069187
-0.98964	0.0693408
-0.989918	0.0694396
-0.990253	0.0695208
-0.990705	0.0698835
-0.990961	0.0701416
-0.991613	0.0702968
-0.992301	0.0705389
-0.992783	0.0708278
-0.993216	0.0711109
-0.993554	0.0712239
-0.993601	0.0713196
-0.993726	0.0712275
-0.994036	0.0708397
-0.994539	0.070333
-0.994981	0.0698088
-0.995231	0.0695888
-0.995397	0.0695642
-0.995453	0.0696058
-0.995559	0.0695178
-0.995859	0.0694935
-0.995937	0.0697629
-0.996022	0.0699783
-0.996007	0.0701649
-0.996073	0.0702072
-0.99596	0.0702258
-0.99586	0.0705025
-0.995913	0.0706372
-0.99594	0.0710361
-0.996092	0.0714046
-0.996078	0.0716245
-0.996018	0.0722905
-0.995911	0.0729812
-0.996104	0.0733307
-0.996142	0.0736109
-0.996638	0.0738757
-0.997335	0.0739688
-0.997894	0.0743003
-0.998345	0.0744782
-0.998702	0.0745799
-0.999161	0.074581
-0.999457	0.0743834
-0.999656	0.074124
-0.999618	0.0739361
-0.99957	0.0739834
-0.999645	0.0741867
-0.999921	0.0744277
-1.00004	0.0745132
-1.00023	0.0748623
-1.00039	0.0752403
-1.00045	0.0754756
-1.00048	0.0754989
-1.00067	0.0755746
-1.00104	0.0754512
-1.00143	0.0749883
-1.00176	0.0745722
-1.0021	0.0741064
-1.00232	0.0738452
-1.00231	0.0737069
-1.00232	0.0736434
-1.00224	0.0735845
-1.00215	0.0737494
-1.00226	0.0740509
-1.00206	0.0741455
-1.0018	0.074153
-1.00148	0.0745993
-1.00102	0.0752163
-1.00048	0.0755029
-1.00047	0.0756204
-1.00016	0.0753402
-0.999778	0.0747323
-0.999244	0.0742269
-0.998752	0.0736171
-0.998046	0.073001
-0.997493	0.0726664
-0.99711	0.0723216
-0.996626	0.071942
-0.996156	0.0720135
-0.995768	0.0719541
-0.995503	0.0719221
-0.995415	0.0719228
-0.995478	0.0719662
-0.995592	0.0720786
-0.995589	0.0721531
-0.995849	0.07217
-0.995981	0.0722459
-0.99634	0.0722641
-0.996692	0.0723554
-0.997071	0.0724957
-0.997719	0.0722601
-0.998215	0.0718214
-0.998682	0.0715029
-0.998805	0.0714658
-0.99877	0.0715536
-0.998858	0.0717434
-0.998626	0.07171
-0.99824	0.0716677
-0.998135	0.0715745
-0.99835	0.0713482
-0.998488	0.071254
-0.998586	0.071165
-0.998473	0.0712772
-0.998325	0.0713778
-0.998066	0.071734
-0.997568	0.0719762
-0.997125	0.0721666
-0.996709	0.0724378
-0.996204	0.0725387
-0.995839	0.0725284
-0.995725	0.0726194
-0.995532	0.0726672
-0.995437	0.0727512
-0.995165	0.0727183
-0.995213	0.0726259
-0.995323	0.0726308
-0.995383	0.0728224
-0.995297	0.0728667
-0.994895	0.0730375
-0.994705	0.073376
-0.994537	0.0737385
-0.994688	0.0738806
-0.994837	0.0741136
-0.995072	0.0745141
-0.995215	0.074645
-0.995167	0.0746947
-0.995106	0.0749265
-0.995057	0.0750675
-0.994741	0.07523
-0.994522	0.0753051
-0.994315	0.0754636
-0.99442	0.075769
-0.994446	0.0761753
-0.994311	0.0766184
-0.994053	0.0771824
-0.994027	0.0775025
-0.993746	0.0776762
-0.993457	0.0779968
-0.993091	0.0782227
-0.992997	0.0783168
-0.992711	0.0783625
-0.992842	0.0782351
-0.993005	0.0779752
-0.993353	0.0775916
-0.993723	0.0774669
-0.993886	0.0775043
-0.994334	0.0776678
-0.994559	0.0777206
-0.994641	0.0778486
-0.994787	0.0779474
-0.995068	0.078361
-0.995345	0.0788295
-0.995826	0.0792052
-0.996283	0.0794849
-0.996352	0.0794796
-0.996472	0.0794294
-0.99669	0.0792024
-0.996959	0.0788866
-0.997002	0.0786245
-0.996749	0.0784886
-0.996903	0.0784334
-0.997011	0.0783548
-0.997378	0.07824
-0.997681	0.0779149
-0.997868	0.0778389
-0.998161	0.0777694
-0.998215	0.0777577
-0.998114	0.0778369
-0.998086	0.0779498
-0.998232	0.0778904
-0.998342	0.0778476
-0.998541	0.0777718
-0.998416	0.0778789
-0.998065	0.0783044
-0.997676	0.078564
-0.99728	0.0789346
-0.997115	0.0790002
-0.997155	0.0789772
-0.997192	0.0792922
-0.997061	0.0796621
-0.997083	0.0801957
-0.99693	0.0808151
-0.996624	0.0816209
-0.996518	0.0821239
-0.99653	0.0826735
-0.996576	0.0830075
-0.996622	0.0832204
-0.996638	0.0831878
-0.996483	0.0832378
-0.996369	0.08333
-0.996271	0.0834963
-0.996282	0.0837049
-0.99612	0.083376
-0.996142	0.0830913
-0.996235	0.0830061
-0.996561	0.0830882
-0.99676	0.0829482
-0.997009	0.0830374
-0.997025	0.0831847
-0.996982	0.0833686
-0.997234	0.0834275
-0.997518	0.0834632
-0.997694	0.0835009
-0.99768	0.0833543
-0.997564	0.083501
-0.997823	0.0836693
-0.99812	0.0837938
-0.998393	0.0839066
-0.998347	0.0837157
-0.9985	0.0835326
-0.998176	0.0833285
-0.997917	0.0835545
-0.997987	0.0837448
-0.998341	0.0841892
-0.998669	0.0843001
-0.999013	0.0846127
-0.999508	0.0850743
-0.999846	0.0851309
-0.999889	0.0850402
-1.00009	0.0850234
-1.00022	0.084863
-1.00044	0.0846664
-1.00064	0.0845208
-1.00058	0.0843686
-1.0006	0.0842609
-1.00077	0.0844294
-1.00034	0.0849024
-0.999831	0.0853705
-0.999363	0.0855528
-0.998907	0.0854536
-0.998298	0.0852328
-0.997913	0.0852231
-0.997724	0.0852367
-0.997595	0.0854121
-0.997484	0.0855992
-0.997193	0.0860085
-0.996814	0.0861065
-0.996599	0.0861803
-0.996366	0.0861444
-0.996332	0.0860822
-0.996425	0.0859703
-0.996264	0.0858586
-0.996037	0.0855499
-0.99597	0.0856831
-0.996015	0.0857737
-0.995882	0.0855858
-0.995568	0.0850862
-0.995007	0.0848746
-0.994607	0.0849838
-0.994227	0.0850488
-0.993849	0.0848653
-0.993518	0.0848431
-0.993414	0.0845386
-0.993211	0.0842284
-0.993192	0.0839064
-0.992975	0.0837032
-0.99274	0.0833041
-0.992415	0.0833584
-0.992238	0.0834555
-0.991933	0.0836617
-0.991605	0.0835578
-0.991079	0.0835265
-0.99079	0.0835778
-0.990519	0.0836175
-0.99023	0.0836006
-0.990153	0.0833399
-0.990176	0.0833492
-0.990381	0.0833599
-0.990308	0.0831227
-0.990154	0.0829244
-0.99018	0.0826836
-0.990443	0.0823792
-0.990704	0.0824895
-0.99087	0.0824796
-0.990977	0.0824835
-0.991044	0.0821597
-0.990802	0.0820218
-0.990379	0.0820102
-0.9901	0.0819099
-0.989667	0.0817498
-0.989232	0.0816634
-0.988802	0.0814934
-0.988181	0.0814576
-0.987575	0.0813418
-0.987131	0.0812188
-0.986744	0.0812206
-0.986654	0.0812093
-0.98646	0.0811709
-0.986351	0.0812481
-0.986191	0.081203
-0.985988	0.0810986
-0.985837	0.0812237
-0.985699	0.0812978
-0.985602	0.0815721
-0.985729	0.0815538
-0.985727	0.0812247
-0.985636	0.0808771
-0.985366	0.0808443
-0.98533	0.0810887
-0.985508	0.0813784
-0.985646	0.0815975
-0.986059	0.0819538
-0.986459	0.0823042
-0.986933	0.0826962
-0.987445	0.0829682
-0.987465	0.0831945
-0.987449	0.0836155
-0.987402	0.0837319
-0.9873	0.0839374
-0.987003	0.0838166
-0.986901	0.0837814
-0.986708	0.0838383
-0.986437	0.083753
-0.986216	0.0837104
-0.985773	0.0838
-0.985422	0.0838464
-0.985008	0.0838552
-0.984755	0.083975
-0.984937	0.0839501
-0.985035	0.0838535
-0.985041	0.083904
-0.985211	0.0838698
-0.985249	0.0838429
-0.985048	0.0836752
-0.984838	0.0833364
-0.984776	0.0833316
-0.984817	0.0832426
-0.984714	0.0832087
-0.9846	0.0832121
-0.984317	0.0832683
-0.984115	0.0831627
-0.984057	0.0829364
-0.983904	0.082923
-0.983375	0.0827047
-0.983006	0.0826559
-0.982574	0.082637
-0.982374	0.0827301
-0.982147	0.0828851
-0.982137	0.0828176
-0.982132	0.0827844
-0.982309	0.082685
-0.982489	0.0826884
-0.982529	0.0827081
-0.982328	0.0827405
-0.982079	0.0824247
-0.982058	0.0823705
-0.981918	0.0824215
-0.981799	0.0825129
-0.98159	0.0827556
-0.981682	0.0826425
-0.981599	0.0825481
-0.98143	0.0823239
-0.980944	0.0821919
-0.980506	0.082198
-0.980087	0.0820144
-0.979843	0.0819407
-0.979607	0.081967
-0.97971	0.0822572
-0.979974	0.0823711
-0.98029	0.0825669
-0.980542	0.0825354
-0.980877	0.0826852
-0.980765	0.0827408
-0.98058	0.082859
-0.980445	0.0831543
-0.980505	0.0832052
-0.980584	0.0830019
-0.980753	0.0827275
-0.980579	0.0821648
-0.980702	0.0819816
-0.980794	0.0818382
-0.980613	0.0817698
-0.980697	0.0820856
-0.980766	0.0822923
-0.980883	0.0827171
-0.98098	0.0829905
-0.981167	0.0831736
-0.98132	0.0832987
-0.981249	0.0835744
-0.981195	0.083688
-0.981385	0.084045
-0.981197	0.0841014
-0.981141	0.0844056
-0.981223	0.0847772
-0.981133	0.0851468
-0.980946	0.0851372
-0.980853	0.0850323
-0.980795	0.0846517
-0.98078	0.0844989
-0.980948	0.0844244
-0.98092	0.0841195
-0.981057	0.0839278
-0.981186	0.0840517
-0.981377	0.0843833
-0.981707	0.0845349
-0.982004	0.0843454
-0.981765	0.0842884
-0.981756	0.0841831
-0.981562	0.0839479
-0.981368	0.0840634
-0.981343	0.0841997
-0.981406	0.0844547
-0.98151	0.0845318
-0.98141	0.0843939
-0.98141	0.0845951
-0.981622	0.0846879
-0.981659	0.084352
-0.98175	0.0840388
-0.981798	0.0836618
-0.981872	0.0832934
-0.98197	0.0829139
-0.982101	0.0826502
-0.981857	0.0825873
-0.981474	0.08263
-0.980853	0.0825085
-0.980034	0.0821232
-0.979275	0.0816615
-0.978599	0.0810752
-0.977919	0.080718
-0.977525	0.0804642
-0.977331	0.0804032
-0.977163	0.0802161
-0.977149	0.0803516
-0.977112	0.0802959
-0.977119	0.0805067
-0.977024	0.0809268
-0.976917	0.0811223
-0.977005	0.081612
-0.977103	0.0820468
-0.977478	0.0823271
-0.977635	0.0825976
-0.977909	0.0826189
-0.977908	0.0827772
-0.977887	0.0827853
-0.977729	0.0830167
-0.977574	0.0833827
-0.977506	0.0837406
-0.977493	0.0843167
-0.977517	0.0848369
-0.977531	0.0852269
-0.977405	0.0857848
-0.97748	0.0864069
-0.977585	0.0866515
-0.977712	0.0870288
-0.978035	0.0870286
-0.97837	0.0870642
-0.978608	0.08726
-0.978817	0.0874317
-0.979133	0.0876168
-0.97937	0.0881389
-0.979511	0.0887074
-0.979805	0.0893325
-0.979877	0.0899305
-0.979862	0.0904339
-0.980032	0.0907451
-0.980164	0.091126
-0.980311	0.0912848
-0.980228	0.0915885
-0.980281	0.0919984
-0.980407	0.0922303
-0.980613	0.0922234
-0.980998	0.0919325
-0.981522	0.0914272
-0.982262	0.0910849
-0.982846	0.0909072
-0.983047	0.0905877
-0.983554	0.0903017
-0.983954	0.0899895
-0.984118	0.0899765
-0.984431	0.0897716
-0.984489	0.0898024
-0.984562	0.0898002
-0.984519	0.0898692
-0.984428	0.0895867
-0.984138	0.089441
-0.983807	0.0893206
-0.98336	0.0893863
-0.983151	0.0893205
-0.982942	0.0892339
-0.982953	0.0889493
-0.982811	0.0885582
-0.982582	0.088256
-0.982394	0.0881059
-0.982512	0.0881951
-0.982739	0.0880688
-0.982988	0.0878601
-0.98326	0.0877527
-0.983765	0.0877509
-0.98419	0.0876447
-0.984562	0.0873627
-0.984788	0.0871888
-0.984814	0.087168
-0.984899	0.0873535
-0.984962	0.0876542
-0.984895	0.0878363
-0.984759	0.0881663
-0.984575	0.0882907
-0.984804	0.0886556
-0.985131	0.0889738
-0.985088	0.0894484
-0.985102	0.0899418
-0.984964	0.090385
-0.984831	0.090627
-0.984808	0.0907102
-0.984754	0.0906826
-0.984593	0.0907975
-0.984357	0.090775
-0.984037	0.0905988
-0.984161	0.0904263
-0.984369	0.0903234
-0.984221	0.0904519
-0.984141	0.0906711
-0.98408	0.0907987
-0.984184	0.0910948
-0.984349	0.0911597
-0.984677	0.0913222
-0.9852	0.0916064
-0.985482	0.0921039
-0.985601	0.0926322
-0.985727	0.0931195
-0.985838	0.0935262
-0.985897	0.0938225
-0.985748	0.0941135
-0.985658	0.0943266
-0.985756	0.0946559
-0.985834	0.0949094
-0.986142	0.0947365
-0.986274	0.0947983
-0.986495	0.094733
-0.986713	0.0948655
-0.986858	0.0949378
-0.986904	0.0948014
-0.986797	0.0943438
-0.986703	0.0943227
-0.986945	0.0943757
-0.987395	0.094491
-0.987575	0.0945272
-0.98778	0.0945043
-0.987876	0.094597
-0.98801	0.0947458
-0.987952	0.095118
-0.987814	0.0952725
-0.987723	0.0955953
-0.987684	0.0960384
-0.987486	0.0961247
-0.987455	0.0962198
-0.987397	0.0961228
-0.987322	0.0964315
-0.987166	0.0966206
-0.987002	0.0968785
-0.986829	0.0969789
-0.986498	0.0971277
-0.986495	0.0973259
-0.986483	0.0975638
-0.986382	0.0977421
-0.986308	0.097681
-0.985913	0.0975598
-0.985654	0.0974261
-0.985274	0.0970699
-0.985163	0.0967107
-0.98545	0.0963986
-0.985758	0.0961698
-0.985889	0.0959138
-0.985712	0.0954673
-0.985562	0.0952008
-0.985551	0.0950554
-0.98556	0.0951968
-0.985691	0.0953521
-0.985818	0.0954805
-0.985925	0.0955981
-0.986411	0.0959919
-0.986856	0.0962969
-0.987524	0.0966158
-0.988022	0.0971811
-0.988422	0.097703
-0.988823	0.0982632
-0.989347	0.0987704
-0.989939	0.0989141
-0.990308	0.0991183
-0.990434	0.0992028
-0.990603	0.0991653
-0.990772	0.0991633
-0.990986	0.0990409
-0.991126	0.0992695
-0.991389	0.099882
-0.991602	0.100511
-0.992	0.101189
-0.992251	0.101549
-0.992605	0.10185
-0.992908	0.102391
-0.99336	0.102527
-0.993412	0.102493
-0.993532	0.102845
-0.993484	0.103174
-0.993399	0.103585
-0.993316	0.103935
-0.993311	0.104206
-0.993538	0.104534
-0.993708	0.104904
-0.99381	0.10517
-0.993966	0.105398
-0.993786	0.105383
-0.993602	0.10526
-0.993714	0.105102
-0.99379	0.105141
-0.993811	0.105249
-0.993645	0.105074
-0.993388	0.104918
-0.993069	0.104764
-0.992673	0.104407
-0.992587	0.104104
-0.992693	0.103861
-0.993039	0.103889
-0.993406	0.103708
-0.993663	0.103735
-0.99401	0.103758
-0.994487	0.10412
-0.994876	0.10448
-0.99514	0.10484
-0.995409	0.105257
-0.995626	0.105297
-0.99607	0.10524
-0.996509	0.105264
-0.997128	0.105368
-0.997617	0.105353
-0.997603	0.105373
-0.997681	0.105371
-0.997774	0.105442
-0.997749	0.105576
-0.997861	0.105677
-0.997948	0.105842
-0.998015	0.106121
-0.998229	0.106563
-0.998152	0.106763
-0.998002	0.106871
-0.997929	0.107025
-0.997885	0.107232
-0.997865	0.107391
-0.997887	0.107457
-0.997812	0.107395
-0.99761	0.107482
-0.997402	0.107891
-0.997377	0.107985
-0.997278	0.108321
-0.997303	0.108776
-0.997322	0.109013
-0.997394	0.109214
-0.997466	0.109385
-0.997646	0.109496
-0.998082	0.109558
-0.998558	0.109772
-0.998832	0.109978
-0.998768	0.109967
-0.998872	0.109801
-0.998685	0.109743
-0.998646	0.109799
-0.998734	0.109891
-0.998998	0.109915
-0.999009	0.109784
-0.999113	0.10968
-0.999495	0.109748
-0.999924	0.110105
-1.00029	0.110064
-1.00077	0.110209
-1.00116	0.110654
-1.00147	0.110879
-1.00152	0.110983
-1.00136	0.110858
-1.00118	0.110782
-1.00096	0.110647
-1.00068	0.110687
-1.00043	0.110703
-1.00025	0.110813
-1.00003	0.110894
-1.00003	0.110953
-1.00002	0.111032
-0.999915	0.11091
-1.00007	0.110776
-1.00019	0.110832
-1.0004	0.111098
-1.00032	0.111527
-1.00033	0.111809
-1.00025	0.112205
-1.00025	0.112668
-1.00051	0.112947
-1.00086	0.112855
-1.00122	0.112818
-1.00135	0.112776
-1.00125	0.112814
-1.00075	0.112778
-1.00036	0.112661
-1.00013	0.112862
-0.999755	0.113154
-0.998943	0.113275
-0.998512	0.113414
-0.998205	0.113338
-0.998175	0.113596
-0.998264	0.113957
-0.998626	0.114257
-0.999113	0.114657
-0.999433	0.115062
-0.999641	0.115505
-0.999883	0.115884
-0.999918	0.116381
-0.999909	0.117015
-1.00013	0.117567
-1.00025	0.118206
-1.00047	0.118914
-1.00053	0.119254
-1.00025	0.119669
-1.00003	0.119675
-0.999943	0.119523
-0.999834	0.119121
-0.999788	0.118898
-0.999719	0.118798
-0.999791	0.1185
-1.00029	0.118557
-1.00048	0.118516
-1.00066	0.118532
-1.00099	0.118224
-1.00117	0.117989
-1.00154	0.118007
-1.00162	0.118232
-1.00141	0.118284
-1.00115	0.118319
-1.0007	0.118353
-1.00056	0.118275
-1.00039	0.118277
-1.00028	0.11847
-1.00019	0.118589
-0.999795	0.118618
-0.999426	0.118451
-0.998792	0.118183
-0.998507	0.118013
-0.998017	0.117701
-0.997669	0.117534
-0.997397	0.117231
-0.997175	0.11703
-0.997096	0.11712
-0.996982	0.117264
-0.997098	0.117323
-0.997136	0.117532
-0.996986	0.117895
-0.996941	0.117967
-0.997082	0.118233
-0.997308	0.118716
-0.997464	0.119141
-0.997625	0.119456
-0.997958	0.12006
-0.998291	0.120397
-0.998556	0.120523
-0.998783	0.120816
-0.998909	0.121086
-0.999159	0.121096
-0.999264	0.121031
-0.999549	0.120881
-0.99997	0.12069
-1.00016	0.120682
-1.00015	0.120747
-1.00007	0.121166
-1.00007	0.121295
-0.999714	0.121252
-0.999496	0.121231
-0.999165	0.12103
-0.998942	0.12079
-0.998927	0.120227
-0.999133	0.119463
-0.999412	0.1192
-0.999531	0.11871
-0.999798	0.11819
-0.999954	0.117634
-1.00013	0.117209
-1.00015	0.11712
-1.00024	0.116968
-1.0005	0.116818
-1.00087	0.116697
-1.0012	0.116689
-1.00157	0.116659
-1.00189	0.116699
-1.00198	0.116786
-1.0021	0.116977
-1.00225	0.117009
-1.0022	0.117065
-1.00237	0.117144
-1.00263	0.117048
-1.00283	0.117151
-1.00327	0.11763
-1.00358	0.11819
-1.004	0.118784
-1.00453	0.11915
-1.0049	0.119384
-1.00512	0.119729
-1.00542	0.119962
-1.00562	0.12005
-1.00571	0.120296
-1.00563	0.120379
-1.00547	0.120553
-1.00554	0.120728
-1.00569	0.120781
-1.00578	0.120911
-1.00573	0.120924
-1.00535	0.121114
-1.00508	0.121492
-1.00484	0.121953
-1.00476	0.122513
-1.00459	0.122802
-1.00449	0.123091
-1.00468	0.123303
-1.00502	0.123425
-1.00523	0.123488
-1.00527	0.123763
-1.00538	0.124306
-1.00551	0.124735
-1.00575	0.125151
-1.00586	0.125454
-1.00595	0.125605
-1.00615	0.125699
-1.00644	0.125831
-1.00679	0.125749
-1.00705	0.125647
-1.00733	0.12564
-1.00746	0.125816
-1.00781	0.12589
-1.00773	0.125841
-1.00776	0.125852
-1.00786	0.125578
-1.00795	0.125677
-1.00799	0.12596
-1.00797	0.126104
-1.008	0.126063
-1.00814	0.126097
-1.00831	0.126098
-1.00865	0.1259
-1.00913	0.125892
-1.00961	0.125946
-1.01018	0.126024
-1.0104	0.12618
-1.01047	0.126218
-1.01076	0.126309
-1.01088	0.126258
-1.01109	0.126025
-1.01093	0.125933
-1.01057	0.125828
-1.0103	0.126005
-1.0098	0.126252
-1.00914	0.126536
-1.00865	0.126875
-1.00827	0.127148
-1.00792	0.127381
-1.00764	0.127259
-1.00753	0.127114
-1.0072	0.127089
-1.00725	0.126941
-1.0073	0.126848
-1.00747	0.126722
-1.00757	0.126508
-1.00784	0.126288
-1.00812	0.126241
-1.00841	0.126201
-1.00863	0.126111
-1.00898	0.125827
-1.00903	0.125404
-1.009	0.124912
-1.0091	0.124738
-1.00911	0.124782
-1.00908	0.124821
-1.00867	0.124863
-1.00853	0.124586
-1.00843	0.124209
-1.00819	0.123878
-1.00826	0.123445
-1.00851	0.123143
-1.00856	0.122801
-1.00877	0.122432
-1.00918	0.122172
-1.00964	0.122193
-1.01013	0.122275
-1.01047	0.122376
-1.01058	0.122223
-1.01019	0.12215
-1.01005	0.122158
-1.01011	0.122447
-1.00997	0.122511
-1.01015	0.122499
-1.01013	0.122581
-1.00998	0.122353
-1.0097	0.122233
-1.00934	0.122143
-1.00901	0.121931
-1.00904	0.121649
-1.00907	0.121133
-1.00912	0.120709
-1.00936	0.120261
-1.00952	0.11951
-1.00967	0.118744
-1.00948	0.118244
-1.00934	0.117821
-1.00917	0.117478
-1.00883	0.117675
-1.00855	0.1179
-1.00822	0.118101
-1.0077	0.11829
-1.00748	0.11861
-1.00726	0.118838
-1.00708	0.118855
-1.00682	0.118957
-1.0064	0.118888
-1.00608	0.118853
-1.0056	0.118806
-1.0053	0.11868
-1.00497	0.118629
-1.0046	0.118655
-1.00446	0.118812
-1.0044	0.118938
-1.00486	0.119039
-1.00519	0.118905
-1.0052	0.118788
-1.0054	0.118751
-1.0056	0.118815
-1.00583	0.118988
-1.00597	0.119084
-1.00588	0.11907
-1.00571	0.119077
-1.00609	0.119195
-1.00624	0.119152
-1.00671	0.119021
-1.00687	0.118968
-1.00698	0.118759
-1.00722	0.118641
-1.00772	0.118576
-1.00796	0.118594
-1.00841	0.118624
-1.00871	0.119047
-1.00889	0.119539
-1.00892	0.119914
-1.00922	0.119965
-1.00966	0.119976
-1.01006	0.119872
-1.01041	0.120067
-1.01059	0.120324
-1.01035	0.120476
-1.0102	0.120643
-1.00985	0.120859
-1.00933	0.120744
-1.00888	0.120757
-1.00854	0.12047
-1.00815	0.120118
-1.00798	0.120047
-1.00771	0.119816
-1.00765	0.119774
-1.00771	0.119868
-1.00791	0.119634
-1.00826	0.119316
-1.00832	0.118764
-1.00841	0.118135
-1.00861	0.117797
-1.00855	0.117205
-1.00824	0.116828
-1.00805	0.116416
-1.00779	0.116399
-1.00765	0.116709
-1.00777	0.116912
-1.00766	0.117148
-1.00743	0.117415
-1.00716	0.117797
-1.0068	0.118617
-1.00669	0.119425
-1.00642	0.119927
-1.00621	0.120481
-1.0059	0.121177
-1.00537	0.121718
-1.00495	0.121884
-1.00461	0.121945
-1.0043	0.121926
-1.00388	0.121892
-1.00365	0.122288
-1.00345	0.122645
-1.00345	0.122937
-1.00346	0.12337
-1.00353	0.123545
-1.00375	0.124059
-1.00379	0.124429
-1.00405	0.124533
-1.0042	0.124571
-1.00413	0.124548
-1.00388	0.124622
-1.00352	0.124461
-1.00306	0.124467
-1.0029	0.124784
-1.00268	0.125005
-1.00268	0.124994
-1.00252	0.124894
-1.00209	0.124706
-1.00171	0.124247
-1.00157	0.123819
-1.00162	0.123178
-1.0015	0.12276
-1.00163	0.122442
-1.00185	0.122273
-1.00195	0.122423
-1.00161	0.122326
-1.00145	0.122344
-1.00132	0.122278
-1.00125	0.122293
-1.00127	0.122464
-1.00115	0.122767
-1.00108	0.123225
-1.00093	0.123446
-1.00098	0.1239
-1.00116	0.124077
-1.00133	0.124323
-1.0014	0.124364
-1.00177	0.124633
-1.00186	0.12484
-1.00188	0.125166
-1.00202	0.12532
-1.00231	0.125566
-1.00235	0.126042
-1.00246	0.126509
-1.0028	0.127002
-1.00292	0.127547
-1.00296	0.12815
-1.00285	0.128775
-1.00301	0.129435
-1.00315	0.129882
-1.00348	0.129973
-1.0036	0.129866
-1.00369	0.129804
-1.0037	0.129718
-1.00365	0.129732
-1.00364	0.129748
-1.00373	0.129744
-1.00365	0.129486
-1.00361	0.128886
-1.00351	0.128361
-1.00345	0.128024
-1.00337	0.127997
-1.00334	0.127861
-1.00321	0.127636
-1.00329	0.127801
-1.00325	0.127781
-1.00321	0.127704
-1.003	0.127615
-1.0026	0.127412
-1.00227	0.127189
-1.00195	0.127002
-1.00165	0.126919
-1.00161	0.126801
-1.0017	0.126611
-1.00186	0.126591
-1.0021	0.126632
-1.00251	0.126921
-1.0029	0.126978
-1.00312	0.127152
-1.003	0.127081
-1.00288	0.127312
-1.0029	0.127471
-1.003	0.127309
-1.00293	0.127286
-1.00297	0.127369
-1.00299	0.127593
-1.00296	0.127852
-1.00315	0.128126
-1.0037	0.127937
-1.00418	0.127875
-1.0046	0.127806
-1.00502	0.127745
-1.0055	0.127891
-1.00607	0.128089
-1.00649	0.128328
-1.00699	0.128594
-1.00708	0.128833
-1.00718	0.128976
-1.00749	0.129236
-1.00788	0.129597
-1.00824	0.130208
-1.00824	0.130753
-1.00828	0.131248
-1.0085	0.131765
-1.00882	0.13198
-1.00925	0.132247
-1.00955	0.132646
-1.00975	0.133152
-1.00996	0.133436
-1.01023	0.133368
-1.01037	0.133233
-1.01056	0.13297
-1.01105	0.132681
-1.01159	0.132202
-1.01201	0.131903
-1.01231	0.131655
-1.01245	0.131479
-1.01256	0.131417
-1.01261	0.131729
-1.01238	0.132078
-1.01216	0.132255
-1.01231	0.132427
-1.01228	0.132819
-1.01199	0.133251
-1.01145	0.13367
-1.01117	0.134051
-1.0109	0.134394
-1.01074	0.13466
-1.01075	0.13489
-1.01078	0.135155
-1.01088	0.135273
-1.01072	0.135555
-1.01064	0.135799
-1.01043	0.135785
-1.01013	0.135728
-1.00995	0.135615
-1.0099	0.135575
-1.00995	0.135237
-1.00964	0.134912
-1.00922	0.134807
-1.00935	0.134667
-1.00979	0.134327
-1.01013	0.134007
-1.01033	0.133628
-1.0107	0.133316
-1.0109	0.133218
-1.01123	0.133242
-1.01158	0.133422
-1.01201	0.133314
-1.01231	0.132971
-1.01274	0.132887
-1.01314	0.13278
-1.01349	0.132835
-1.01375	0.13308
-1.01395	0.13324
-1.01401	0.133442
-1.0141	0.13372
-1.01401	0.134234
-1.01397	0.134543
-1.01401	0.134917
-1.01409	0.135208
-1.01398	0.135024
-1.01385	0.134747
-1.01376	0.134752
-1.01372	0.134862
-1.0138	0.134711
-1.0137	0.134677
-1.01352	0.134634
-1.01341	0.134326
-1.01377	0.133944
-1.01404	0.133735
-1.01433	0.133173
-1.01436	0.13273
-1.01424	0.132338
-1.01391	0.131953
-1.01365	0.131564
-1.01352	0.131179
-1.01326	0.130831
-1.01299	0.130619
-1.01272	0.130471
-1.01269	0.130313
-1.01288	0.129938
-1.01328	0.129738
-1.01384	0.129605
-1.01418	0.129615
-1.01444	0.129588
-1.01487	0.129722
-1.01547	0.129774
-1.01608	0.129937
-1.01644	0.130272
-1.01702	0.130776
-1.01745	0.130921
-1.01792	0.131083
-1.01845	0.131209
-1.01907	0.131415
-1.01937	0.131769
-1.01977	0.132163
-1.02005	0.132587
-1.02046	0.132723
-1.02067	0.132802
-1.02072	0.132927
-1.02069	0.133025
-1.02081	0.132958
-1.02096	0.132978
-1.02102	0.133141
-1.02121	0.133438
-1.02141	0.133569
-1.02174	0.133568
-1.02176	0.133475
-1.02195	0.133649
-1.02228	0.133478
-1.02276	0.133315
-1.02324	0.133426
-1.02358	0.133622
-1.02386	0.133912
-1.02396	0.133963
-1.02428	0.134154
-1.02447	0.134176
-1.0248	0.133971
-1.02505	0.133864
-1.02512	0.133963
-1.02529	0.134105
-1.02557	0.134689
-1.02608	0.135192
-1.02667	0.135631
-1.02717	0.136162
-1.02727	0.136285
-1.02752	0.13625
-1.02765	0.136426
-1.02793	0.13682
-1.0284	0.137443
-1.02897	0.137883
-1.02947	0.138076
-1.02987	0.138056
-1.03042	0.137914
-1.03087	0.137991
-1.03107	0.138127
-1.03141	0.138238
-1.03188	0.138402
-1.03279	0.138824
-1.03363	0.139228
-1.03448	0.13962
-1.03508	0.139738
-1.03544	0.139952
-1.03559	0.139885
-1.03552	0.139715
-1.03558	0.139609
-1.03563	0.139917
-1.03575	0.140411
-1.03597	0.140799
-1.03623	0.141486
-1.03644	0.142071
-1.03682	0.142537
-1.03728	0.142875
-1.03752	0.143184
-1.03755	0.143365
-1.03739	0.143512
-1.03744	0.143574
-1.03758	0.14353
-1.03749	0.143386
-1.03754	0.143505
-1.03754	0.143279
-1.03738	0.143131
-1.03723	0.143324
-1.0373	0.143329
-1.03752	0.143282
-1.03776	0.143268
-1.03781	0.143437
-1.03761	0.143731
-1.03744	0.143676
-1.03739	0.143659
-1.03709	0.143644
-1.03674	0.143814
-1.03669	0.144132
-1.03646	0.144445
-1.03639	0.144643
-1.03621	0.144794
-1.03617	0.144784
-1.03623	0.144649
-1.03618	0.144401
-1.03614	0.144496
-1.03603	0.144754
-1.03622	0.144882
-1.03627	0.144956
-1.03632	0.145083
-1.03641	0.145278
-1.03654	0.145377
-1.03696	0.145509
-1.03719	0.145504
-1.03748	0.145554
-1.03766	0.145746
-1.03784	0.145731
-1.03791	0.145829
-1.038	0.145619
-1.03802	0.145401
-1.03805	0.145296
-1.03823	0.145132
-1.03836	0.14517
-1.03836	0.145161
-1.03819	0.145218
-1.03819	0.145325
-1.03829	0.145413
-1.03825	0.145457
-1.03819	0.145365
-1.03814	0.14521
-1.03823	0.144812
-1.03827	0.144495
-1.03858	0.144263
-1.03902	0.144083
-1.03944	0.144001
-1.03946	0.143749
-1.03943	0.143237
-1.0394	0.142805
-1.0392	0.142461
-1.03895	0.141831
-1.03861	0.141174
-1.03818	0.140434
-1.03793	0.140124
-1.0377	0.140248
-1.03791	0.140308
-1.03794	0.140505
-1.03787	0.140503
-1.03751	0.140388
-1.03719	0.140331
-1.03682	0.140467
-1.0364	0.14056
-1.03623	0.140589
-1.03586	0.140904
-1.03538	0.141148
-1.03514	0.140984
-1.03519	0.140697
-1.0353	0.140552
-1.03526	0.140425
-1.03516	0.140166
-1.03517	0.140043
-1.03541	0.139962
-1.03544	0.139546
-1.03524	0.139018
-1.03492	0.138412
-1.03485	0.138125
-1.03474	0.137776
-1.03478	0.137413
-1.03456	0.137047
-1.03389	0.136822
-1.03323	0.136512
-1.03252	0.136344
-1.0319	0.136132
-1.0315	0.136122
-1.03118	0.135896
-1.031	0.135843
-1.03085	0.135655
-1.03073	0.13551
-1.03088	0.135215
-1.03092	0.135203
-1.03085	0.135027
-1.03085	0.134789
-1.03085	0.134696
-1.03081	0.134739
-1.03073	0.134923
-1.03068	0.135115
-1.03046	0.135049
-1.03031	0.134828
-1.03045	0.134647
-1.03067	0.134713
-1.03086	0.134544
-1.03092	0.134541
-1.03082	0.134452
-1.0308	0.134511
-1.03076	0.13464
-1.03058	0.134998
-1.03047	0.135424
-1.03054	0.135907
-1.03063	0.136014
-1.03069	0.1363
-1.03072	0.136636
-1.03077	0.136973
-1.03094	0.137334
-1.03113	0.1375
-1.03111	0.137575
-1.03108	0.137837
-1.03122	0.138039
-1.03114	0.138189
-1.03112	0.138479
-1.03119	0.138834
-1.03129	0.139221
-1.03135	0.139455
-1.03135	0.139598
-1.03133	0.139489
-1.03149	0.139474
-1.0315	0.139511
-1.03156	0.139541
-1.0315	0.13938
-1.03128	0.139135
-1.0315	0.138998
-1.03172	0.138897
-1.03188	0.138882
-1.03209	0.138893
-1.03246	0.138733
-1.0326	0.138433
-1.03236	0.137847
-1.03224	0.137616
-1.03206	0.13718
-1.03196	0.136552
-1.03191	0.13606
-1.03175	0.135818
-1.03154	0.135662
-1.03137	0.135691
-1.03152	0.135808
-1.03169	0.136092
-1.03193	0.136385
-1.03213	0.136716
-1.03225	0.136853
-1.03243	0.137202
-1.03272	0.13763
-1.03298	0.137977
-1.03323	0.138399
-1.03332	0.138748
-1.03323	0.139037
-1.0332	0.139369
-1.03319	0.139736
-1.03313	0.14005
-1.03295	0.14015
-1.03297	0.14042
-1.03307	0.1405
-1.03314	0.140319
-1.03312	0.140157
-1.03325	0.140155
-1.0334	0.140121
-1.03347	0.140187
-1.03344	0.140207
-1.03358	0.140202
-1.03393	0.140347
-1.03427	0.14053
-1.03431	0.140651
-1.03445	0.140705
-1.03452	0.140878
-1.03464	0.140927
-1.03466	0.141044
-1.03463	0.140942
-1.03467	0.140757
-1.03425	0.140517
-1.03395	0.140545
-1.03364	0.140726
-1.03352	0.141168
-1.03356	0.141454
-1.03372	0.141828
-1.03385	0.142233
-1.03403	0.14257
-1.03429	0.142848
-1.03453	0.142958
-1.03448	0.14289
-1.03428	0.142803
-1.03399	0.142702
-1.0336	0.142378
-1.03341	0.142154
-1.0333	0.141967
-1.03316	0.141992
-1.03304	0.142078
-1.0327	0.142365
-1.03246	0.142681
-1.03243	0.14325
-1.03279	0.144023
-1.03279	0.144625
-1.03289	0.145348
-1.03269	0.145865
-1.03264	0.146177
-1.03263	0.146456
-1.03244	0.146493
-1.03231	0.146608
-1.03247	0.146435
-1.03271	0.146214
-1.03299	0.146139
-1.03322	0.146486
-1.03348	0.146535
-1.03373	0.146672
-1.03392	0.146873
-1.03419	0.147313
-1.03435	0.147949
-1.03411	0.148423
-1.03399	0.148723
-1.03381	0.148776
-1.03372	0.148679
-1.03351	0.148378
-1.03342	0.148259
-1.03321	0.148189
-1.03325	0.148264
-1.0334	0.147913
-1.0336	0.147655
-1.03386	0.147563
-1.03404	0.147993
-1.03444	0.148273
-1.03499	0.148642
-1.03581	0.149066
-1.03662	0.149422
-1.03701	0.149932
-1.03707	0.149911
-1.03692	0.14992
-1.03715	0.150137
-1.03721	0.150161
-1.0374	0.150154
-1.03747	0.149995
-1.0374	0.150023
-1.03754	0.149943
-1.03748	0.149768
-1.03749	0.149655
-1.03743	0.149515
-1.0374	0.149246
-1.03732	0.148956
-1.03737	0.148899
-1.03752	0.149074
-1.03757	0.149171
-1.03764	0.149111
-1.03748	0.149103
-1.03748	0.149198
-1.03754	0.14899
-1.03743	0.148802
-1.03726	0.148628
-1.0371	0.148598
-1.03701	0.148589
-1.03702	0.148478
-1.03702	0.148443
-1.03682	0.148541
-1.03674	0.14855
-1.03681	0.148529
-1.03691	0.148596
-1.03707	0.14847
-1.03724	0.148419
-1.03745	0.148608
-1.03735	0.149058
-1.03708	0.149441
-1.03685	0.149655
-1.03641	0.150261
-1.03592	0.15064
-1.03548	0.150957
-1.03493	0.15106
-1.0344	0.150945
-1.03405	0.150476
-1.03398	0.149904
-1.03382	0.149188
-1.03342	0.148583
-1.03302	0.148264
-1.03237	0.147959
-1.03191	0.147556
-1.03195	0.147123
-1.03202	0.146793
-1.0319	0.146563
-1.03182	0.146432
-1.03152	0.146299
-1.03121	0.146086
-1.03102	0.146035
-1.0309	0.14597
-1.03081	0.146292
-1.03069	0.146492
-1.03077	0.146874
-1.0308	0.147034
-1.03075	0.147202
-1.03081	0.147528
-1.03068	0.147701
-1.03053	0.147784
-1.03039	0.147899
-1.03019	0.148346
-1.0302	0.148653
-1.02996	0.148839
-1.02969	0.149107
-1.02977	0.148984
-1.02973	0.14896
-1.0297	0.148789
-1.02949	0.148521
-1.02914	0.148289
-1.02898	0.147985
-1.02883	0.147389
-1.02877	0.146527
-1.02869	0.145863
-1.02917	0.145374
-1.02947	0.144883
-1.03	0.144521
-1.03042	0.143818
-1.03087	0.14308
-1.03102	0.142739
-1.03146	0.142643
-1.03179	0.142453
-1.03177	0.142194
-1.03195	0.142033
-1.03215	0.141737
-1.03249	0.14164
-1.03276	0.141309
-1.0332	0.140691
-1.03316	0.140442
-1.03287	0.140349
-1.03255	0.140112
-1.03239	0.139892
-1.03251	0.139624
-1.03246	0.139368
-1.03264	0.139313
-1.03279	0.139336
-1.03323	0.139348
-1.03379	0.139523
-1.03422	0.139441
-1.03483	0.139268
-1.0353	0.139254
-1.03584	0.139128
-1.0362	0.138935
-1.03661	0.138989
-1.03678	0.139038
-1.03684	0.139112
-1.0371	0.13903
-1.03748	0.138832
-1.03733	0.138596
-1.03718	0.138176
-1.03712	0.137785
-1.03682	0.137407
-1.0367	0.136897
-1.03684	0.136533
-1.0371	0.136183
-1.03718	0.135725
-1.03715	0.135399
-1.0373	0.135118
-1.03731	0.134713
-1.03738	0.134733
-1.03733	0.134645
-1.03709	0.134609
-1.03671	0.134812
-1.03667	0.135015
-1.03672	0.135209
-1.03699	0.135318
-1.03708	0.135333
-1.0369	0.135446
-1.0368	0.135336
-1.03696	0.135255
-1.03735	0.13521
-1.03762	0.135305
-1.03793	0.1354
-1.03846	0.135408
-1.03901	0.135386
-1.03931	0.135222
-1.03957	0.135473
-1.03999	0.135582
-1.0405	0.135635
-1.04074	0.135514
-1.04115	0.135644
-1.04157	0.135624
-1.0421	0.135406
-1.04274	0.135077
-1.04338	0.134741
-1.04388	0.134547
-1.04445	0.134211
-1.04485	0.133902
-1.04522	0.133594
-1.04585	0.133381
-1.04621	0.13333
-1.04644	0.133061
-1.04668	0.132925
-1.04719	0.132811
-1.04776	0.132827
-1.04821	0.13279
-1.04842	0.132931
-1.04866	0.132933
-1.04895	0.132845
-1.04911	0.132716
-1.04925	0.132402
-1.04932	0.132166
-1.04957	0.131998
-1.04972	0.131657
-1.04987	0.131468
-1.05006	0.131384
-1.05054	0.131097
-1.05122	0.130993
-1.05185	0.130659
-1.05204	0.130513
-1.05231	0.130461
-1.05259	0.130446
-1.05305	0.13058
-1.05371	0.130765
-1.05464	0.130692
-1.05555	0.130853
-1.05619	0.131049
-1.05668	0.131375
-1.05727	0.131566
-1.05764	0.131794
-1.05787	0.132013
-1.05802	0.132651
-1.05817	0.133183
-1.05822	0.13369
-1.05827	0.133956
-1.05812	0.134185
-1.05818	0.134734
-1.05848	0.135453
-1.05864	0.136094
-1.05882	0.136543
-1.05917	0.136801
-1.05945	0.136791
-1.05956	0.136716
-1.05964	0.136497
-1.05966	0.13644
-1.05962	0.136325
-1.0598	0.136163
-1.05996	0.135914
-1.05994	0.135968
-1.0598	0.135814
-1.05951	0.135934
-1.05952	0.136044
-1.05932	0.135985
-1.05921	0.135825
-1.05916	0.135694
-1.05931	0.135355
-1.05946	0.135031
-1.05975	0.134789
-1.05978	0.134745
-1.05972	0.134702
-1.05995	0.134651
-1.05991	0.134368
-1.06004	0.134373
-1.0602	0.13429
-1.06038	0.134061
-1.06069	0.133898
-1.06115	0.133718
-1.06163	0.133401
-1.06185	0.132999
-1.06177	0.132861
-1.0618	0.132411
-1.06177	0.131913
-1.06164	0.131305
-1.06144	0.130703
-1.06131	0.130266
-1.06119	0.130038
-1.06104	0.129982
-1.06107	0.129965
-1.06085	0.129813
-1.06067	0.129717
-1.06061	0.129506
-1.0605	0.129173
-1.06031	0.128585
-1.06019	0.128044
-1.05999	0.12774
-1.05952	0.127508
-1.05903	0.127474
-1.05875	0.1271
-1.05843	0.126685
-1.05812	0.126503
-1.05793	0.126262
-1.05778	0.125895
-1.05759	0.125273
-1.05746	0.124975
-1.05721	0.12443
-1.05703	0.123912
-1.05695	0.123587
-1.0568	0.123461
-1.05657	0.123215
-1.05615	0.122923
-1.05568	0.122685
-1.05545	0.122287
-1.05521	0.122033
-1.05504	0.122006
-1.05471	0.122161
-1.05445	0.122285
-1.05394	0.122669
-1.05362	0.123136
-1.05341	0.123391
-1.05345	0.12372
-1.05323	0.123979
-1.0533	0.123776
-1.05349	0.123772
-1.05391	0.123651
-1.05449	0.123627
-1.05499	0.123726
-1.05537	0.124023
-1.05569	0.124248
-1.05567	0.124398
-1.05539	0.124216
-1.05506	0.124331
-1.05509	0.124192
-1.0551	0.124078
-1.05524	0.124035
-1.05539	0.124106
-1.05529	0.124282
-1.05507	0.124753
-1.05506	0.124999
-1.05507	0.125017
-1.05501	0.124955
-1.05493	0.124701
-1.05479	0.124221
-1.0545	0.123934
-1.05414	0.12404
-1.05393	0.123956
-1.05395	0.123769
-1.05391	0.123523
-1.05393	0.123266
-1.05397	0.122936
-1.05421	0.122442
-1.0545	0.121952
-1.05474	0.121534
-1.05516	0.120985
-1.05552	0.120592
-1.05578	0.120354
-1.05607	0.120246
-1.05614	0.120204
-1.05619	0.120263
-1.05634	0.120413
-1.0565	0.120549
-1.0565	0.120672
-1.05624	0.120963
-1.05581	0.121413
-1.05529	0.121708
-1.05511	0.121991
-1.05523	0.122079
-1.05559	0.122399
-1.05574	0.122957
-1.05607	0.123228
-1.05641	0.123564
-1.05673	0.123643
-1.05698	0.12369
-1.05694	0.123837
-1.05688	0.123947
-1.05694	0.123825
-1.05717	0.12391
-1.05706	0.124129
-1.05713	0.124415
-1.0573	0.1244
-1.05727	0.12452
-1.05721	0.124864
-1.05692	0.125186
-1.05679	0.125482
-1.05644	0.125692
-1.05647	0.125773
-1.05633	0.125718
-1.05621	0.125648
-1.05597	0.125614
-1.05563	0.125613
-1.0553	0.125851
-1.0552	0.12614
-1.05512	0.126157
-1.05474	0.12611
-1.05396	0.126145
-1.05323	0.126477
-1.05244	0.126577
-1.05161	0.126433
-1.05123	0.126215
-1.05099	0.126147
-1.05133	0.126082
-1.05163	0.126201
-1.0516	0.12644
-1.05152	0.126728
-1.05117	0.126744
-1.05088	0.126759
-1.05066	0.126855
-1.05032	0.126799
-1.05011	0.126542
-1.04986	0.126325
-1.0495	0.126246
-1.04937	0.126066
-1.04944	0.125987
-1.04937	0.125845
-1.04918	0.125587
-1.04896	0.125408
-1.04873	0.125106
-1.04834	0.124919
-1.04803	0.124731
-1.04777	0.124872
-1.04741	0.125052
-1.04708	0.125345
-1.04673	0.125324
-1.04628	0.125407
-1.04597	0.12557
-1.04569	0.125676
-1.04539	0.125654
-1.0449	0.125848
-1.0447	0.125936
-1.04452	0.125755
-1.04451	0.125658
-1.04455	0.125372
-1.04472	0.124966
-1.04515	0.124203
-1.04542	0.123399
-1.04567	0.122471
-1.0459	0.121779
-1.04597	0.121246
-1.04636	0.120527
-1.04667	0.119822
-1.04675	0.118957
-1.04672	0.118129
-1.04649	0.117409
-1.04654	0.116632
-1.04645	0.115936
-1.04632	0.115087
-1.04609	0.114426
-1.04577	0.113971
-1.04536	0.113852
-1.04477	0.113677
-1.044	0.113611
-1.04322	0.113472
-1.04256	0.113409
-1.04184	0.113127
-1.04133	0.1128
-1.04095	0.112301
-1.04062	0.111822
-1.04051	0.111439
-1.04037	0.111085
-1.04008	0.110742
-1.03985	0.110218
-1.03937	0.109878
-1.03894	0.109583
-1.03867	0.109272
-1.03806	0.109044
-1.03719	0.108879
-1.03651	0.108872
-1.03599	0.10894
-1.03565	0.108886
-1.03515	0.108817
-1.03463	0.108653
-1.034	0.108511
-1.03363	0.108377
-1.03332	0.108065
-1.0329	0.107586
-1.03237	0.107116
-1.03206	0.10645
-1.03182	0.105842
-1.03166	0.105271
-1.03152	0.104814
-1.03127	0.104827
-1.03113	0.104759
-1.03104	0.104658
-1.03131	0.104329
-1.03154	0.10419
-1.03178	0.103862
-1.03222	0.103446
-1.03271	0.103256
-1.03314	0.103082
-1.03351	0.102802
-1.03359	0.102236
-1.03358	0.10203
-1.03369	0.101823
-1.03355	0.101578
-1.03357	0.101496
-1.03359	0.101626
-1.03373	0.101766
-1.03413	0.10199
-1.03444	0.102234
-1.03451	0.102563
-1.03464	0.103079
-1.03507	0.103552
-1.03572	0.103859
-1.03634	0.104189
-1.03695	0.104026
-1.03737	0.103986
-1.03777	0.104002
-1.03818	0.104023
-1.03835	0.103826
-1.03874	0.10363
-1.03906	0.10336
-1.03934	0.103164
-1.03949	0.102956
-1.0398	0.102773
-1.04009	0.102713
-1.04056	0.102677
-1.04134	0.102638
-1.04184	0.102612
-1.0421	0.102543
-1.04232	0.102281
-1.04223	0.102107
-1.0422	0.102376
-1.04218	0.102798
-1.04239	0.10324
-1.04226	0.103581
-1.0422	0.103769
-1.04253	0.103779
-1.0428	0.103581
-1.04302	0.103604
-1.04325	0.103707
-1.04344	0.10374
-1.04351	0.103732
-1.04358	0.103622
-1.04353	0.103449
-1.04341	0.103072
-1.04331	0.102902
-1.043	0.102683
-1.043	0.102405
-1.04314	0.102173
-1.04313	0.102046
-1.04307	0.101778
-1.04304	0.101645
-1.04306	0.101315
-1.0432	0.101097
-1.04328	0.100658
-1.04338	0.100384
-1.04349	0.100426
-1.04354	0.100437
-1.04367	0.100395
-1.0438	0.100573
-1.04383	0.100655
-1.04383	0.100753
-1.04355	0.10081
-1.04324	0.100885
-1.04281	0.101055
-1.04229	0.101005
-1.04199	0.10077
-1.04184	0.10062
-1.04181	0.100471
-1.04155	0.100333
-1.04154	0.10032
-1.04162	0.100192
-1.04174	0.100057
-1.04199	0.0999082
-1.04225	0.0999118
-1.04242	0.0997175
-1.04273	0.09936
-1.04269	0.0990025
-1.04255	0.0986665
-1.04267	0.0987984
-1.04271	0.0989104
-1.04263	0.0989036
-1.0425	0.0989915
-1.04267	0.0987724
-1.04278	0.0986562
-1.0426	0.0985869
-1.04259	0.0983586
-1.04274	0.0982187
-1.04295	0.0980521
-1.04331	0.0978829
-1.04356	0.0974687
-1.04357	0.0972227
-1.0438	0.09692
-1.04398	0.0964266
-1.04416	0.0960856
-1.04424	0.0956369
-1.04429	0.0953364
-1.04436	0.0950422
-1.04441	0.0949223
-1.04421	0.0946888
-1.04423	0.0947276
-1.04428	0.0946045
-1.04431	0.0945132
-1.04449	0.0944881
-1.04481	0.0941494
-1.04521	0.0939171
-1.04581	0.0938103
-1.0462	0.0936952
-1.04664	0.0938469
-1.04702	0.0941828
-1.04677	0.0943317
-1.04645	0.0945762
-1.04615	0.0947982
-1.04578	0.09503
-1.04537	0.0951037
-1.04488	0.0949772
-1.04443	0.0947383
-1.04431	0.0948867
-1.04405	0.0949009
-1.04368	0.0949314
-1.04325	0.0948739
-1.0428	0.0950218
-1.04213	0.0951373
-1.04146	0.0952012
-1.04097	0.0953274
-1.04063	0.0954172
-1.04025	0.09563
-1.0398	0.0959362
-1.03934	0.0961088
-1.03876	0.0961706
-1.03849	0.0961877
-1.03852	0.0962381
-1.03849	0.096202
-1.03849	0.0962624
-1.03851	0.0961577
-1.03848	0.0962315
-1.03844	0.0961548
-1.03844	0.0963521
-1.03858	0.0962993
-1.03871	0.0959358
-1.03872	0.0956951
-1.03882	0.0952346
-1.03886	0.0944759
-1.03891	0.0937306
-1.0387	0.0926595
-1.03851	0.0919046
-1.03848	0.0911633
-1.03826	0.0904914
-1.03808	0.0899288
-1.03814	0.0895791
-1.03797	0.0890138
-1.03771	0.0889939
-1.0375	0.0892137
-1.03735	0.0892988
-1.03718	0.0893504
-1.03741	0.0893818
-1.03781	0.0896435
-1.03808	0.0897851
-1.038	0.0898876
-1.03774	0.0896658
-1.03763	0.0898887
-1.03766	0.089936
-1.03769	0.0900081
-1.0378	0.0898895
-1.03796	0.0898097
-1.03828	0.089465
-1.03882	0.0891514
-1.03921	0.088597
-1.03937	0.0881121
-1.03948	0.0876625
-1.03946	0.0872247
-1.03978	0.0868871
-1.04008	0.0865812
-1.04043	0.0862113
-1.04068	0.0858453
-1.04088	0.0854297
-1.04098	0.0851286
-1.04098	0.0845625
-1.04128	0.0838643
-1.04144	0.0831993
-1.0417	0.0828899
-1.04232	0.0826145
-1.04282	0.0826347
-1.04322	0.0827108
-1.04382	0.0827387
-1.04412	0.0830327
-1.04401	0.083466
-1.04396	0.0836633
-1.04391	0.0842552
-1.04403	0.0845674
-1.04425	0.0847015
-1.0445	0.0848726
-1.04499	0.0851995
-1.04548	0.0855491
-1.04595	0.086036
-1.04594	0.0864113
-1.04592	0.0869025
-1.04577	0.0872459
-1.04569	0.0873989
-1.04558	0.0875587
-1.04541	0.087575
-1.04517	0.087519
-1.04497	0.0875281
-1.04476	0.0869664
-1.04469	0.0865376
-1.04474	0.0860715
-1.04461	0.0858027
-1.04451	0.0856758
-1.04424	0.0853322
-1.04393	0.0850401
-1.04362	0.0849474
-1.04321	0.0848646
-1.04307	0.0846506
-1.04289	0.0843891
-1.04271	0.0842913
-1.04272	0.0839287
-1.04286	0.083682
-1.04322	0.0836559
-1.04351	0.0837501
-1.04395	0.0837738
-1.04424	0.0840512
-1.04448	0.0842417
-1.04492	0.0840917
-1.04533	0.0839064
-1.04563	0.0835763
-1.04583	0.0836406
-1.04621	0.083848
-1.04656	0.08385
-1.04696	0.0837694
-1.04737	0.0834749
-1.04747	0.083292
-1.04754	0.0831762
-1.0476	0.082914
-1.0474	0.0824999
-1.04708	0.0821378
-1.04699	0.0819231
-1.04675	0.0816445
-1.0464	0.0812729
-1.04625	0.0809125
-1.04623	0.0806094
-1.04631	0.0804536
-1.04631	0.0803365
-1.04651	0.0801678
-1.04671	0.0801088
-1.04676	0.0800317
-1.04692	0.0801205
-1.04723	0.0800367
-1.04746	0.0798869
-1.04765	0.0796356
-1.04793	0.0792207
-1.048	0.079078
-1.04805	0.0787979
-1.04812	0.0785477
-1.0483	0.0785865
-1.04866	0.0784173
-1.04856	0.0783501
-1.04859	0.0786163
-1.04892	0.0785271
-1.04901	0.0785484
-1.04906	0.0786319
-1.04911	0.0785101
-1.04918	0.0784746
-1.0493	0.0784856
-1.04918	0.0783255
-1.04885	0.078341
-1.04845	0.0784157
-1.04834	0.0786861
-1.04833	0.0790438
-1.04813	0.0793093
-1.04776	0.0795943
-1.04749	0.0797757
-1.04749	0.0801127
-1.04715	0.0807066
-1.04677	0.081234
-1.0466	0.081466
-1.0465	0.0814799
-1.04652	0.0815099
-1.04657	0.0815742
-1.04641	0.0816747
-1.04635	0.0817547
-1.0463	0.081749
-1.04612	0.0816651
-1.0462	0.0816688
-1.0463	0.0816458
-1.04658	0.0817455
-1.04707	0.081907
-1.04733	0.0820469
-1.04757	0.082092
-1.04781	0.0823786
-1.04813	0.082669
-1.04839	0.0828122
-1.04853	0.0828154
-1.0486	0.0825607
-1.04847	0.0818869
-1.0485	0.0815793
-1.04841	0.080891
-1.04846	0.0803948
-1.04867	0.0802109
-1.0489	0.0802311
-1.04912	0.0803329
-1.04911	0.0801084
-1.04919	0.0798239
-1.04932	0.0792789
-1.04954	0.0786748
-1.04965	0.078057
-1.04971	0.0773756
-1.0498	0.0764931
-1.0497	0.0759056
-1.04961	0.0755963
-1.04966	0.0756392
-1.04971	0.0757241
-1.04992	0.0759289
-1.05014	0.0762907
-1.05046	0.0763997
-1.05063	0.0765993
-1.05084	0.0767619
-1.05126	0.0770769
-1.05147	0.0770842
-1.05188	0.0770074
-1.05191	0.077174
-1.05181	0.0773038
-1.05165	0.0774669
-1.0516	0.0779862
-1.05186	0.0785562
-1.05214	0.0787812
-1.0525	0.078956
-1.05269	0.0791859
-1.05292	0.0792183
-1.05311	0.0792269
-1.05315	0.0791292
-1.05318	0.0791392
-1.05322	0.0789711
-1.05339	0.0787181
-1.05341	0.0786121
-1.05348	0.078781
-1.05351	0.0791915
-1.05339	0.0795169
-1.05329	0.0797704
-1.05365	0.0798186
-1.05393	0.0797029
-1.05398	0.0796684
-1.05405	0.0798382
-1.05391	0.0800351
-1.05347	0.0799996
-1.0531	0.0798409
-1.05287	0.0799682
-1.0527	0.0798492
-1.05256	0.0797698
-1.05254	0.0797651
-1.0524	0.0800349
-1.05222	0.0801807
-1.0519	0.0803003
-1.05142	0.0806076
-1.05117	0.081014
-1.0508	0.0810288
-1.05056	0.0808878
-1.05025	0.0807083
-1.05008	0.0805217
-1.05003	0.0802374
-1.05	0.0798844
-1.05006	0.0795799
-1.05011	0.0791976
-1.05009	0.0788012
-1.05015	0.0787548
-1.05016	0.0791789
-1.05009	0.0796199
-1.0498	0.0798591
-1.04955	0.0798837
-1.04932	0.0798551
-1.04881	0.0798934
-1.04834	0.0800413
-1.0482	0.0801796
-1.04801	0.0804206
-1.04802	0.0807079
-1.04793	0.0810274
-1.04794	0.0812835
-1.04819	0.081458
-1.04836	0.081681
-1.04857	0.0819031
-1.04857	0.0821212
-1.04842	0.0823379
-1.04827	0.0824969
-1.04825	0.082617
-1.04806	0.0826225
-1.04816	0.082468
-1.04839	0.0826218
-1.04891	0.0829873
-1.04913	0.0832999
-1.04934	0.0837115
-1.04977	0.0840222
-1.04998	0.0842667
-1.05039	0.0844176
-1.05078	0.0846045
-1.0512	0.0842343
-1.05144	0.0838725
-1.05154	0.0835049
-1.05173	0.0830004
-1.05219	0.0825662
-1.05218	0.0819914
-1.05223	0.0812839
-1.05249	0.0805751
-1.05253	0.0798672
-1.05262	0.0792799
-1.05278	0.0787671
-1.05294	0.0785865
-1.05305	0.078537
-1.05309	0.0786024
-1.05332	0.078901
-1.05357	0.0789163
-1.05381	0.0788862
-1.05412	0.0787479
-1.05407	0.0788753
-1.05402	0.0788309
-1.05405	0.078917
-1.05407	0.0789907
-1.05398	0.0788925
-1.05378	0.0788704
-1.05375	0.0787423
-1.05386	0.0785409
-1.05412	0.078274
-1.05421	0.0781967
-1.0544	0.0778228
-1.05431	0.0776069
-1.05409	0.0774622
-1.05379	0.0772728
-1.05327	0.0771953
-1.05318	0.0774128
-1.05308	0.0776662
-1.05288	0.0778908
-1.05268	0.0779573
-1.05248	0.0778563
-1.0525	0.077612
-1.05256	0.0775247
-1.05274	0.0775583
-1.05275	0.0773506
-1.05283	0.0773799
-1.05287	0.0774358
-1.05285	0.0774049
-1.0526	0.0773188
-1.05235	0.0769369
-1.0521	0.0764782
-1.05181	0.0761131
-1.05166	0.0758436
-1.05165	0.0756272
-1.05174	0.0753154
-1.05186	0.0751552
-1.05183	0.0751049
-1.05176	0.0750094
-1.05199	0.0750675
-1.05203	0.0752811
-1.05224	0.0757074
-1.05253	0.0759735
-1.05302	0.0761346
-1.05343	0.0762767
-1.05393	0.0765552
-1.05449	0.0767185
-1.05503	0.0767478
-1.05534	0.0768994
-1.0556	0.0769698
-1.05576	0.076838
-1.0558	0.0771036
-1.0559	0.0776651
-1.05597	0.0780034
-1.05565	0.0781215
-1.0552	0.077967
-1.05467	0.0775985
-1.05453	0.0773949
-1.05453	0.0772209
-1.05472	0.0770861
-1.05472	0.0769993
-1.05458	0.0767189
-1.05417	0.0763093
-1.05404	0.0760115
-1.05397	0.076012
-1.05415	0.0762974
-1.05424	0.0764403
-1.05404	0.0767489
-1.05359	0.07691
-1.05352	0.0770907
-1.05366	0.0776326
-1.054	0.0779788
-1.05451	0.0781641
-1.05504	0.0780923
-1.05566	0.0780821
-1.05616	0.0779981
-1.05647	0.0777277
-1.05649	0.0774343
-1.0563	0.0770547
-1.05596	0.0765624
-1.05576	0.0759746
-1.05593	0.0756995
-1.0559	0.0753028
-1.05562	0.0749807
-1.05517	0.0744675
-1.05481	0.0740047
-1.05422	0.0735656
-1.05388	0.0730348
-1.05355	0.0724071
-1.05298	0.0718326
-1.05236	0.0712602
-1.05201	0.0707667
-1.05171	0.0704397
-1.05136	0.0701032
-1.05097	0.0696991
-1.0511	0.0692428
-1.05122	0.0687253
-1.05128	0.068265
-1.05142	0.0679944
-1.05177	0.0677895
-1.05208	0.0676957
-1.05234	0.0674809
-1.0524	0.067599
-1.0525	0.0678303
-1.0526	0.0680215
-1.05281	0.0679835
-1.05302	0.0680525
-1.05302	0.0682627
-1.05317	0.0686726
-1.05332	0.068783
-1.05366	0.0689814
-1.0539	0.0692593
-1.05396	0.069371
-1.05422	0.0693183
-1.05453	0.0692344
-1.05488	0.0689308
-1.05508	0.0685001
-1.05515	0.0682886
-1.05531	0.0683093
-1.05535	0.0684625
-1.0557	0.0685929
-1.05584	0.0683836
-1.05598	0.068203
-1.05629	0.068007
-1.05645	0.0679548
-1.05658	0.0679457
-1.05665	0.067727
-1.05663	0.0676085
-1.05659	0.0675234
-1.05657	0.0674508
-1.05669	0.0671404
-1.05673	0.067065
-1.05652	0.0672431
-1.05634	0.0673639
-1.05625	0.0672156
-1.05592	0.0671138
-1.05552	0.0670899
-1.05534	0.0668963
-1.05532	0.0670114
-1.05532	0.0672884
-1.05527	0.0674416
-1.05496	0.0673994
-1.05463	0.0671526
-1.05457	0.0669852
-1.05457	0.0670252
-1.05472	0.0669592
-1.05481	0.0667055
-1.05477	0.0665277
-1.05444	0.066398
-1.05412	0.0664092
-1.05394	0.0667303
-1.05376	0.0668841
-1.05362	0.0669656
-1.05395	0.0672991
-1.05408	0.0674725
-1.05424	0.0677041
-1.05419	0.0679133
-1.05413	0.0681137
-1.05422	0.0682089
-1.05432	0.0681937
-1.05441	0.0677233
-1.05431	0.0674718
-1.05433	0.0672313
-1.0545	0.067045
-1.05468	0.0668921
-1.05487	0.0666038
-1.05513	0.0664147
-1.05518	0.0662235
-1.05497	0.0661465
-1.05493	0.0663029
-1.05513	0.0664102
-1.0555	0.0662932
-1.05578	0.0661542
-1.05607	0.0659438
-1.05644	0.0658379
-1.05668	0.065895
-1.05682	0.0660827
-1.05683	0.066022
-1.05698	0.0660411
-1.05706	0.066391
-1.05693	0.0665651
-1.05704	0.0668448
-1.05732	0.066937
-1.05738	0.0672314
-1.0575	0.0675118
-1.05755	0.0675791
-1.05773	0.0676465
-1.05782	0.0675869
-1.05762	0.0678607
-1.05737	0.0683666
-1.05702	0.06911
-1.05681	0.0696273
-1.05666	0.0702576
-1.05668	0.070608
-1.05645	0.0711618
-1.05624	0.0713901
-1.05592	0.0718044
-1.05556	0.072231
-1.05504	0.0727582
-1.05461	0.0730414
-1.05437	0.0734997
-1.05397	0.0740446
-1.05361	0.0743111
-1.05312	0.0741329
-1.05266	0.0739684
-1.05216	0.0736085
-1.05196	0.0736943
-1.05146	0.0737925
-1.05082	0.0739927
-1.05063	0.0741174
-1.05058	0.0742043
-1.05054	0.0741706
-1.05059	0.0740996
-1.05043	0.0740066
-1.05047	0.0740631
-1.05028	0.0742462
-1.05023	0.0745819
-1.05006	0.0749268
-1.04987	0.0752101
-1.04967	0.0754635
-1.0495	0.0757871
-1.04957	0.075929
-1.04976	0.0761672
-1.05013	0.0763743
-1.05028	0.076535
-1.05036	0.0766513
-1.05052	0.0769169
-1.05057	0.077217
-1.05048	0.0775928
-1.05019	0.0776278
-1.05013	0.0779313
-1.05009	0.078124
-1.05041	0.0779885
-1.05039	0.077936
-1.05053	0.0780816
-1.0507	0.0782376
-1.05075	0.0781787
-1.0508	0.0783452
-1.0508	0.0785334
-1.05071	0.0786665
-1.05069	0.0784913
-1.05085	0.0784775
-1.05071	0.0780101
-1.05075	0.0775847
-1.05074	0.0774624
-1.05086	0.0774518
-1.05112	0.077311
-1.05126	0.07729
-1.05123	0.077213
-1.05103	0.076923
-1.05069	0.0767492
-1.05056	0.0763173
-1.05041	0.0759667
-1.05051	0.075417
-1.0507	0.0749576
-1.05083	0.0745994
-1.05081	0.0741816
-1.0509	0.073761
-1.05072	0.0736237
-1.05066	0.0735863
-1.05053	0.0734679
-1.05034	0.0732589
-1.05048	0.0731446
-1.05067	0.0731348
-1.05092	0.0733871
-1.05097	0.0738052
-1.05114	0.0742443
-1.05136	0.074467
-1.05168	0.0747685
-1.05189	0.0750026
-1.05179	0.0752053
-1.05188	0.0751416
-1.05201	0.0749898
-1.05212	0.0750848
-1.05238	0.0752513
-1.05244	0.0753315
-1.05222	0.0756077
-1.05213	0.0756597
-1.05217	0.0755622
-1.05245	0.0752322
-1.05247	0.0750537
-1.05246	0.0751514
-1.05251	0.0752771
-1.0527	0.0752901
-1.05286	0.0753481
-1.05289	0.0755102
-1.0527	0.075735
-1.05257	0.0758978
-1.05252	0.0761005
-1.05234	0.0762021
-1.05234	0.0761039
-1.0524	0.0759277
-1.05265	0.0757185
-1.05288	0.0755551
-1.05311	0.0753578
-1.05349	0.0752664
-1.0537	0.074865
-1.05352	0.0745807
-1.05335	0.074214
-1.05312	0.0740448
-1.05294	0.0738406
-1.05299	0.073731
-1.05284	0.0735664
-1.05311	0.0732868
-1.05331	0.0728548
-1.0536	0.0723256
-1.05382	0.0718837
-1.05392	0.0719369
-1.05407	0.0719124
-1.05427	0.0720134
-1.05441	0.0720744
-1.05437	0.0722827
-1.05454	0.0724581
-1.05451	0.0727887
-1.05463	0.0727463
-1.05493	0.0730135
-1.05492	0.0733446
-1.05478	0.073836
-1.05482	0.0743942
-1.05478	0.0749796
-1.05485	0.0753809
-1.05487	0.0756127
-1.055	0.0757684
-1.05502	0.0755558
-1.05501	0.0755188
-1.05516	0.0755981
-1.05517	0.0756638
-1.05506	0.0757006
-1.0548	0.0758227
-1.05445	0.0758632
-1.05448	0.0761704
-1.05469	0.0764289
-1.05498	0.0768225
-1.05515	0.0773799
-1.05567	0.0778432
-1.05606	0.0781853
-1.05645	0.0785348
-1.05673	0.0785763
-1.05689	0.0786349
-1.05687	0.0785885
-1.05698	0.0785668
-1.05719	0.0787336
-1.0573	0.0785664
-1.05738	0.0782846
-1.05758	0.0781864
-1.05744	0.0782508
-1.0574	0.0783299
-1.05748	0.0780177
-1.05755	0.0780843
-1.05764	0.077894
-1.05763	0.0776473
-1.05743	0.0775358
-1.0572	0.0774479
-1.05729	0.0773697
-1.05735	0.0774258
-1.05758	0.0773592
-1.05764	0.0773065
-1.05752	0.0772246
-1.0576	0.0771795
-1.05754	0.0775179
-1.05767	0.0779
-1.05779	0.07829
-1.05789	0.078604
-1.0578	0.0787166
-1.05782	0.0788935
-1.05788	0.0791111
-1.05771	0.0795094
-1.05739	0.0799658
-1.05721	0.0805272
-1.05746	0.080884
-1.05776	0.0816893
-1.05793	0.0825077
-1.05831	0.0828949
-1.05885	0.0830032
-1.05928	0.0829481
-1.05912	0.0827739
-1.05911	0.0825636
-1.0591	0.0823248
-1.0591	0.0819733
-1.05904	0.0816885
-1.05867	0.0814801
-1.0583	0.0813791
-1.05807	0.0813674
-1.05796	0.0813565
-1.05803	0.0813104
-1.05816	0.0815817
-1.05833	0.0819726
-1.05857	0.0824359
-1.0587	0.0826466
-1.05886	0.0824208
-1.05902	0.0823298
-1.05922	0.0822868
-1.05956	0.0825793
-1.05972	0.0827133
-1.05978	0.0830937
-1.05965	0.0835666
-1.05956	0.0839615
-1.05925	0.0843004
-1.05896	0.0845109
-1.05867	0.0847514
-1.05799	0.0850423
-1.05744	0.085188
-1.0568	0.085224
-1.05655	0.0850591
-1.0561	0.0848646
-1.05555	0.0847762
-1.05492	0.0847104
-1.0545	0.08452
-1.05405	0.0845621
-1.05401	0.0846546
-1.05383	0.0846444
-1.05352	0.0846777
-1.05334	0.0847839
-1.05339	0.0850169
-1.05346	0.0852507
-1.05345	0.0855225
-1.05316	0.0858618
-1.05299	0.0861625
-1.05277	0.086646
-1.05268	0.0868263
-1.05268	0.0870802
-1.05295	0.0876195
-1.05316	0.0878777
-1.05314	0.0881837
-1.05315	0.0884498
-1.05311	0.0887747
-1.05326	0.089174
-1.05317	0.0896004
-1.05323	0.0899861
-1.05339	0.0902837
-1.05339	0.0906161
-1.05331	0.0908052
-1.05319	0.0909996
-1.05335	0.0910088
-1.05352	0.091132
-1.05356	0.0913591
-1.05349	0.0915362
-1.0536	0.091851
-1.05377	0.0920248
-1.05411	0.0918074
-1.05462	0.0918615
-1.05516	0.0917334
-1.05577	0.0915887
-1.05663	0.0918754
-1.05719	0.0920721
-1.05751	0.0921887
-1.05756	0.0921642
-1.05784	0.0920166
-1.05787	0.0915801
-1.05773	0.0912696
-1.05759	0.0909249
-1.05769	0.0908648
-1.05768	0.0908398
-1.05758	0.0908377
-1.05744	0.0905407
-1.05749	0.0902583
-1.05784	0.0899227
-1.05798	0.0897312
-1.05786	0.0891453
-1.05791	0.0886611
-1.05786	0.0884586
-1.05783	0.0886488
-1.05767	0.0888565
-1.05781	0.0887685
-1.05807	0.0889447
-1.05825	0.0890557
-1.0585	0.0891418
-1.0586	0.0890455
-1.05865	0.0888685
-1.05872	0.0886396
-1.05856	0.0885642
-1.05847	0.088606
-1.05809	0.0884941
-1.05811	0.0885392
-1.05825	0.0886598
-1.05824	0.0887043
-1.05834	0.0887384
-1.05847	0.0886678
-1.05859	0.0883531
-1.05845	0.0880395
-1.05849	0.0879854
-1.05847	0.0880213
-1.05832	0.0883602
-1.05835	0.0887314
-1.05859	0.0890062
-1.05867	0.0895653
-1.05847	0.089911
-1.05864	0.0900082
-1.05858	0.0900015
-1.0586	0.0900289
-1.05844	0.0898678
-1.05843	0.0899707
-1.05837	0.0901115
-1.05836	0.0903119
-1.05823	0.0903915
-1.05793	0.0903458
-1.05758	0.0904356
-1.05698	0.0908233
-1.05628	0.0910481
-1.0557	0.0912534
-1.05521	0.0914657
-1.0548	0.0917341
-1.0545	0.0921973
-1.05437	0.0929015
-1.05448	0.093411
-1.05445	0.0937924
-1.0546	0.093966
-1.05494	0.094106
-1.05512	0.0943059
-1.05556	0.0943688
-1.05604	0.0944249
-1.05643	0.0944394
-1.05685	0.0944492
-1.05713	0.0943422
-1.0573	0.094068
-1.0574	0.0937506
-1.0573	0.0936409
-1.05701	0.0936832
-1.05677	0.0937429
-1.05666	0.0937928
-1.05621	0.0938277
-1.05592	0.0938747
-1.05563	0.0941663
-1.05519	0.0941791
-1.05506	0.0942658
-1.0549	0.0939372
-1.05512	0.0935604
-1.05524	0.0933036
-1.05546	0.0929935
-1.05556	0.092765
-1.05574	0.092422
-1.05604	0.0922354
-1.0563	0.092101
-1.05619	0.0920378
-1.05628	0.0920769
-1.05652	0.0922225
-1.05681	0.0922172
-1.0573	0.0922745
-1.05773	0.0922784
-1.05821	0.0922538
-1.05866	0.0922207
-1.05903	0.092323
-1.05931	0.0921003
-1.05963	0.0919917
-1.05991	0.0918111
-1.06028	0.0916364
-1.06059	0.0913944
-1.06103	0.0910642
-1.06175	0.0907055
-1.06255	0.0904316
-1.06313	0.0900741
-1.06367	0.0898719
-1.06398	0.089948
-1.06427	0.0902076
-1.06443	0.0903321
-1.06447	0.090314
-1.06475	0.0901706
-1.06454	0.090478
-1.06457	0.09059
-1.06454	0.0906039
-1.06451	0.0904867
-1.06453	0.0904179
-1.06456	0.0901917
-1.06435	0.0899941
-1.0638	0.089888
-1.06318	0.0900626
-1.06257	0.089907
-1.06199	0.0900294
-1.06152	0.0902601
-1.06122	0.0904896
-1.06104	0.0904583
-1.06062	0.0903408
-1.06008	0.0902569
-1.0597	0.089933
-1.05951	0.0895962
-1.05942	0.0888482
-1.05943	0.088045
-1.0594	0.0876997
-1.05947	0.0876213
-1.05945	0.0875819
-1.05943	0.0876429
-1.05917	0.087747
-1.05874	0.0878807
-1.05862	0.087977
-1.05872	0.0880558
-1.05895	0.088549
-1.05927	0.0888821
-1.05935	0.0893373
-1.05918	0.0895996
-1.05909	0.090061
-1.05947	0.0905268
-1.0597	0.0906893
-1.05983	0.0908848
-1.06004	0.0908743
-1.06015	0.0905817
-1.06005	0.0902521
-1.06022	0.0899458
-1.06027	0.0895771
-1.06052	0.0893342
-1.06038	0.0893538
-1.06018	0.0894094
-1.06021	0.0894053
-1.06014	0.089645
-1.06008	0.0898781
-1.06004	0.0900864
-1.05983	0.0903947
-1.05935	0.0907979
-1.05931	0.0907669
-1.05941	0.0907006
-1.05953	0.0906875
-1.0598	0.0906391
-1.06002	0.0905827
-1.0604	0.0904031
-1.06094	0.0903911
-1.06123	0.0902362
-1.06166	0.0900745
-1.06209	0.089995
-1.06255	0.0899903
-1.06292	0.0897038
-1.06336	0.0898122
-1.0637	0.0901465
-1.06376	0.0908255
-1.06378	0.0913325
-1.06385	0.0913605
-1.06394	0.0914023
-1.06386	0.091253
-1.06388	0.0911686
-1.06387	0.091051
-1.06379	0.091436
-1.06364	0.0914839
-1.06337	0.0915652
-1.06339	0.0914472
-1.06328	0.0914008
-1.06298	0.0912592
-1.06288	0.0912781
-1.06257	0.0913431
-1.06262	0.0914115
-1.06263	0.0914654
-1.06264	0.0914417
-1.0626	0.0912191
-1.06293	0.0908925
-1.06333	0.0904241
-1.06371	0.0901503
-1.064	0.0900877
-1.06429	0.0900923
-1.06473	0.0900987
-1.06524	0.0898746
-1.06538	0.0897297
-1.06558	0.0896963
-1.06592	0.089716
-1.06601	0.0898262
-1.06592	0.0897384
-1.06557	0.0896832
-1.06509	0.0896844
-1.065	0.0897121
-1.06492	0.0897097
-1.06502	0.0898451
-1.06499	0.0896679
-1.06538	0.0891686
-1.06559	0.0886923
-1.06579	0.0881107
-1.066	0.0875957
-1.0662	0.0871345
-1.06628	0.0867398
-1.06631	0.0864414
-1.06632	0.0862691
-1.06629	0.0859697
-1.06609	0.0860085
-1.06577	0.0857522
-1.06545	0.0855045
-1.06508	0.0852923
-1.06469	0.0848449
-1.06446	0.0844468
-1.06444	0.0842904
-1.06441	0.0841623
-1.06402	0.0837241
-1.06399	0.0834878
-1.06387	0.0829744
-1.06382	0.0827001
-1.06376	0.0822672
-1.06356	0.0819777
-1.0632	0.0816849
-1.06274	0.0815772
-1.06247	0.0815373
-1.06227	0.0818834
-1.06219	0.0824248
-1.06216	0.0828999
-1.06193	0.0833751
-1.06172	0.0838569
-1.06147	0.084079
-1.0612	0.0844
-1.06084	0.0843943
-1.06028	0.0843718
-1.05988	0.0842701
-1.05925	0.0839538
-1.05873	0.0837495
-1.05803	0.0835528
-1.05749	0.0831899
-1.0569	0.0827736
-1.05655	0.0828919
-1.056	0.0829894
-1.05571	0.0828632
-1.05557	0.0829037
-1.05556	0.0833578
-1.05557	0.0839662
-1.05552	0.0844304
-1.05565	0.0848791
-1.05545	0.0852811
-1.05515	0.0852916
-1.05495	0.0852853
-1.05498	0.0852092
-1.05494	0.085168
-1.05485	0.0848437
-1.05469	0.0845151
-1.05452	0.0843995
-1.05429	0.0842558
-1.05416	0.0839222
-1.05398	0.0836521
-1.05378	0.083477
-1.05377	0.0835703
-1.05386	0.0839103
-1.05405	0.0840101
-1.05427	0.0843011
-1.05448	0.0844824
-1.05445	0.0847503
-1.05434	0.0850586
-1.05401	0.0851581
-1.05388	0.0849862
-1.05379	0.0849218
-1.05382	0.0851674
-1.05387	0.0849773
-1.05376	0.0848445
-1.0537	0.0845861
-1.05348	0.0844062
-1.05327	0.0843244
-1.05317	0.0842875
-1.05323	0.084377
-1.05313	0.0842602
-1.05322	0.0842738
-1.05318	0.0844087
-1.05274	0.0845749
-1.05231	0.0847862
-1.05201	0.0853601
-1.05148	0.0860336
-1.05106	0.0866156
-1.05073	0.0870184
-1.05038	0.0872469
-1.05013	0.0874102
-1.05004	0.0876163
-1.04975	0.0878264
-1.04942	0.087837
-1.0492	0.0876942
-1.04879	0.0875268
-1.04827	0.0874534
-1.04773	0.0871091
-1.04737	0.0866228
-1.04709	0.0860645
-1.0471	0.0856761
-1.04665	0.0851056
-1.04595	0.0847084
-1.04533	0.0842525
-1.04516	0.0841355
-1.04505	0.0839288
-1.04517	0.0840693
-1.04526	0.0840838
-1.04544	0.0843199
-1.04536	0.0843847
-1.04517	0.0842737
-1.04521	0.0840152
-1.04511	0.0838641
-1.04496	0.0837142
-1.04492	0.0837551
-1.04494	0.084033
-1.04465	0.0841426
-1.04445	0.0840734
-1.04434	0.0840033
-1.04436	0.0838562
-1.04443	0.0837975
-1.04412	0.0835979
-1.04393	0.0832999
-1.04379	0.0829065
-1.04353	0.0827988
-1.04336	0.0827115
-1.04312	0.0825928
-1.04285	0.0825132
-1.04261	0.082651
-1.04241	0.0825818
-1.04229	0.0825561
-1.04195	0.0824988
-1.04178	0.0822109
-1.04167	0.0820487
-1.0416	0.081983
-1.04159	0.082147
-1.04169	0.082599
-1.04147	0.0831328
-1.04152	0.0831591
-1.04165	0.0829302
-1.04176	0.0829079
-1.04159	0.0826621
-1.0415	0.0826926
-1.04144	0.0828848
-1.04161	0.0827572
-1.04185	0.0827033
-1.04209	0.082815
-1.04234	0.0829421
-1.04265	0.0828999
-1.04304	0.082651
-1.04319	0.0826505
-1.04306	0.082806
-1.04298	0.0828341
-1.04296	0.0829184
-1.0428	0.0830056
-1.04259	0.0832278
-1.04232	0.0837463
-1.04191	0.0842776
-1.04154	0.0844923
-1.04159	0.0845726
-1.04146	0.0847155
-1.04142	0.0846964
-1.04148	0.0848778
-1.04187	0.0847252
-1.04236	0.0849117
-1.04272	0.0849096
-1.04309	0.0849861
-1.0432	0.0847362
-1.04322	0.0844997
-1.04337	0.0843763
-1.04349	0.0842424
-1.04349	0.0840265
-1.04348	0.0837971
-1.04332	0.0840389
-1.0431	0.0841482
-1.0429	0.0841234
-1.04277	0.0841881
-1.04259	0.0845565
-1.04235	0.0847682
-1.04221	0.0846779
-1.04211	0.0845883
-1.04209	0.0845417
-1.04221	0.0845572
-1.04225	0.0847883
-1.04213	0.0850391
-1.04212	0.0852128
-1.04201	0.0855545
-1.04189	0.0858289
-1.04172	0.0862565
-1.0415	0.0864307
-1.04105	0.0864643
-1.04055	0.0866428
-1.04	0.0868999
-1.03947	0.0871387
-1.03909	0.0871583
-1.03861	0.0872102
-1.03798	0.0873661
-1.03741	0.0874367
-1.03699	0.0877608
-1.03687	0.0881267
-1.03692	0.0886838
-1.03723	0.0893338
-1.03748	0.0895795
-1.03749	0.0896554
-1.03727	0.0896448
-1.0373	0.0898644
-1.0372	0.0900785
-1.03729	0.0904943
-1.03741	0.0907848
-1.03748	0.0909477
-1.03752	0.091349
-1.03764	0.0915186
-1.03756	0.0915415
-1.03761	0.0914301
-1.03764	0.0913313
-1.03773	0.0913373
-1.03787	0.0913255
-1.03805	0.091155
-1.0382	0.0909301
-1.03829	0.090664
-1.03812	0.0901668
-1.03798	0.0896975
-1.03796	0.089357
-1.03826	0.0890092
-1.03844	0.0886303
-1.03849	0.0886028
-1.03884	0.0886835
-1.03896	0.0887567
-1.03881	0.0888852
-1.03845	0.0887852
-1.0383	0.0886312
-1.03807	0.0886099
-1.03794	0.0883553
-1.03773	0.0880653
-1.03777	0.0876093
-1.03759	0.0874791
-1.03759	0.0873135
-1.03761	0.087111
-1.038	0.0868931
-1.03834	0.0867349
-1.03852	0.0863366
-1.03861	0.085994
-1.03882	0.0858334
-1.03882	0.0855702
-1.03873	0.0851815
-1.03843	0.0850122
-1.03793	0.0850505
-1.03738	0.084898
-1.03684	0.0845826
-1.03652	0.0842073
-1.03624	0.0840186
-1.03589	0.084093
-1.03572	0.0843262
-1.03543	0.0847621
-1.03507	0.0854015
-1.03466	0.0858994
-1.03432	0.0863742
-1.03415	0.0868537
-1.03417	0.0868729
-1.03413	0.0868531
-1.03396	0.0870652
-1.03383	0.0872856
-1.03358	0.0876896
-1.0334	0.0880281
-1.03344	0.088352
-1.03363	0.0886052
-1.03387	0.0887251
-1.03378	0.0886984
-1.0339	0.088696
-1.03381	0.0885986
-1.03372	0.0885929
-1.03377	0.0888109
-1.03398	0.0889504
-1.03408	0.0887771
-1.03428	0.0886192
-1.03439	0.0884483
-1.03431	0.0882585
-1.03436	0.0883623
-1.03434	0.0881917
-1.03428	0.0878616
-1.03417	0.0877487
-1.03421	0.0878982
-1.03431	0.0878116
-1.03455	0.0878264
-1.03479	0.0877312
-1.03492	0.0875076
-1.03508	0.0872198
-1.03483	0.0869499
-1.03479	0.0864816
-1.03451	0.0858579
-1.0347	0.085251
-1.03475	0.0851168
-1.03461	0.0849569
-1.03445	0.0845907
-1.03449	0.0843569
-1.03428	0.0838772
-1.03422	0.0835538
-1.03419	0.0835135
-1.03427	0.083442
-1.03449	0.0837906
-1.0348	0.0838113
-1.03488	0.0837281
-1.03474	0.0841893
-1.03484	0.0841876
-1.03507	0.0840704
-1.03496	0.0839657
-1.03496	0.0839549
-1.03462	0.0839918
-1.03442	0.0843609
-1.03421	0.0848135
-1.0342	0.0852062
-1.03453	0.0853169
-1.03483	0.0853867
-1.03477	0.085362
-1.03478	0.0851789
-1.03505	0.0847145
-1.03524	0.0843814
-1.03491	0.0840901
-1.0346	0.084123
-1.03399	0.0843222
-1.03344	0.0845388
-1.03292	0.0848787
-1.03242	0.0850039
-1.03197	0.0849736
-1.03185	0.08486
-1.03163	0.0845577
-1.03112	0.0845014
-1.03055	0.0843619
-1.03035	0.0842988
-1.03034	0.0840988
-1.03035	0.0841765
-1.03023	0.0842302
-1.03023	0.0842094
-1.03022	0.084379
-1.03024	0.0845626
-1.02993	0.0846524
-1.03001	0.0847638
-1.03028	0.0847071
-1.03024	0.0845667
-1.03006	0.0845411
-1.02983	0.0844867
-1.02959	0.0845376
-1.02943	0.0848565
-1.0293	0.0848831
-1.02908	0.084622
-1.02894	0.084406
-1.02895	0.0841303
-1.02851	0.0838707
-1.028	0.083445
-1.02733	0.0829687
-1.02691	0.0826522
-1.02699	0.0820926
-1.02693	0.0820005
-1.0267	0.0816485
-1.0263	0.0814436
-1.0259	0.0814248
-1.0259	0.0815168
-1.02594	0.0813094
-1.02612	0.0814401
-1.02651	0.0815697
-1.02676	0.0818495
-1.02672	0.0818182
-1.02666	0.0816754
-1.02679	0.0817889
-1.02707	0.0817993
-1.02736	0.081905
-1.02756	0.0822229
-1.02778	0.082606
-1.02804	0.0830714
-1.02832	0.0832237
-1.02853	0.0833991
-1.02863	0.0837027
-1.02873	0.084014
-1.02894	0.0844648
-1.02922	0.0849404
-1.02976	0.0852875
-1.03022	0.0859797
-1.03061	0.0867387
-1.03102	0.0874747
-1.0315	0.0877257
-1.03181	0.0880369
-1.03228	0.0883108
-1.03247	0.0887129
-1.0329	0.0891387
-1.0331	0.0892881
-1.03341	0.0896112
-1.03361	0.0898861
-1.0337	0.0898561
-1.0338	0.0899149
-1.03379	0.0900011
-1.03391	0.0898855
-1.03386	0.0897185
-1.03399	0.0896575
-1.03408	0.0895231
-1.03415	0.0894893
-1.03425	0.0893583
-1.03464	0.0894938
-1.03473	0.0898169
-1.03456	0.0902956
-1.03418	0.0905853
-1.03398	0.090918
-1.03372	0.0911881
-1.0333	0.0913154
-1.03289	0.0912205
-1.03262	0.0909783
-1.03264	0.0908109
-1.0325	0.0909226
-1.03239	0.0910978
-1.03231	0.0911545
-1.03214	0.0909938
-1.03197	0.0910793
-1.03174	0.0911248
-1.03161	0.0911963
-1.0317	0.0911578
-1.0317	0.0911052
-1.03135	0.0910556
-1.03091	0.0911
-1.03069	0.0912185
-1.03037	0.0914837
-1.0301	0.0919823
-1.02996	0.0921709
-1.03017	0.0925645
-1.03023	0.0928458
-1.0302	0.0929154
-1.03023	0.092849
-1.02992	0.0929227
-1.02946	0.0927219
-1.02889	0.0927964
-1.02853	0.0929392
-1.02813	0.0933119
-1.028	0.0937264
-1.02826	0.0943673
-1.02829	0.0947934
-1.02855	0.0950085
-1.02878	0.0950885
-1.02877	0.0951274
-1.02893	0.0950931
-1.02914	0.0949671
-1.02933	0.0951956
-1.02946	0.0952114
-1.02959	0.0952545
-1.02957	0.095172
-1.02953	0.0950567
-1.02963	0.0951784
-1.02981	0.095592
-1.0301	0.096047
-1.03026	0.0964085
-1.03043	0.0968403
-1.03079	0.0968963
-1.03137	0.0969062
-1.03195	0.0969074
-1.03256	0.0971091
-1.03321	0.0970313
-1.03391	0.0969326
-1.03438	0.0966539
-1.03483	0.0965155
-1.03532	0.0964353
-1.03581	0.0963554
-1.03623	0.0962212
-1.0365	0.0959692
-1.03683	0.0955696
-1.03707	0.0954448
-1.03707	0.0954236
-1.03703	0.0954771
-1.03709	0.0956111
-1.03706	0.0955433
-1.0372	0.0954915
-1.03734	0.0956149
-1.03747	0.0961313
-1.03757	0.0963693
-1.03741	0.0963771
-1.03726	0.0963607
-1.03672	0.0965205
-1.03625	0.0967128
-1.03594	0.0968852
-1.03563	0.0969513
-1.03554	0.0970373
-1.03549	0.097288
-1.03552	0.0974361
-1.0355	0.0973741
-1.03569	0.0973127
-1.03585	0.0971681
-1.03609	0.097174
-1.03629	0.0969271
-1.03635	0.0968276
-1.03619	0.0968382
-1.03612	0.0965851
-1.03606	0.0963287
-1.03607	0.0961071
-1.03595	0.095935
-1.03579	0.0956129
-1.03545	0.0953633
-1.03517	0.0947513
-1.03472	0.0941977
-1.0342	0.0938551
-1.03361	0.0937615
-1.03325	0.0939279
-1.03305	0.0939501
-1.03288	0.0939485
-1.03288	0.093786
-1.03266	0.093669
-1.0325	0.0935182
-1.03252	0.0933145
-1.03262	0.0932651
-1.03294	0.0934783
-1.03321	0.0934358
-1.03352	0.0933334
-1.03367	0.0932201
-1.03389	0.0931845
-1.0346	0.0930247
-1.03491	0.0929748
-1.03511	0.0929879
-1.03549	0.0928476
-1.03607	0.0927372
-1.03654	0.0927151
-1.03702	0.0925485
-1.0374	0.0924977
-1.03773	0.09235
-1.03815	0.0920813
-1.03871	0.0921523
-1.03916	0.0925643
-1.03949	0.0928682
-1.03973	0.0930655
-1.03988	0.0932957
-1.03993	0.0933747
-1.04004	0.0936219
-1.04015	0.09412
-1.04029	0.0944601
-1.04056	0.0946189
-1.04073	0.0947458
-1.04054	0.094555
-1.04024	0.0945674
-1.03979	0.0944372
-1.03943	0.0941064
-1.03923	0.093837
-1.03925	0.0935321
-1.03936	0.0930595
-1.03931	0.0926772
-1.03924	0.0922664
-1.0392	0.0921657
-1.03928	0.0919795
-1.03955	0.0917035
-1.03963	0.091553
-1.03955	0.0913494
-1.03943	0.0911574
-1.03913	0.0907189
-1.03859	0.0901742
-1.03794	0.0898
-1.03742	0.0896011
-1.0371	0.089453
-1.03746	0.0893212
-1.03781	0.0895709
-1.0382	0.0900577
-1.03877	0.09047
-1.03937	0.0907044
-1.03961	0.0909798
-1.03966	0.0911008
-1.03971	0.0915085
-1.03972	0.0915595
-1.03976	0.0914494
-1.03932	0.0912155
-1.03912	0.0909751
-1.0389	0.0908055
-1.03872	0.0908092
-1.0386	0.0908794
-1.03877	0.0907293
-1.03875	0.090846
-1.03879	0.0911126
-1.03895	0.0913894
-1.03905	0.0918558
-1.03949	0.0922929
-1.03973	0.0925341
-1.03978	0.0927416
-1.04002	0.0930213
-1.04	0.0929788
-1.04017	0.0928277
-1.04031	0.0930219
-1.04057	0.0930725
-1.0408	0.0934426
-1.04085	0.0937219
-1.04068	0.0940483
-1.04076	0.0941413
-1.04105	0.094471
-1.04115	0.0948025
-1.04118	0.0952571
-1.04122	0.0955141
-1.04135	0.0955175
-1.04142	0.0953539
-1.04156	0.0951881
-1.0417	0.0950492
-1.04158	0.0948933
-1.04148	0.0946899
-1.04146	0.0944493
-1.04139	0.0938569
-1.04121	0.0933276
-1.0411	0.0928027
-1.04092	0.0924694
-1.04055	0.0922929
-1.04023	0.092042
-1.0401	0.0918407
-1.03997	0.0914575
-1.03989	0.0911611
-1.03987	0.0908003
-1.03954	0.0902821
-1.03908	0.0897177
-1.0385	0.0895471
-1.03808	0.0896494
-1.03761	0.0896187
-1.03712	0.0896139
-1.03672	0.0892785
-1.03631	0.0890752
-1.03575	0.0890042
-1.0353	0.0889327
-1.03493	0.0886383
-1.03457	0.0884514
-1.03425	0.0884725
-1.03401	0.0885281
-1.03389	0.0888318
-1.03378	0.0888436
-1.03388	0.0889304
-1.03355	0.0888248
-1.03327	0.0886136
-1.03295	0.0884686
-1.03256	0.0882493
-1.03244	0.0882014
-1.03238	0.0885702
-1.03246	0.088954
-1.03241	0.0889354
-1.03264	0.089094
-1.0331	0.0892789
-1.03347	0.0893451
-1.03382	0.0892271
-1.03395	0.0889155
-1.03436	0.0887191
-1.03466	0.0886234
-1.0347	0.0885802
-1.03474	0.0886583
-1.03503	0.0885183
-1.03534	0.088666
-1.03516	0.0885821
-1.0353	0.0886131
-1.03524	0.0881268
-1.03517	0.0876007
-1.03514	0.087123
-1.03486	0.0869253
-1.03459	0.0867454
-1.03435	0.0863405
-1.03417	0.0862403
-1.03393	0.0862918
-1.03351	0.0862901
-1.0331	0.0861549
-1.03261	0.0860028
-1.03212	0.0859785
-1.03179	0.0855906
-1.03154	0.0853291
-1.03125	0.0852758
-1.0312	0.0852017
-1.03122	0.0852157
-1.03118	0.0852584
-1.03124	0.0852075
-1.03142	0.085112
-1.03157	0.0850468
-1.03151	0.0851373
-1.03138	0.0852959
-1.03112	0.0853512
-1.03085	0.085558
-1.0304	0.0855315
-1.03011	0.0852701
-1.03007	0.0848671
-1.03001	0.0843475
-1.02998	0.0839617
-1.03004	0.0837949
-1.03029	0.0835188
-1.03066	0.0833857
-1.03079	0.0832458
-1.03083	0.0832345
-1.03101	0.0831135
-1.03099	0.0829909
-1.0309	0.0826981
-1.03065	0.0824957
-1.03034	0.0825076
-1.03007	0.0823326
-1.02981	0.0823171
-1.02981	0.0823972
-1.02976	0.0822674
-1.02984	0.082181
-1.02994	0.0822461
-1.02984	0.0824071
-1.03013	0.0827956
-1.0305	0.0832089
-1.03086	0.0835167
-1.03123	0.0838111
-1.03154	0.0838672
-1.03166	0.0836276
-1.03171	0.0834951
-1.03175	0.083154
-1.03183	0.0830448
-1.03188	0.0828344
-1.03158	0.0826584
-1.03127	0.0824281
-1.0311	0.0821054
-1.03106	0.0816042
-1.031	0.0814884
-1.03109	0.0814752
-1.03138	0.0816087
-1.03149	0.0819655
-1.03145	0.0824166
-1.03154	0.0827875
-1.03147	0.0830202
-1.03148	0.0835241
-1.03149	0.0839987
-1.03179	0.084256
-1.03198	0.0843695
-1.03191	0.0843946
-1.03171	0.0846482
-1.0316	0.0848299
-1.0317	0.0849513
-1.03179	0.0850487
-1.03185	0.0851641
-1.03195	0.0852506
-1.03205	0.0854347
-1.03223	0.0856603
-1.03254	0.085734
-1.03257	0.0857161
-1.03262	0.0859146
-1.03293	0.0857525
-1.03332	0.0857703
-1.0336	0.0857428
-1.03389	0.085673
-1.03423	0.0855441
-1.03418	0.085162
-1.03402	0.0847792
-1.03377	0.0849475
-1.03368	0.0852648
-1.03326	0.0854164
-1.03327	0.0854429
-1.03321	0.085721
-1.03318	0.0860511
-1.03338	0.0863731
-1.03367	0.0868683
-1.03426	0.0869414
-1.03459	0.0868239
-1.03483	0.0866574
-1.03496	0.0864441
-1.03513	0.0864323
-1.03521	0.0863215
-1.03532	0.0862442
-1.03554	0.086089
-1.03573	0.0859144
-1.03577	0.0856171
-1.03566	0.0853337
-1.03559	0.0849467
-1.03536	0.0844619
-1.03516	0.0843421
-1.03505	0.0841915
-1.03498	0.084275
-1.03478	0.0843293
-1.03469	0.0843569
-1.03435	0.084139
-1.03405	0.084215
-1.03412	0.08439
-1.03418	0.0846215
-1.03434	0.0847391
-1.03452	0.0845961
-1.03472	0.0844821
-1.03506	0.0843788
-1.03538	0.0845144
-1.03578	0.0847202
-1.03585	0.0848866
-1.03559	0.085134
-1.03535	0.0853073
-1.035	0.085508
-1.03438	0.0856698
-1.03407	0.0856671
-1.03371	0.0857689
-1.03359	0.0856041
-1.03328	0.0855789
-1.03322	0.0857612
-1.03335	0.0857173
-1.03353	0.0856586
-1.0337	0.0856129
-1.03383	0.0855223
-1.03396	0.0855895
-1.03419	0.0853115
-1.03438	0.0851476
-1.03454	0.0849103
-1.03438	0.0845723
-1.03412	0.0840937
-1.03396	0.0836624
-1.03373	0.0834092
-1.03364	0.0832703
-1.03357	0.0829739
-1.03364	0.0827614
-1.03388	0.0827839
-1.03417	0.082882
-1.03428	0.0831292
-1.03429	0.0833448
-1.03404	0.0833771
-1.0335	0.0835152
-1.03317	0.0837087
-1.03284	0.083947
-1.03246	0.0842719
-1.03211	0.0845903
-1.03188	0.0848217
-1.03187	0.0850348
-1.03191	0.085354
-1.03181	0.0854948
-1.03177	0.085529
-1.03173	0.085567
-1.03181	0.0855771
-1.03194	0.0855814
-1.03243	0.0855057
-1.03281	0.0852892
-1.03292	0.0851398
-1.03299	0.0848055
-1.03345	0.0847243
-1.03407	0.0845201
-1.03484	0.0843554
-1.03554	0.0843792
-1.03624	0.0843781
-1.03685	0.084232
-1.0375	0.0842386
-1.03791	0.0845622
-1.03838	0.0848635
-1.03875	0.084758
-1.03925	0.0848763
-1.0396	0.0851012
-1.03979	0.0854719
-1.03997	0.0858859
-1.03998	0.0863497
-1.0399	0.0866984
-1.03988	0.0875093
-1.03983	0.0879554
-1.03953	0.0882635
-1.03945	0.0882374
-1.03919	0.0881993
-1.03892	0.0883551
-1.03862	0.088162
-1.03829	0.0879129
-1.03792	0.0875543
-1.03783	0.0871564
-1.03779	0.0866423
-1.03785	0.0865529
-1.0379	0.0866531
-1.03794	0.0866031
-1.03818	0.0866488
-1.03827	0.0868275
-1.03852	0.0869983
-1.03867	0.0868868
-1.03887	0.0867837
-1.03891	0.0867421
-1.03898	0.0867031
-1.03941	0.0867494
-1.03997	0.0868523
-1.04048	0.0870352
-1.04094	0.0873168
-1.04138	0.0877375
-1.04177	0.0879125
-1.04194	0.0881363
-1.042	0.088361
-1.04192	0.088323
-1.04188	0.0885716
-1.042	0.0885101
-1.04196	0.0888319
-1.04201	0.0887012
-1.04198	0.0885982
-1.0421	0.0884096
-1.0421	0.088347
-1.04228	0.0884395
-1.04224	0.0885198
-1.04232	0.0887763
-1.04226	0.0890155
-1.0421	0.0893644
-1.04166	0.0896368
-1.04116	0.0897388
-1.04039	0.0897958
-1.0399	0.0900125
-1.03955	0.0903033
-1.03904	0.0906885
-1.03841	0.091153
-1.03812	0.0912726
-1.03805	0.0912953
-1.03787	0.0913707
-1.03785	0.0914743
-1.03768	0.091813
-1.03754	0.0922101
-1.03724	0.0925644
-1.03724	0.0926445
-1.03727	0.0927498
-1.037	0.0928478
-1.03647	0.0928471
-1.03592	0.0929777
-1.03568	0.0931927
-1.03551	0.0933793
-1.03553	0.0935214
-1.03544	0.0934057
-1.03538	0.0932923
-1.03536	0.0932819
-1.03555	0.0930593
-1.03558	0.092642
-1.03588	0.092457
-1.03605	0.0923754
-1.03597	0.0924954
-1.0362	0.0923678
-1.03639	0.0924865
-1.03659	0.0924102
-1.0367	0.0920892
-1.03669	0.0915406
-1.03686	0.091098
-1.03691	0.0904298
-1.03678	0.0900515
-1.03665	0.0897778
-1.03663	0.0895832
-1.03671	0.0894673
-1.03682	0.0894747
-1.0369	0.0890148
-1.03688	0.0884503
-1.03676	0.0879037
-1.03672	0.0873345
-1.03684	0.0867629
-1.03683	0.0863977
-1.03674	0.085972
-1.0366	0.0858065
-1.03648	0.0856518
-1.03621	0.0855047
-1.03611	0.0853411
-1.03595	0.0850294
-1.03604	0.084784
-1.03607	0.0845184
-1.03621	0.0842449
-1.03648	0.0841626
-1.03698	0.084212
-1.0374	0.0843441
-1.03786	0.0842891
-1.03798	0.0842269
-1.0379	0.0843373
-1.03796	0.0843291
-1.03829	0.0845586
-1.03868	0.085041
-1.03914	0.0852919
-1.03982	0.085516
-1.04039	0.085757
-1.04065	0.0859851
-1.04091	0.0863661
-1.04115	0.0863685
-1.04141	0.0862524
-1.04177	0.0861792
-1.04203	0.0863775
-1.04231	0.0867466
-1.04239	0.0871209
-1.04244	0.087419
-1.04284	0.0876552
-1.04311	0.0877938
-1.04316	0.0879489
-1.04316	0.0880926
-1.0431	0.0883018
-1.04272	0.0883334
-1.04224	0.0886184
-1.04208	0.0890059
-1.04184	0.0893688
-1.0416	0.0895764
-1.04172	0.0898273
-1.04204	0.0900378
-1.04246	0.0901239
-1.04295	0.0904082
-1.04338	0.0905324
-1.04415	0.0905695
-1.04481	0.090584
-1.04533	0.0907525
-1.0457	0.0908311
-1.04602	0.0907615
-1.04626	0.0905345
-1.04651	0.0906467
-1.04654	0.0906577
-1.04661	0.0907705
-1.04642	0.091035
-1.04643	0.091099
-1.04642	0.0910209
-1.04621	0.0907381
-1.04578	0.0906562
-1.04581	0.090808
-1.04587	0.0906511
-1.046	0.0905688
-1.04618	0.0904708
-1.04647	0.0904338
-1.04671	0.0903467
-1.04678	0.0903313
-1.04691	0.0901775
-1.04686	0.0898365
-1.04659	0.0894721
-1.04625	0.0892144
-1.046	0.0889909
-1.04583	0.0890915
-1.04577	0.089289
-1.04569	0.0893508
-1.04575	0.0895078
-1.04584	0.0895989
-1.04585	0.0895061
-1.04585	0.0892802
-1.04577	0.0892068
-1.04568	0.0891192
-1.04568	0.0892885
-1.04548	0.0891729
-1.04514	0.0892568
-1.04509	0.0892641
-1.0452	0.0893266
-1.04527	0.0895769
-1.04527	0.0899283
-1.04548	0.0904499
-1.04566	0.0907937
-1.04583	0.0910907
-1.04607	0.091362
-1.04624	0.0911809
-1.04653	0.0910119
-1.04667	0.0907182
-1.04657	0.0904351
-1.04641	0.0899972
-1.04642	0.0894839
-1.04664	0.0888837
-1.04686	0.0884595
-1.04684	0.0882506
-1.04684	0.0880221
-1.04681	0.0876437
-1.04651	0.0876914
-1.04624	0.0876959
-1.04588	0.0878348
-1.04574	0.0880184
-1.04565	0.0881976
-1.04563	0.0883132
-1.04543	0.088316
-1.04553	0.0883842
-1.04545	0.0885249
-1.04547	0.0888203
-1.04527	0.0892647
-1.04509	0.0895628
-1.04484	0.0896845
-1.0446	0.0896083
-1.04453	0.0896388
-1.04442	0.089834
-1.04429	0.0898149
-1.04432	0.0898682
-1.04441	0.0896169
-1.04451	0.0894937
-1.04442	0.0894427
-1.04407	0.0893825
-1.04371	0.0889375
-1.04343	0.0886648
-1.04325	0.0886661
-1.04315	0.0883735
-1.04359	0.0880809
-1.04406	0.0877629
-1.0443	0.087648
-1.04435	0.0875137
-1.04427	0.0872544
-1.04406	0.0870671
-1.04378	0.0869822
-1.04349	0.0868276
-1.04293	0.0865068
-1.04236	0.0864221
-1.04201	0.0857354
-1.04177	0.0852904
-1.04133	0.0847987
-1.04105	0.0844988
-1.04076	0.0844221
-1.04076	0.0846603
-1.04065	0.0850417
-1.04042	0.0855477
-1.04012	0.0860479
-1.03957	0.0863487
-1.03938	0.086866
-1.03918	0.0870814
-1.03889	0.0870581
-1.03897	0.0872339
-1.03902	0.0873025
-1.03896	0.0874962
-1.03863	0.0874602
-1.0383	0.0874959
-1.03819	0.0871548
-1.03832	0.0873498
-1.03861	0.0874748
-1.03906	0.0876868
-1.03943	0.0878091
-1.03957	0.087948
-1.03986	0.087925
-1.03999	0.0875757
-1.04022	0.0872881
-1.04041	0.0868419
-1.04081	0.0866355
-1.04103	0.0863237
-1.04106	0.0860469
-1.04139	0.0859476
-1.0418	0.0859043
-1.04197	0.0860259
-1.04202	0.0860931
-1.0418	0.0858983
-1.04139	0.0857225
-1.04091	0.0854374
-1.04062	0.0852307
-1.04021	0.0853229
-1.03979	0.0852964
-1.03936	0.0850623
-1.03913	0.0846872
-1.03893	0.0842747
-1.03881	0.0836888
-1.03887	0.0832716
-1.03867	0.0827622
-1.03851	0.0824925
-1.03833	0.0819811
-1.03827	0.0815074
-1.03807	0.0809585
-1.0379	0.0803629
-1.0379	0.0796982
-1.03782	0.0793493
-1.03789	0.079254
-1.03815	0.079416
-1.03827	0.079399
-1.03827	0.0796122
-1.03853	0.0796649
-1.03881	0.0796282
-1.03892	0.0792227
-1.03903	0.0789322
-1.0389	0.0784709
-1.03886	0.077904
-1.03879	0.077447
-1.0387	0.0770499
-1.03869	0.0767903
-1.0388	0.0766587
-1.03904	0.0765737
-1.03902	0.0768399
-1.03905	0.0769586
-1.03925	0.0770475
-1.03936	0.0772923
-1.03918	0.0775555
-1.03905	0.0774689
-1.03907	0.0776606
-1.03917	0.0779425
-1.03952	0.078182
-1.03995	0.0786304
-1.04026	0.0787862
-1.04034	0.0786753
-1.04048	0.0784923
-1.04062	0.0780893
-1.04057	0.0780336
-1.0409	0.0778889
-1.04132	0.0774049
-1.04145	0.0766976
-1.04147	0.0759793
-1.04161	0.0753404
-1.04194	0.0751803
-1.04246	0.075247
-1.04313	0.0750077
-1.04389	0.0747924
-1.04438	0.0747808
-1.04491	0.0747747
-1.04565	0.0749543
-1.04627	0.0753474
-1.04665	0.075998
-1.04697	0.0764824
-1.04715	0.0771265
-1.04771	0.0776584
-1.0482	0.0780359
-1.0487	0.0783592
-1.04928	0.0786753
-1.04989	0.0790475
-1.05007	0.079246
-1.04992	0.0793656
-1.04994	0.0792915
-1.05019	0.0793198
-1.05013	0.0792285
-1.05001	0.0789354
-1.04988	0.0788054
-1.04965	0.0788725
-1.04949	0.078797
-1.04945	0.07883
-1.04938	0.0789974
-1.04915	0.0791518
-1.04914	0.0792896
-1.04912	0.079366
-1.04901	0.0794229
-1.04905	0.0795618
-1.04906	0.0794574
-1.04909	0.0794599
-1.04885	0.0795254
-1.04897	0.0796391
-1.04903	0.0799073
-1.04894	0.0802226
-1.04886	0.0806613
-1.04883	0.0807732
-1.04866	0.080944
-1.04838	0.0811296
-1.04827	0.0813011
-1.04812	0.0812433
-1.0479	0.0810739
-1.04786	0.0806362
-1.04767	0.0804201
-1.04745	0.0797044
-1.04689	0.0791389
-1.04648	0.0787718
-1.04615	0.0785063
-1.04596	0.0785363
-1.0457	0.078371
-1.04546	0.0780385
-1.04515	0.0776225
-1.04507	0.0771111
-1.04496	0.0767965
-1.04482	0.0768867
-1.04482	0.0770975
-1.04512	0.077273
-1.04546	0.0776776
-1.04589	0.0779143
-1.04622	0.0778578
-1.04644	0.0775342
-1.04653	0.0774935
-1.04671	0.077356
-1.04686	0.0774281
-1.04684	0.0772148
-1.04694	0.0772922
-1.04695	0.0773488
-1.04702	0.0773666
-1.04715	0.0773743
-1.04708	0.0774277
-1.04705	0.0776439
-1.04667	0.0781051
-1.04644	0.0783082
-1.04638	0.0786925
-1.04634	0.07911
-1.04604	0.0794838
-1.04573	0.0797259
-1.04533	0.0799428
-1.04499	0.0801009
-1.04458	0.0803557
-1.04441	0.0806716
-1.0444	0.0811662
-1.04441	0.081478
-1.04434	0.0817377
-1.04431	0.0820035
-1.04431	0.0823425
-1.04454	0.0825976
-1.04481	0.0825329
-1.04531	0.0823366
-1.04564	0.0821408
-1.04592	0.0820413
-1.04615	0.081829
-1.04606	0.0813762
-1.04627	0.0811786
-1.04655	0.0809032
-1.04677	0.0804484
-1.04668	0.0801867
-1.04669	0.0798494
-1.04681	0.0794906
-1.04669	0.0791656
-1.04657	0.078361
-1.04673	0.0775809
-1.04691	0.0771329
-1.0472	0.0771091
-1.04727	0.0769539
-1.04736	0.0767454
-1.04721	0.0764989
-1.04706	0.0762036
-1.0467	0.0758477
-1.04659	0.0754228
-1.04615	0.0754319
-1.04574	0.0754797
-1.04554	0.0757526
-1.04519	0.0757441
-1.04494	0.0754062
-1.04462	0.0752594
-1.04458	0.0751171
-1.04487	0.0753379
-1.04486	0.0752964
-1.04478	0.0751662
-1.0445	0.0751192
-1.04439	0.0749084
-1.04404	0.0749046
-1.04388	0.0747686
-1.04384	0.0748143
-1.04395	0.074843
-1.04381	0.0746677
-1.04347	0.0747575
-1.04327	0.0747548
-1.04325	0.0747393
-1.04324	0.0745858
-1.04299	0.074846
-1.04248	0.0750414
-1.0422	0.0749495
-1.04207	0.0748504
-1.04208	0.0748418
-1.04229	0.0746302
-1.04245	0.0742505
-1.04273	0.0738823
-1.043	0.0731946
-1.04315	0.072489
-1.0431	0.0718506
-1.04289	0.0712376
-1.04264	0.0707128
-1.04226	0.0704886
-1.04172	0.0703844
-1.04128	0.0702319
-1.04115	0.0703869
-1.04122	0.0706122
-1.04134	0.0711048
-1.04124	0.0714475
-1.04102	0.0716496
-1.041	0.0716125
-1.04085	0.0714009
-1.04064	0.0713647
-1.0405	0.0713011
-1.04055	0.0714707
-1.04042	0.071754
-1.04045	0.0719253
-1.04028	0.072027
-1.04033	0.0719938
-1.04041	0.0717797
-1.04065	0.0715462
-1.04096	0.0713627
-1.04138	0.0712075
-1.04198	0.0713394
-1.04239	0.0713043
-1.043	0.0715798
-1.04354	0.0716828
-1.04374	0.0717108
-1.04392	0.0718002
-1.04412	0.0715913
-1.04417	0.0713609
-1.04419	0.0711021
-1.04414	0.0707461
-1.04438	0.0703032
-1.04449	0.0698815
-1.04429	0.0697235
-1.04421	0.0694747
-1.04418	0.0692161
-1.0441	0.0688657
-1.0441	0.0688681
-1.04427	0.0687231
-1.04446	0.0690516
-1.04477	0.0692725
-1.04497	0.0694768
-1.04515	0.0696149
-1.04515	0.0695264
-1.04504	0.0697336
-1.04508	0.0698766
-1.04513	0.0698371
-1.04533	0.0698294
-1.0454	0.0698739
-1.04549	0.069664
-1.04524	0.0695808
-1.04506	0.0696156
-1.04503	0.0696162
-1.04483	0.0697924
-1.0447	0.0699093
-1.0444	0.0699066
-1.04407	0.0699671
-1.04391	0.0698456
-1.04366	0.069805
-1.04354	0.069702
-1.0433	0.0695821
-1.04315	0.0691727
-1.04329	0.0687594
-1.04342	0.0684263
-1.0435	0.068216
-1.04367	0.0682304
-1.04393	0.0685264
-1.04406	0.0688064
-1.04438	0.0689096
-1.04468	0.0690117
-1.04477	0.0691439
-1.04472	0.0691686
-1.04484	0.0690984
-1.0448	0.0691199
-1.04511	0.069186
-1.04531	0.069144
-1.0454	0.0693184
-1.04524	0.0693169
-1.04497	0.069144
-1.04445	0.069135
-1.04408	0.0690682
-1.04378	0.0688485
-1.04338	0.0687959
-1.04282	0.0685382
-1.0421	0.0682546
-1.04163	0.067971
-1.04132	0.0676288
-1.0411	0.0672288
-1.04094	0.0666731
-1.0407	0.0662707
-1.0407	0.0659391
-1.04082	0.0656398
-1.04105	0.0652535
-1.04122	0.0650246
-1.04142	0.064862
-1.04157	0.0647035
-1.04142	0.0645532
-1.04154	0.0644808
-1.04179	0.0643493
-1.04198	0.0643421
-1.04235	0.0644838
-1.04286	0.0646786
-1.04316	0.064829
-1.04335	0.0650851
-1.04352	0.0650074
-1.04371	0.0650894
-1.04395	0.0652392
-1.04408	0.0651699
-1.04395	0.0656533
-1.04409	0.0661985
-1.04417	0.066617
-1.04416	0.0670541
-1.04418	0.0676132
-1.04422	0.0680898
-1.04415	0.0684337
-1.0441	0.0685391
-1.0442	0.0687318
-1.04413	0.068977
-1.04403	0.0695063
-1.04407	0.070131
-1.04445	0.0703177
-1.04508	0.070529
-1.04553	0.070504
-1.04573	0.0705279
-1.04587	0.0704398
-1.04619	0.0705166
-1.04631	0.0707195
-1.04643	0.0709401
-1.04612	0.0713716
-1.04576	0.0718371
-1.04534	0.0721345
-1.04486	0.0725414
-1.0446	0.0727266
-1.04421	0.0727714
-1.04379	0.0728923
-1.0435	0.072984
-1.04307	0.0732289
-1.04269	0.0735032
-1.04218	0.0734065
-1.04178	0.0731687
-1.04134	0.0732427
-1.041	0.0732381
-1.04091	0.0732549
-1.04092	0.0734653
-1.04079	0.0736833
-1.04079	0.0740994
-1.0408	0.074508
-1.0406	0.074855
-1.04063	0.0753334
-1.04067	0.0756749
-1.04059	0.0757496
-1.04065	0.07582
-1.04087	0.0758151
-1.041	0.0754582
-1.04137	0.0752019
-1.04148	0.0751262
-1.04145	0.0752187
-1.04159	0.0752463
-1.04207	0.0752989
-1.04254	0.0750189
-1.04295	0.0746778
-1.04304	0.0741154
-1.04305	0.0737622
-1.04291	0.0735359
-1.0429	0.0732637
-1.04271	0.0731801
-1.04265	0.0732116
-1.0427	0.0733718
-1.04292	0.0736379
-1.04311	0.0739541
-1.04349	0.0743449
-1.04386	0.0744955
-1.04402	0.0744916
-1.04406	0.0745542
-1.04397	0.0746333
-1.04402	0.0748096
-1.04423	0.0751107
-1.04425	0.0754256
-1.0439	0.0759253
-1.04363	0.0763101
-1.0435	0.0764495
-1.04353	0.076446
-1.04358	0.0766107
-1.04335	0.0770454
-1.04323	0.0772683
-1.04294	0.0775532
-1.04272	0.0777849
-1.04256	0.0780601
-1.04257	0.0780053
-1.04241	0.0778434
-1.04202	0.0777411
-1.04145	0.0777661
-1.04104	0.0779581
-1.04068	0.0779315
-1.04049	0.0780202
-1.04021	0.0782273
-1.03999	0.0784257
-1.03977	0.0787743
-1.03965	0.0791177
-1.03958	0.0793316
-1.03946	0.0792742
-1.03917	0.0789901
-1.03893	0.078817
-1.03848	0.0786893
-1.03793	0.0784271
-1.03749	0.0780912
-1.03746	0.0773266
-1.03758	0.0766854
-1.03759	0.0762291
-1.03765	0.0759564
-1.03741	0.0756226
-1.03717	0.0752863
-1.03726	0.07511
-1.03703	0.074904
-1.03686	0.0747222
-1.03647	0.0746526
-1.03602	0.0744956
-1.03542	0.0746981
-1.03498	0.0749867
-1.03459	0.0749273
-1.03419	0.074955
-1.03385	0.0750949
-1.0336	0.075361
-1.03352	0.0753929
-1.03369	0.0749753
-1.03395	0.0749747
-1.03417	0.0748107
-1.03444	0.0746929
-1.03455	0.0745753
-1.03462	0.0741882
-1.03478	0.0739634
-1.03493	0.0737156
-1.03498	0.0735911
-1.03522	0.0732872
-1.03533	0.0730128
-1.03542	0.072758
-1.03554	0.0725016
-1.03578	0.0722402
-1.0359	0.0719912
-1.03597	0.0717963
-1.03609	0.0718496
-1.03607	0.0715515
-1.03602	0.0711537
-1.03591	0.0709465
-1.03585	0.0707752
-1.03573	0.0703472
-1.03599	0.0703268
-1.03613	0.0701713
-1.03636	0.0703362
-1.03644	0.0708012
-1.03685	0.0713347
-1.03732	0.071867
-1.03778	0.0723906
-1.03808	0.0725737
-1.03839	0.0729833
-1.03895	0.073351
-1.0394	0.0737002
-1.03979	0.0739103
-1.04025	0.073942
-1.04076	0.074051
-1.04147	0.07408
-1.04211	0.0739278
-1.04276	0.0738159
-1.04292	0.0739819
-1.04298	0.0743352
-1.04275	0.0745635
-1.04249	0.0747547
-1.04231	0.0747905
-1.04222	0.0750471
-1.04231	0.075107
-1.04225	0.0750843
-1.04201	0.0750756
-1.04204	0.0750141
-1.042	0.074922
-1.04188	0.0751078
-1.04144	0.0754757
-1.04089	0.0762876
-1.0406	0.0770315
-1.04043	0.0774547
-1.04038	0.0777791
-1.04063	0.0779761
-1.04065	0.0782003
-1.0408	0.0786255
-1.04095	0.0790106
-1.04093	0.0792179
-1.04123	0.0791255
-1.04163	0.0794369
-1.0417	0.0794423
-1.04151	0.0793451
-1.04142	0.0793895
-1.0413	0.0794304
-1.04098	0.0795422
-1.04065	0.0793831
-1.04058	0.0794115
-1.04052	0.07947
-1.04061	0.0794966
-1.04055	0.0795415
-1.04047	0.0797432
-1.04019	0.0802973
-1.04009	0.0804432
-1.04046	0.0806925
-1.04055	0.0809761
-1.04059	0.0812313
-1.04091	0.0812491
-1.0412	0.0811624
-1.04143	0.0808707
-1.04154	0.0806492
-1.04168	0.0803124
-1.04186	0.0799141
-1.04195	0.0796064
-1.04199	0.0794238
-1.04208	0.0793032
-1.04214	0.0796087
-1.04224	0.0799844
-1.04209	0.0803476
-1.04187	0.0807164
-1.04196	0.0809581
-1.04219	0.0809665
-1.04235	0.0806047
-1.04246	0.0802421
-1.0427	0.080062
-1.04281	0.0795863
-1.0433	0.0789844
-1.04418	0.0786494
-1.04497	0.0785346
-1.04573	0.07851
-1.046	0.0782014
-1.04634	0.0777782
-1.04645	0.077389
-1.04668	0.0768366
-1.04679	0.0763584
-1.04699	0.075886
-1.04733	0.0756313
-1.04774	0.0752302
-1.048	0.0750152
-1.04808	0.0748449
-1.04832	0.0747566
-1.04853	0.0746775
-1.04898	0.0745324
-1.04909	0.0745903
-1.04862	0.0746256
-1.04832	0.0748096
-1.04816	0.07495
-1.04828	0.0753774
-1.04818	0.0757585
-1.04786	0.0762556
-1.04742	0.0769575
-1.04715	0.0771668
-1.04698	0.0773123
-1.04663	0.0773329
-1.04657	0.0774323
-1.04648	0.0776086
-1.04616	0.0775896
-1.046	0.0775372
-1.04597	0.0775046
-1.04616	0.0775401
-1.04627	0.0779647
-1.04624	0.0784373
-1.04606	0.0787904
-1.04588	0.0792058
-1.04562	0.0796156
-1.04574	0.0800622
-1.04602	0.0804556
-1.04621	0.0809006
-1.04642	0.0812876
-1.04645	0.0815325
-1.04658	0.0819914
-1.0466	0.0819888
-1.04653	0.0817465
-1.04637	0.0814447
-1.04645	0.0811481
-1.04633	0.0807514
-1.04607	0.0802861
-1.04573	0.0799608
-1.04539	0.0796372
-1.04508	0.0797022
-1.045	0.0796648
-1.04486	0.0794637
-1.0449	0.0794972
-1.04479	0.079492
-1.04472	0.0794526
-1.04476	0.0794887
-1.04473	0.0795234
-1.04496	0.0794029
-1.0449	0.0794565
-1.04491	0.0795833
-1.04502	0.0797289
-1.04507	0.0799207
-1.04532	0.0799414
-1.04562	0.080192
-1.046	0.0804434
-1.0463	0.0807467
-1.04644	0.081016
-1.04671	0.0814827
-1.04708	0.081966
-1.04727	0.0824914
-1.04764	0.0829036
-1.04827	0.0831465
-1.04875	0.0835234
-1.04919	0.0839961
-1.0498	0.0843434
-1.05008	0.0844486
-1.05028	0.0847811
-1.05046	0.0851425
-1.05041	0.0856947
-1.05014	0.0860783
-1.05004	0.0865355
-1.05008	0.0869229
-1.04971	0.086927
-1.04932	0.0869522
-1.0489	0.0871503
-1.04856	0.0871671
-1.04836	0.0871787
-1.04831	0.0873359
-1.04815	0.0876368
-1.04808	0.087924
-1.04807	0.0880028
-1.04809	0.087973
-1.04823	0.0878529
-1.04846	0.0875636
-1.04844	0.0872867
-1.04838	0.0873044
-1.04846	0.0874411
-1.04887	0.0875052
-1.04937	0.0872126
-1.05	0.0870365
-1.05046	0.0866075
-1.05059	0.0862377
-1.05081	0.0858934
-1.05069	0.085425
-1.05092	0.0846391
-1.05104	0.0841913
-1.05129	0.0835284
-1.0514	0.0831747
-1.05164	0.0830322
-1.05185	0.0829829
-1.05211	0.0829313
-1.05226	0.0830191
-1.05236	0.0830672
-1.05257	0.082632
-1.0527	0.0822116
-1.0528	0.0816053
-1.05296	0.0811411
-1.05305	0.0806171
-1.05332	0.0802
-1.05362	0.0797743
-1.05402	0.0794037
-1.05439	0.0789129
-1.05445	0.0785825
-1.05463	0.07817
-1.05454	0.0779731
-1.05434	0.0779857
-1.05384	0.0780448
-1.05295	0.0780036
-1.05237	0.0778758
-1.05198	0.0780456
-1.0514	0.0781547
-1.05106	0.078279
-1.05098	0.0785701
-1.05087	0.0789218
-1.05053	0.0793082
-1.05036	0.0795253
-1.05037	0.0796969
-1.05017	0.0797409
-1.04994	0.080121
-1.04954	0.0804171
-1.04912	0.0805492
