0.223607
0.178598
0.143206
0.115233
0.0923791
0.0727281
0.0545834
0.0470967
0.0377654
0.0287684
0.0237423
0.0197615
0.0165117
0.0141471
0.0126157
0.0114622
0.0077738
0.00531816
0.00450536
0.00182969
0.00351413
0.00226926
0.00185893
0.00058899
0.000298865
0.00192702
0.00144935
0.00377247
0.00470698
0.00215898
0.00146987
0.00383829
0.0022604
0.0020718
0.00273259
0.00166872
0.00170481
0.00209423
0.0033199
0.00207644
0.00124444
0.00417785
0.00693065
0.00950609
0.0091033
0.00689013
0.00464183
0.00462401
0.0050936
0.00311754
0.0038276
0.00140635
0.000504314
0.00224399
0.00310248
0.00216844
0.00585117
0.00741647
0.00286384
0.00329415
0.00147964
0.00258519
0.00131015
0.00244065
0.00318684
0.00304269
0.00457493
0.00365337
0.00453335
0.00341062
0.00307621
0.00378234
0.000727857
0.00213604
0.00345527
0.00257349
0.000987274
0.00315017
0.00375341
0.00565013
0.00492508
0.00187599
0.00223812
0.00231281
0.00178789
0.0055329
0.00809766
0.00649417
0.00589012
0.00700171
0.00100009
0.0025049
0.000946299
0.00120988
0.00527326
0.00640693
0.00651768
0.00395207
0.00416373
0.00465734
0.00369791
0.00268893
0.00409136
0.00485733
0.00593655
0.00315562
0.00610083
0.00478782
0.00250831
0.00111979
0.00344072
0.00356068
0.00356209
0.00105304
0.00336485
0.00313721
0.00318339
0.00358448
0.00306004
0.00283683
0.00280283
0.000827955
0.00246271
0.00212463
0.004356
0.00201767
0.003136
0.00419542
0.00369837
0.00200681
0.00236438
0.00294249
0.00250453
0.00296353
0.00373839
0.00367514
0.00386039
0.0035965
0.00153587
0.00106508
0.00440615
0.0042228
0.00469984
0.00441589
0.00401323
0.00436564
0.00728784
0.00473726
0.00391675
0.00398265
0.00507165
0.00675485
0.00492458
0.00441078
0.00529521
0.00693736
0.00901298
0.00780771
0.0071212
0.00603712
0.00610323
0.00569025
0.00570675
0.0044534
0.00555821
0.00262399
0.0017227
0.00135943
0.00256717
0.00490804
0.0021034
0.00118173
0.000244928
0.00159269
0.00090594
0.00272353
0.00242889
0.00145625
0.00278231
0.00364141
0.00301772
0.00587552
0.00450647
0.00272481
0.00530779
0.00396014
0.00433092
0.00297358
0.00235511
0.00297937
0.00339876
0.00361175
0.00327598
0.00257757
0.0019696
0.00256789
0.00146287
0.000970199
0.0021193
0.00521395
0.00183105
0.000712422
0.00168568
0.00136717
0.00163092
0.00165031
0.000962763
0.00332271
0.00517239
0.00613601
0.00660977
0.0064181
0.00625253
0.00459405
0.00483603
0.00371087
0.00213157
0.00386783
0.00226422
0.00167438
0.00159195
0.000774919
0.00170795
0.0034144
0.00558056
0.00717857
0.00769122
0.00555449
0.00570584
0.00500119
0.00424212
0.0047455
0.00412002
0.00200826
0.0017526
0.00235506
0.00357369
0.00307622
0.000943015
0.00277048
0.00256627
0.00272108
0.00156299
0.00389697
0.00267111
0.00402664
0.00450443
0.0023856
0.00130584
0.00351338
0.00500705
0.00318168
0.00453917
0.00194953
0.001556
0.003507
0.00103092
0.00300034
0.00619096
0.00363843
0.00134432
0.00218228
0.00235145
0.00274435
0.0024288
0.00417147
0.000791633
0.00193172
0.00264691
0.00408411
0.00468585
0.0035928
0.00181565
0.00294317
0.00345474
0.00579316
0.00363509
0.00670195
0.0072926
0.00561939
0.00517308
0.00356638
0.00106284
0.0015594
0.00496272
0.00713851
0.00685952
0.00332438
0.00167944
0.000701685
0.00137597
0.0030039
0.00280648
0.0023153
0.00187222
0.000784462
0.00114138
0.00294084
0.00144738
0.00399753
0.00398727
0.00220349
0.00668689
0.00698881
0.00398917
0.00282879
0.00561719
0.00703211
0.00649813
0.00484835
0.00371385
0.00459643
0.00355881
0.00326787
0.00191687
0.000673663
0.00216746
0.00366375
0.0014412
0.00397451
0.00411986
0.0024298
0.000351826
0.00207478
0.00392194
0.00601795
0.00533327
0.00576716
0.00339853
0.00138465
0.000646672
0.00101523
0.00189208
0.00322114
0.00223015
0.00265485
0.00548253
0.00770201
0.00605143
0.00117837
0.00420496
0.00718922
0.00734838
0.00783668
0.00937279
0.0064561
0.00515609
0.0061486
0.00475998
0.00392499
0.00266325
0.000880092
0.000763483
0.00160132
0.000745393
0.0026047
0.0015243
0.00359767
0.00363771
0.00404234
0.00689024
0.00662347
0.005655
0.00128485
0.000945114
0.00209069
0.00233803
0.00389199
0.00139725
0.00311697
0.00167117
0.00132679
0.00159424
0.00178607
0.00440814
0.00553211
0.00482858
0.00496317
0.00515004
0.0036486
0.00146274
0.00198182
0.00127343
0.0027392
0.00104109
0.00110811
0.00200827
0.000973563
0.00436839
0.00388137
0.00399519
0.00207689
0.00276401
0.00464645
0.00193478
0.000687412
0.00239894
0.00149086
0.00355889
0.00231552
0.0026019
0.00322969
0.00407127
0.00463297
0.00619884
0.00321174
0.00329963
0.00431931
0.00429926
0.00132828
0.00290016
0.00182869
0.00306688
0.00517533
0.00390585
0.00167233
0.00477365
0.00231039
0.0015199
0.00176469
0.00499755
0.00544598
0.00609818
0.00536311
0.000687659
0.00130145
0.00315033
0.00414274
0.00265679
0.00287148
0.00163725
0.00133743
0.00383745
0.00444933
0.00201897
0.00300589
0.000552072
0.00128287
0.00116402
0.0015811
0.00118172
0.00212694
0.00164257
0.00551551
0.00467972
0.00542538
0.00177599
0.000458907
0.00317207
0.00392607
0.00534056
0.00637922
0.00861819
0.00514022
0.005497
0.00337186
0.00217906
0.000361877
0.00163577
0.00146168
0.00192951
0.00208927
0.00366816
0.00285492
0.00126707
0.00336244
0.00243298
0.00264188
0.00148113
0.00188828
0.00258666
0.00285982
0.00179793
0.00147271
0.00187104
0.0030897
0.00322636
0.00294861
0.00196405
0.00238696
0.00382541
0.00344218
0.00203044
0.00567741
0.00345897
0.00465485
0.00676646
0.00342438
0.00100352
0.00204693
0.00205928
0.00291551
0.00250821
0.00164188
0.00108794
0.00244294
0.00643985
0.00687901
0.00502393
0.00467214
0.00647172
0.00385179
0.00189643
0.00217566
0.00217639
0.00502327
0.00391294
0.00227202
0.00235955
0.000707402
0.00145257
0.00196045
0.00382772
0.0014915
0.0010122
0.00230439
0.00590278
0.00599119
0.00414391
0.0038587
0.00420159
0.00332216
0.00321617
0.0037054
0.00322587
0.00297178
0.00463112
0.0032963
0.00201698
0.00367774
0.00344501
0.00526637
0.00293673
0.00273771
0.00289393
0.00272059
0.000247182
0.0020506
0.00248098
0.00251105
0.0024218
0.00402362
0.00282993
0.00166269
0.00107595
0.00330665
0.00278696
0.00423413
0.00295839
0.00462369
0.00443508
0.00462367
0.00621189
0.00617278
0.0046057
0.00387704
0.000906995
0.00197373
0.00133354
0.00166867
0.00227785
0.00196378
0.00156785
0.00290755
0.00128363
0.00329126
0.00359239
0.00272499
0.00247042
0.00339932
0.00259033
0.00545401
0.00531921
0.00615158
0.0057931
0.00227236
0.00421302
0.00125279
0.00229637
0.00319961
0.00108794
0.00200512
0.00284552
0.00224636
0.00452214
0.00354064
0.00414261
0.00279931
0.00184118
0.00137311
0.000508389
0.00172891
0.000469899
0.00261678
0.00398921
0.000614918
0.000976687
0.00107962
0.00113624
0.00289075
0.00227823
0.00233759
0.00152977
0.00572537
0.00372213
0.00432231
0.0022041
0.00275435
0.000681186
0.000336763
0.00202908
0.00179887
0.00044962
0.00203698
0.00402038
0.000582802
0.00148645
0.00150364
0.00320394
0.00146276
0.00126148
0.00280415
0.00503959
0.0043772
0.00457892
0.00254197
0.00238373
0.00308036
0.0028798
0.00371623
0.00253895
0.0036713
0.00125209
0.00220067
0.00324792
0.000789857
0.00218131
0.003222
0.00589039
0.00220659
0.00170453
0.00193492
0.00326745
0.00218045
0.00440575
0.00290165
0.00261643
0.00197752
0.00284768
0.00125671
0.00404607
0.00196612
0.00309465
0.00380676
0.00380682
0.00187244
0.00140171
0.00384878
0.00153625
0.00184114
0.0030624
0.00235276
0.0017889
0.00382985
0.00362886
0.00352147
0.0024517
0.00105626
0.00305307
0.00225883
0.0013851
0.00262763
0.00129082
0.00170226
0.00201187
0.00231494
0.0033781
0.00326325
0.00380009
0.00375855
0.00391785
0.00294722
0.00252255
0.00385257
0.00632617
0.00905613
0.00887981
0.0089476
0.00768159
0.00469229
0.00203108
0.00251171
0.00136237
0.000667218
0.00210882
0.00430522
0.00223002
0.00497543
0.00445754
0.00468425
0.00312895
0.00273925
0.00158223
0.000227584
0.00279989
0.00397262
0.00364421
0.0057622
0.00520758
0.00390279
0.00571884
0.00626603
0.00266155
0.00398062
0.00322649
0.0033704
0.00308376
0.00270461
0.00365999
0.00573226
0.00585748
0.0069088
0.00602393
0.00503587
0.00354914
0.00403203
0.00215883
0.00314717
0.00413275
0.00264127
0.0020568
0.00482758
0.00727669
0.00815825
0.0061022
0.00377705
0.00581837
0.00507521
0.00164324
0.0037377
0.000657095
0.000729101
0.000808922
0.00296888
0.00324095
0.00352656
0.00451952
0.00218894
0.00226423
0.00284762
0.00416025
0.0037968
0.00240309
0.00147859
0.00259615
0.00325244
0.00292539
0.00505121
0.0043724
0.00466852
0.00285174
0.00033647
0.00203903
0.003072
0.00193964
0.00356816
0.00222462
0.00431018
0.00456385
0.00476546
0.0049366
0.00464161
0.00275834
0.000863027
0.000610149
0.00198204
0.00236492
0.00365682
0.00212703
0.00231759
0.00195964
0.00233467
0.00141128
0.00313854
0.00176763
0.00366817
0.00594681
0.00572057
0.00541578
0.00503235
0.00421561
0.00302055
0.00326768
0.00231282
0.00343612
0.00265173
0.00353053
0.00145607
0.00231097
0.0025527
0.00162005
0.00143893
0.00469895
0.000965427
0.00247703
0.00464261
0.0018335
0.00207007
0.00133179
0.00200464
0.00376649
0.00207332
0.00335258
0.00444878
0.00216073
0.00100026
0.00113166
0.00317677
0.00245566
0.00305139
0.00200435
0.00362835
0.00198137
0.00238174
0.00205076
0.000956704
0.00413553
0.00290916
0.00521053
0.00375829
0.00423514
0.00383755
0.00287646
0.00480412
0.00305863
0.00145847
0.00141759
0.00203494
0.00180549
0.00158919
0.00625125
0.00539759
0.00739809
0.00753979
0.00657254
0.00688943
0.00729112
0.00609695
0.00421663
0.00151187
0.00173362
0.00168809
0.00246481
0.00268267
0.00666454
0.00664327
0.00786027
0.00439308
0.00464497
0.00619667
0.00472359
0.000616706
0.00371452
0.00332131
0.00419973
0.00359616
0.00270824
0.00399162
0.00406904
0.00285109
0.00276745
0.00180662
0.00221009
0.0019355
0.000851904
0.0011005
0.00241019
0.00301154
0.00354055
0.00533553
0.00314408
0.00265511
0.00346462
0.00409544
0.00257986
0.00347983
0.00599052
0.0052939
0.00446487
0.0049691
0.00220084
0.00448391
0.00439036
0.00627293
0.00489889
0.000248389
0.0007818
0.0011651
0.00136096
0.00150777
0.0018643
0.00287337
0.00490594
0.0021479
0.00185017
0.00170275
0.00211613
0.00159817
0.000702742
0.000977139
0.00219932
0.0045852
0.000968202
0.00350536
0.00455889
0.00237972
0.00212875
0.00185168
0.00211887
0.0044084
0.00521204
0.0034329
0.000650895
0.00195766
0.00195925
0.00068256
0.00127061
0.00264895
0.00130848
0.00147286
0.00388067
0.00558074
0.00370532
0.00496844
0.00594871
0.00384562
0.00114208
0.00203702
0.00200794
0.00257514
0.00280441
0.00246677
0.00214202
0.00237114
0.000585639
0.000794547
0.00163915
0.00204013
0.00137852
0.00334105
0.00436382
0.00282405
0.00404187
0.00462622
0.00381179
0.00366149
0.00355005
0.00145135
0.0011047
0.00502598
0.00406554
0.00304387
0.00476084
0.00821014
0.0045303
0.00316226
0.0025959
0.0037193
0.00470442
0.00629467
0.00516187
0.00489739
0.00450165
0.00497287
0.00634586
0.00594985
0.0064935
0.00743788
0.00344853
0.00504052
0.00213932
0.00176369
0.00416171
0.00227873
0.00121318
0.00306894
0.00501939
0.00198049
0.00176873
0.004528
0.00297984
0.0036417
0.00237966
0.00216625
0.00257608
0.00456753
0.00156136
0.00172219
0.00219326
0.00149424
0.00399076
0.00405711
0.00688677
0.0033149
0.00581191
0.00385412
0.00407674
0.00299168
0.00120045
0.00183893
0.00130124
0.00211615
0.00393296
0.000847113
0.003006
0.00533542
0.00452758
0.00354027
0.00689545
0.00473132
0.00294027
0.00370484
0.00297328
0.00250486
0.00123263
0.00321803
0.00462209
0.00192326
0.000652036
0.00426244
0.00128886
0.00360539
0.00218989
0.00387084
0.00328135
0.00563737
0.00790752
0.00382925
0.00504725
0.00584691
0.0057692
0.00460108
0.000919785
0.00177692
0.00300601
0.0038469
0.00328248
0.00375207
0.00324817
0.00121293
0.00228221
0.00150545
0.000776981
0.00192773
0.00277788
0.00225094
0.00651521
0.0063972
0.00723709
0.00645917
0.00442195
0.00404856
0.00383165
0.00216637
0.00261145
0.00112145
0.00233337
0.00187797
0.00159527
0.00160084
0.000522267
0.00429594
0.00460802
0.00524563
0.00564549
0.00334125
0.00306747
0.00283596
0.00360038
0.0021742
0.00279306
0.00553309
0.00449382
0.00479896
0.00321278
0.00177435
0.00216688
0.0032042
0.00364884
0.00279555
0.0027316
0.00218134
0.00365383
0.000991179
0.000341126
0.00293148
0.00129003
0.00286093
0.00145627
0.000475589
0.0015142
0.00164194
0.00395346
0.00483674
0.0047904
0.00578103
0.00270667
0.000715573
0.00310514
0.00125946
0.00311738
0.00178404
0.00381857
0.00319588
0.00553474
0.00726406
0.00595246
0.00463241
0.00422484
0.00305015
0.00180189
0.00335202
0.00157704
0.00103153
0.00216939
0.00236387
0.00342406
0.00292062
0.00288615
0.00237344
0.00452134
0.00426052
0.00493254
0.00199237
0.000455199
0.000472543
0.00414077
0.00308769
0.00391644
0.00405399
0.0043927
0.00387716
0.00345576
0.00427709
0.00481484
0.00464197
0.00492186
0.00357029
0.00190715
0.00400123
0.00139778
0.00294453
0.00154211
0.0018539
0.000856714
0.0027263
0.00302502
0.00364817
0.00394037
0.00282593
0.00516878
0.00426651
0.00508323
0.00767091
0.00782055
0.00535857
0.00444843
0.00382995
0.00390502
0.00362392
0.00385368
0.00554932
0.00386349
0.00316285
0.00181904
0.00276198
0.00429402
0.00315219
0.00484892
0.00324854
0.0033867
0.00367089
0.00212939
0.00136922
0.00465192
0.00361092
0.00117864
0.00200095
0.00212524
0.0028243
0.00174489
0.000932796
0.00166716
0.00396724
0.00158835
0.0048501
0.00169081
0.0023573
0.00269696
0.00497186
0.00243205
0.00448698
0.00518744
0.00524834
0.00376316
0.0029878
0.00438903
0.00414596
0.00401644
0.00312993
0.00281399
0.00224706
0.00407938
0.00532511
0.00456365
0.00445176
0.00524567
0.00181326
0.0035216
0.000745192
0.00108747
0.00307544
0.00472659
0.00555587
0.00635951
0.00390091
0.00594741
0.00494124
0.0045337
0.00252993
0.00339802
0.00233218
0.00258668
0.00352605
0.00465098
0.00899346
0.00815081
0.00570333
0.00592854
0.00761458
0.0075535
0.00453129
0.00339433
0.00311711
0.00428147
0.00457883
0.00408957
0.00292842
0.00432792
0.00190614
0.00556831
0.00372803
0.00284154
0.00155294
0.000741888
0.00259261
0.00395941
0.00464076
0.00356641
0.00309273
0.000130638
0.00195598
0.00464779
0.00593849
0.00450907
0.0064295
0.00435918
0.00345032
0.00276718
0.00178877
0.0035684
0.0015695
0.00143436
0.000730085
0.00172248
0.00323588
0.00463649
0.00265773
0.00456988
0.00246721
0.00304354
0.000810072
0.00453311
0.00225719
0.00326396
0.00203512
0.00380204
0.00477814
0.00479423
0.00598875
0.00557521
0.00605002
0.00635091
0.0067994
0.00467075
0.00349613
0.00156746
0.00112692
0.000854917
0.000445182
0.000217601
0.000958686
0.00271044
0.00602134
0.00533525
0.00342017
0.000804294
0.00140905
0.00257023
0.0018143
0.000399077
0.000882424
0.00229787
0.00447328
0.00399708
0.00373477
0.00310561
0.00124725
0.00209196
0.0016921
0.00242928
0.004994
0.00388036
0.00285433
0.00137805
0.00262668
0.00159479
0.00190562
0.000692804
0.00092401
0.00225542
0.00260157
0.00334292
0.0057785
0.0048348
0.00428777
0.00425775
0.00499894
0.00597479
0.00488242
0.0056409
0.00255733
0.00174598
0.00406437
0.0052775
0.00709716
0.00545366
0.0049672
0.00562142
0.00380254
0.00507151
0.00500136
0.00543442
0.00357641
0.00272128
0.0019474
0.00328388
0.00562452
0.00721008
0.00519085
0.00392234
0.00219941
0.00127092
0.0031565
0.00417467
0.00282095
0.00227332
0.00392657
0.00521754
0.0068203
0.00473527
0.0043612
0.0031211
0.0023005
0.00266624
0.00154563
0.00324168
0.00254611
0.00219299
0.00300102
0.00211547
0.000668518
0.00341865
0.00445351
0.00435515
0.00190488
0.00557185
0.00466522
0.00430576
0.00484619
0.00217974
0.00329963
0.00393506
0.00441447
0.00458737
0.00435388
0.00417486
0.00348291
0.00356678
0.00260662
0.00209097
0.00292889
0.00520587
0.00312738
0.00376043
0.00302801
0.00217898
0.00303077
0.000875796
0.00117985
0.0016853
0.000983306
0.00193763
0.00325189
0.00526342
0.00336539
0.00633468
0.00443731
0.00407489
0.00507299
0.00471699
0.0040615
0.00435619
0.0033696
0.00314547
0.0015939
0.00420746
0.00441316
0.00578983
0.00337657
0.0026465
0.0044719
0.00603461
0.00634525
0.00493649
0.00766023
0.00455351
0.00496305
0.00546569
0.00654374
0.00462417
0.00561091
0.00510153
0.00428687
0.00221983
0.00136883
0.00102496
0.00134614
0.00153844
0.00174062
0.00349356
0.00245502
0.00321736
0.000952385
0.00258852
0.00375802
0.00509038
0.00483766
0.00399138
0.00398404
0.00120038
0.00367237
0.00188448
0.00390426
0.00272033
0.00124354
0.0021849
0.00647047
0.00719312
0.00730585
0.00731197
0.00157289
0.00256101
0.00220081
0.00479084
0.00781903
0.00717287
0.00537762
0.00403748
0.0057142
0.00456486
0.00242225
0.00356418
0.00495076
0.0100344
0.00930468
0.00937235
0.00613357
0.00416126
0.00164946
0.00184622
0.00121612
0.00313047
0.00508115
0.00446461
0.00732817
0.00620875
0.00603696
0.00573129
0.00390252
0.00182677
0.00212129
0.000771504
0.00146024
0.00168937
0.00130338
0.0022628
0.00215816
0.00243811
0.00065267
0.002261
0.00244512
0.00176661
0.00356516
0.00180326
0.000496683
0.00300135
0.00388272
0.00322778
0.00388927
0.00210025
0.00233718
0.000423696
0.00149976
0.00253113
0.00101945
0.0028345
0.00229526
0.000919306
0.00135986
0.00215765
0.00158692
0.00444548
0.00226513
0.0029343
0.00265881
0.00184224
0.00117628
0.00227899
0.0021985
0.00108255
0.00241196
0.001357
9.62422e-05
0.00178777
0.00106597
0.00133417
0.000600154
0.00110802
0.00163241
0.00407971
0.00319133
0.0039256
0.00472333
0.00430174
0.00252268
0.00511959
0.00432688
0.0039962
0.00678637
0.00739905
0.00854777
0.00402274
0.00256396
0.00213953
0.00200198
0.000733563
0.00377601
0.00325775
0.00389948
0.00430251
0.00173947
0.00489924
0.00530525
0.00293498
0.00291371
0.00182021
0.00132327
0.00280973
0.00123239
0.00249731
0.00416668
0.00562941
0.00685481
0.00295521
0.00367244
0.00364522
0.00426626
0.0070032
0.0073481
0.00727361
0.00655134
0.00396394
0.00393849
0.00193977
0.00236049
0.00188551
0.00329399
0.000432312
0.00191821
0.00237632
0.000927618
0.000559686
0.00202994
0.00197321
0.00233305
0.00266023
0.00227614
0.00234436
0.00253663
0.00056284
0.00128195
0.000659392
0.00133979
0.00398788
0.00441133
0.0048834
0.00137047
0.00294936
0.00336718
0.00340908
0.00399683
0.00247676
0.000770206
0.00263546
0.00250167
0.00170824
0.00291181
0.00362281
0.00398403
0.00243801
0.00142845
0.00110464
0.00158034
0.00038249
0.000692589
0.00173521
0.00324552
0.00257687
0.00236044
0.00162967
0.00211786
0.00399967
0.00331206
0.00632244
0.00257622
0.00473587
0.00635853
0.00493636
0.00295579
0.00259389
0.00174191
0.00195009
0.00328963
0.00381613
0.00384509
0.00184601
0.00391587
0.00516275
0.00431865
0.00491238
0.00360218
0.003014
0.0033361
0.00366168
0.00319527
0.00209865
0.00270592
0.00129421
0.00193934
0.00163343
0.00133928
0.00155796
0.000928642
0.000355681
0.00143099
0.0037369
0.00393323
0.00125234
0.00152363
0.00185704
0.00129169
0.00120056
0.001067
0.00187416
0.00482947
0.00299747
0.00361382
0.00456141
0.0028793
0.00407048
0.00426485
0.00382776
0.00378071
0.00268895
0.000866513
0.00221506
0.00299898
0.00508581
0.00295665
0.00215602
0.00143125
0.00145955
0.00443711
0.00397421
0.00570448
0.00853762
0.00601719
0.00729116
0.005527
0.00315748
0.00279624
0.00195082
0.00171308
0.00231813
0.00330555
0.00290005
0.00417087
0.00259793
0.00287334
0.00276519
0.00513938
0.00656467
0.00529337
0.00324547
0.00185319
0.00133557
0.00369087
0.00149361
0.00215513
0.000841577
0.00381246
0.00328659
0.002701
0.00467287
0.00489318
0.00665037
0.00921018
0.00882481
0.00642436
0.000664151
0.0014777
0.00314656
0.000647247
0.00190379
0.00174126
0.000765801
0.00157526
0.00185502
0.001149
0.00151328
0.00270449
0.00302792
0.000758801
0.00231112
0.00111609
0.000882711
0.00153278
0.00094811
0.00215834
0.00216728
0.00247935
0.00156449
0.000903223
0.00111171
0.000354739
0.00228315
0.000780672
0.000774094
0.00114996
0.00205361
0.00177485
0.00284521
0.00460326
0.00473908
0.00311171
0.00748018
0.00621813
0.00539035
0.00565448
0.00539932
0.00583617
0.00576431
0.00733204
0.00724809
0.00511286
0.00713855
0.00612103
0.00434369
0.00338839
0.00261629
0.00151381
0.00329444
0.00381042
0.00189156
0.00135825
0.00335834
0.0023161
0.00389732
0.00162034
0.00174519
0.0033051
0.0021563
0.00175715
0.00179338
0.00489249
0.00306601
0.00301563
0.00382196
0.00149155
0.000513565
0.00173279
0.0034183
0.00421826
0.00341688
0.00614514
0.00864665
0.00667894
0.00688221
0.0057317
0.00641869
0.00817469
0.00867688
0.00371985
0.00453201
0.00372532
0.00258898
0.00236116
0.00361477
0.00345086
0.00429606
0.00760043
0.00251483
0.00310073
0.00400007
0.00272052
0.00296933
0.00260057
0.00183998
0.00151672
0.00440868
0.00582399
0.00441581
0.0063248
0.00471587
0.00556872
0.00409097
0.0041264
0.00173369
0.00100069
0.00267742
0.0042696
0.0027712
0.00445266
0.00396195
0.00482867
0.00523371
0.00389243
0.00433316
0.00465619
0.00326983
0.00316963
0.00404719
0.000696264
0.00099592
0.00238077
0.00428039
0.00208423
0.00201828
0.00288741
0.00093338
0.00209812
0.00154029
0.00183231
0.00387992
0.00289768
0.00328023
0.00527876
0.0055225
0.0033913
0.00363488
0.00434449
0.00506423
0.0027424
0.00429232
0.00422893
0.00568453
0.00716061
0.00730303
0.00531069
0.00667048
0.00500128
0.00485301
0.00663292
0.0035977
0.00355051
0.00272991
0.00529091
0.00564578
0.00451882
0.00254628
0.0023917
0.00306058
0.00202605
0.00346199
0.00246491
0.00293714
0.00373543
0.00243735
0.00201759
0.00566099
0.00679884
0.00717667
0.00236313
0.00281692
0.00275115
0.004854
0.00684721
0.00926815
0.00926549
0.00666619
0.00593761
0.00615206
0.00437848
0.00312317
0.00656173
0.00554186
0.00508938
0.00270012
0.002735
0.00552311
0.00781741
0.00659542
0.00483399
0.00439986
0.00281633
0.00130949
0.00233704
0.000582747
0.00120785
0.00240103
0.00298661
0.000571245
0.00207622
0.00314342
0.00110368
0.00206418
0.00192085
0.00143049
0.00371104
0.00359139
0.00371551
0.000549141
0.000711447
0.00233774
0.00284414
0.00129471
0.00178495
0.00292922
0.00349723
0.00488173
0.0057531
0.00458022
0.00159562
0.00451228
0.00499334
0.00620672
0.0063626
0.00454068
0.00257767
0.0015897
0.00028723
0.00263673
0.00202368
0.00219496
0.0035154
0.00617058
0.00555747
0.0036344
0.00526874
0.00483231
0.00469036
0.00523335
0.00363897
0.00302749
0.00397479
0.00649599
0.00324637
0.00603202
0.00545845
0.0033713
0.0018917
0.00338083
0.00516024
0.0052618
0.0045924
0.0034975
0.00167672
0.00364229
0.00293932
0.00632398
0.00565422
0.00330856
0.00331194
0.00335483
0.00212182
0.0019231
0.00440317
0.00576703
0.00513334
0.00478728
0.00394276
0.0015032
0.00340911
0.00343155
0.00142247
0.00114693
0.00149492
0.00160399
0.00201103
0.00519906
0.00245976
0.00021098
0.000859192
0.00268223
0.00497013
0.0040993
0.00380607
0.0021797
0.00188279
0.00248655
0.00257266
0.00332397
0.00549998
0.00569484
0.00483038
0.00692946
0.00529721
0.00353246
0.00311092
0.000844796
0.000762751
0.00210825
0.00206194
0.00123447
0.00392532
0.00619079
0.00598902
0.00334994
0.00148681
0.00481577
0.00577365
0.004264
0.00477248
0.00329902
0.00251166
0.0015204
0.00122911
0.00135723
0.00243491
0.00244597
0.0029405
0.00172906
0.0012374
0.00348983
0.00431568
0.00325397
0.00403489
0.000851486
0.00148614
0.00139035
0.00245006
0.00332942
0.00407662
0.00305411
0.000862372
0.00376993
0.00780878
0.00803676
0.00800744
0.00837516
0.00441359
0.00248066
0.00346545
0.00321657
0.00240275
0.00300179
0.00349778
0.00290601
0.00244571
0.0034407
0.00332038
0.00329371
0.00365277
0.00226737
0.0010767
0.00158996
0.00318792
0.00286075
0.00379051
0.00428995
0.00361338
0.00300203
0.00398263
0.00442999
0.00349816
0.00459292
0.00351858
0.00298202
0.0030268
0.00526701
0.00216292
0.00252988
0.000987941
0.00288334
0.0044334
0.00871444
0.00848617
0.00960348
0.00730014
0.00539362
0.00816293
0.00768273
0.00868699
0.00828798
0.00754429
0.00778276
0.0070275
0.00858922
0.00697906
0.00558582
0.00428104
0.00609807
0.00773818
0.00791543
0.00664165
0.0077987
0.00598674
0.00627639
0.00582964
0.00399344
0.00381691
0.00444475
0.00574478
0.00586598
0.00518474
0.00414333
0.00653303
0.00886108
0.00672475
0.00527751
0.00340929
0.00513432
0.00540907
0.0064499
0.00393456
0.00439893
0.00638098
0.00705192
0.0073414
0.00656151
0.0059341
0.0047592
0.00254797
0.00155033
0.00132912
0.0042278
0.00271364
0.00406843
0.00602171
0.00531706
0.00461361
0.00464307
0.00570357
0.00206387
0.00233096
0.00278984
0.000837337
0.0013304
0.00197101
0.00451572
0.00395561
0.00337408
0.00532128
0.00639837
0.00715944
0.00705744
0.00625683
0.00429554
0.00394192
0.00408464
0.00260219
0.00436792
0.00422634
0.00340112
0.00254987
0.00365721
0.00294862
0.00474809
0.00772382
0.00508714
0.00267416
0.00341722
0.00198063
0.00270305
0.00423117
0.00490879
0.00366677
0.00197578
0.00335367
0.00336664
0.00212821
0.00255205
0.00190299
0.000768154
0.00129851
0.00179531
0.00396506
0.00199731
0.00378006
0.00278572
0.00270677
0.00127016
0.00275246
0.00136393
0.00331183
0.00257492
0.00447243
0.00290967
0.00115619
0.000519547
0.0013958
0.00217643
0.000863959
0.000980129
0.00286942
0.00318078
0.00461482
0.00523057
0.00380534
0.00209957
0.00151307
0.00299167
0.000149357
0.00152099
0.00178675
0.00290625
0.00259893
0.00256822
0.00477457
0.0035953
0.003635
0.00173883
0.00121073
0.000797307
0.00161317
0.00277179
0.00158087
0.00189576
0.0022843
0.00206684
0.00268023
0.00395593
0.00482115
0.00246099
0.00382717
0.00524502
0.00387217
0.00455037
0.00304656
0.00302775
0.00130931
0.00309342
0.000452466
0.00132237
0.000962032
0.00179284
0.00464707
0.00464019
0.00613272
0.00400225
0.00469534
0.00507798
0.00288831
0.00405422
0.0037589
0.00433312
0.00421132
0.00498882
0.00514769
0.00192426
0.00255036
0.00370836
0.0043503
0.0047052
0.00681984
0.00674141
0.00506304
0.00351336
0.00433033
0.00545153
0.00488974
0.0058894
0.00269061
0.000566193
0.000420178
0.000604219
0.00106847
0.000803901
0.000877483
0.00197247
0.00152654
0.00385174
0.00241212
0.00471362
0.00759464
0.00747123
0.010913
0.00779257
0.00741865
0.00705289
0.00592017
0.00354589
0.00589188
0.00265855
0.00302468
0.00174516
0.00179103
0.00233643
0.0047824
0.00306778
0.0013019
0.00343853
0.0024705
0.000539655
0.00077793
0.00165175
0.00175037
0.00469822
0.00628776
0.00676294
0.00510087
0.00463426
0.00438342
0.00467022
0.00432252
0.00506638
0.00441768
0.00463483
0.00314954
0.00566038
0.00762762
0.00684158
0.00399467
0.00680639
0.0050515
0.00403653
0.00595342
0.00420806
0.00445893
0.0020427
0.00593899
0.00334472
0.00255277
0.0030376
0.00591429
0.006017
0.00673609
0.00375447
0.00491535
0.00374801
0.00171174
0.001971
0.00168822
0.00242473
0.00199646
0.00600831
0.00434936
0.00468509
0.00296159
0.00159531
0.00436771
0.00432047
0.00317109
0.00418764
0.00257574
0.00314805
0.00210403
0.00362611
0.00287401
0.00358924
0.00307479
0.00438263
0.00397412
0.00312395
0.00465766
0.00441223
0.00451921
0.00210816
0.00428847
0.00346283
0.00416611
0.00501692
0.00208949
0.00133482
0.00268341
0.00458117
0.00484377
0.0023234
0.00365332
0.00510583
0.00390613
0.00304201
0.0017646
0.00117241
0.00256148
0.00206844
0.000926584
0.00184091
0.00321618
0.00275716
0.0031622
0.0049687
0.00161616
0.00284534
0.00260689
0.00176667
0.00401076
0.00120576
0.00267676
0.00344734
0.000873386
0.00101306
0.0012975
0.000752512
0.00124365
0.00200251
0.0033307
0.00406359
0.00292451
0.00357666
0.00337058
0.0046218
0.00329079
0.00336957
0.00682111
0.00650676
0.00290214
0.000973669
0.000338516
0.000835339
0.00187388
0.00102823
0.000503972
0.00197109
0.000807655
0.00104381
0.00298267
0.00510248
0.00301561
0.00245182
0.00371498
0.00434304
0.00291245
0.00138931
0.00266585
0.00686432
0.00308994
0.0069418
0.00498984
0.00274666
0.0023132
0.00246587
0.00224652
0.00293726
0.00559749
0.00644956
0.00627788
0.00683753
0.00886779
0.00595787
0.00321834
0.000697531
0.000990576
0.00292491
0.00419975
0.00339424
0.00262465
0.00263536
0.00529417
0.0021376
0.00416089
0.00169427
0.00164277
0.00231464
0.0052162
0.00625619
0.00357058
0.00408439
0.00297544
0.00229334
0.00185702
0.00107923
0.00025535
0.00174702
0.00303888
0.00107862
0.00182094
0.0041163
0.00347603
0.00273154
0.00368314
0.00297435
0.000606552
0.00183726
0.00239722
0.00440792
0.00400396
0.00266433
0.00204382
0.00163112
0.00021468
0.003023
0.00229362
0.00341696
0.00577513
0.00473654
0.00375876
0.00275728
0.00353555
0.00255144
0.00288256
0.00354197
0.00309446
0.00386285
0.00397293
0.000804387
0.00424242
0.00446878
0.00374712
0.00254898
0.0022876
0.00511721
0.00489363
0.00197058
0.00309424
0.00287375
0.00329439
0.00256229
0.00300465
0.00280059
0.00304143
0.00218097
0.00261204
0.00222354
0.00120628
0.00199887
0.00185857
0.00278506
0.00637032
0.00379669
0.00462693
0.00532174
0.00322521
0.00431057
0.00436329
0.00563667
0.00430093
0.00382866
0.00535989
0.00637398
0.00574915
0.00709154
0.00757826
0.00708779
0.00594776
0.00537279
0.00242042
0.00120443
0.000758455
0.00373819
0.00256746
0.00239922
0.00336406
0.00137956
0.000645721
0.000903686
0.000775233
0.00131246
0.00205692
0.00130833
0.00229869
0.00373843
0.00113061
0.00422018
0.00233313
0.00271057
0.00351694
0.00529226
0.00234826
0.00270362
0.00305161
0.00210508
0.00221371
0.00245006
0.00109891
0.00179645
0.00207797
0.000840384
0.000697354
0.000384472
0.00259746
0.00457017
0.00520143
0.00467051
0.00311533
0.00216397
0.00324976
0.00197079
0.00059826
0.00118117
0.00241883
0.00217357
0.00472523
0.0039319
0.0052292
0.00432519
0.00568566
0.00586084
0.00539212
0.00342016
0.00273141
0.00211553
0.00268485
0.00569104
0.0034696
0.00342923
0.00474275
0.00647448
0.00250013
0.00174031
0.0023612
0.000867579
0.00315103
0.00578357
0.00326478
0.000663243
0.00335488
0.00169696
0.00364111
0.00479625
0.00193243
0.0055791
0.00485802
0.00540928
0.0053667
0.00625121
0.00502775
0.00410081
0.00294798
0.00426907
0.00596133
0.00621675
0.00321861
0.00397658
0.00429636
0.00679061
0.00586482
0.00738305
0.00630992
0.00708499
0.00804536
0.00847662
0.00602146
0.00444682
0.0048967
0.00557339
0.00474779
0.00531126
0.00463633
0.00303412
0.00405899
0.00323964
0.00338933
0.00131048
0.00252007
0.00218294
0.00213157
0.00217552
0.0021035
0.00435552
0.00186801
0.00394207
0.00367835
0.00125606
0.00261791
0.00324957
0.00465367
0.00475254
0.00222902
0.00158316
0.00157621
0.00371599
0.00256293
0.00228181
0.00366477
0.0016873
0.00122971
0.00231869
0.00120472
0.000937697
0.00076313
0.0033243
0.000853693
0.00273447
0.00221708
0.00173162
0.00339643
0.00402821
0.00265893
0.00115961
0.00277093
0.00161516
0.00307047
0.0041471
0.00176978
0.000401299
0.0015997
0.00271301
0.00181607
0.00356724
0.00323395
0.00367866
0.00237752
0.00161332
0.00469075
0.00215489
0.00286154
0.00215374
0.00209232
0.00130863
0.000995814
0.0047903
0.00272563
0.00241185
0.00252687
0.00239192
0.00347677
0.0031818
0.00197308
0.00219396
0.00162306
0.00225414
0.0039469
0.00310995
0.0035358
0.00386466
0.00249412
0.00232392
0.000619152
0.00149128
0.00358255
0.00216502
0.00303348
0.00289605
0.00300963
0.00304523
0.00082144
0.00190798
0.00107604
0.00338614
0.00560914
0.00824731
0.00558895
0.00647216
0.00351495
0.00602487
0.00308177
0.00524968
0.00558042
0.00738717
0.00513336
0.00517977
0.00674917
0.0045436
0.0051879
0.004878
0.00613686
0.00223097
0.00504382
0.00667866
0.00232682
0.000979411
0.000575622
0.000886875
0.0018128
0.00066366
0.00262254
0.00339809
0.00384094
0.00338529
0.00324004
0.00364505
0.00157197
0.00305537
0.0041797
0.00222349
0.00140433
0.00313923
0.00303558
0.00386644
0.0028934
0.00309436
0.00197259
0.00349126
0.000571398
0.00204134
0.00230839
0.00079482
0.00172425
0.00188232
0.00157988
0.00176447
0.00160895
0.00487565
0.00427456
0.00123226
0.00118716
0.00297239
0.00147947
0.000850451
0.00352259
0.00376586
0.00451264
0.00383181
0.00559517
0.00498135
0.00378647
0.00418407
0.0043092
0.00227479
0.000693636
0.0017389
0.00282731
0.001786
0.0019052
0.00352666
0.00421146
0.00470668
0.00315108
0.00442623
0.00311266
0.00223362
0.00109023
0.00198018
0.00148319
0.0030862
0.00097879
0.00351213
0.00109307
0.00105061
0.00433151
0.00180588
0.000989744
0.0013627
0.00185893
0.00176318
0.00165448
0.00294864
0.00208914
0.00208441
0.00213306
0.000984034
0.0018549
0.00321899
0.00285934
0.00304996
0.00387695
0.00453889
0.00338539
0.00404189
0.00282427
0.00273894
0.00120226
0.00224463
0.00387861
0.00479327
0.00601794
0.00493426
0.00117418
0.00152482
0.00224364
0.00143813
0.0021072
0.00243157
0.00331808
0.00126361
0.00403333
0.00331327
0.00511146
0.0055981
0.00587165
0.00407184
0.00232621
0.00204047
0.00213867
0.000383762
0.00164317
0.000671182
0.00115997
0.00287027
0.00354873
0.00309141
0.00334057
0.00486992
0.00582187
0.00699126
0.00519656
0.00522625
0.00284224
0.00163856
0.000490752
0.00113419
0.00269036
0.00198964
0.00293798
0.00223709
0.00153686
0.000901149
0.00321911
0.000971587
0.0020832
0.00246864
0.00223146
0.00251305
0.00117276
0.000831281
0.00241521
0.000783286
0.00143282
0.000882922
0.00343426
0.00405667
0.00406385
0.00329953
0.00143892
0.00177758
0.00226284
0.00432116
0.00556313
0.00590969
0.00437947
0.00857567
0.00835831
0.00547326
0.00546822
0.00428407
0.00232667
0.00210449
0.00239228
0.00351571
0.00291488
0.00429944
0.0038333
0.00224875
0.00117302
0.000867022
0.00301475
0.00426553
0.00522011
0.0024927
0.00274384
0.00186778
0.00198231
0.00454584
0.00203944
0.00385695
0.00489986
0.00406046
0.00461705
0.0035583
0.00379937
0.00738899
0.00564276
0.00637274
0.00304231
0.00486271
0.00562467
0.00631973
0.00456406
0.00454966
0.00100787
0.00177446
0.00316658
0.00207269
0.00237302
0.00245081
0.00271991
0.00446407
0.00343819
0.00531051
0.0020272
0.0025391
0.00603213
0.00333155
0.00306766
0.00266249
0.00327106
0.00426808
0.00437065
0.00391798
0.00333675
0.00332446
0.00206099
0.00225207
0.00154077
0.00212131
0.00230518
0.00189531
0.00333612
0.00242474
0.00400206
0.005182
0.00551093
0.00626834
0.00908692
0.00594865
0.00337901
0.000578323
0.00313992
0.00437304
0.00338126
0.00371918
0.0011542
0.000269704
0.000968695
0.00330888
0.00287466
0.00480644
0.00236951
0.00598273
0.0048748
0.00208793
0.0019299
0.0026347
0.00170787
0.00313976
0.00207393
0.00262228
0.00144904
0.00183241
0.00239261
0.00177848
0.000959733
0.0040019
0.000510202
0.0018131
0.000456777
0.00108731
0.00145065
0.00337794
0.0034475
0.000698892
0.00041161
0.0037235
0.00372989
0.00363991
0.00564332
0.00400968
0.00197744
0.000584708
0.000365406
0.00231277
0.00103281
0.00151493
0.00201241
0.00153151
0.00302266
0.00359622
0.0071363
0.0073135
0.00618683
0.00538074
0.00486923
0.00549328
0.00717247
0.00521609
0.00382453
0.00228027
0.00365707
0.00273642
0.0043829
0.00484278
0.00394896
0.00413971
0.00307877
0.00320939
0.00333497
0.00148701
0.00297405
0.00245606
0.00125128
0.00442111
0.00299463
0.00408936
0.00446913
0.00154579
0.00365393
0.00437315
0.00283543
0.00379446
0.00250382
0.00388653
0.0034904
0.00295362
0.00126306
0.000983998
0.00275151
0.00294926
0.00495462
0.00427214
0.00477909
0.00453433
0.00387238
0.00354567
0.00343269
0.00332623
0.00409192
0.0039347
0.00549709
0.00803129
0.00839646
0.00682687
0.00579175
0.00317333
0.00387037
0.0020501
0.000426207
0.00313217
0.00367957
0.00116047
0.000368791
0.00119766
0.000714587
0.00227952
0.00292291
0.0056099
0.00635517
0.00637973
0.00592352
0.00518317
0.00377401
0.0018407
0.00434572
0.00545128
0.00505431
0.00384198
0.00754078
0.00803291
0.00345983
0.00104526
0.000471758
0.000629773
0.00278138
0.00450003
0.00153699
0.00120031
0.00545251
0.00462704
0.0046253
0.00311353
0.00471487
0.0060541
0.002798
0.00234832
0.00213359
0.00310272
0.0034435
0.00349945
0.00372315
0.00349258
0.00142278
0.00203128
0.000257334
0.00250062
0.00239886
0.00213059
0.00373599
0.00624485
0.000514294
0.00125211
0.00120886
0.00271158
0.00223306
0.00426012
0.00538026
0.00329207
0.00459638
0.00433491
0.00462058
0.00468168
0.00449062
0.00476127
0.0068202
0.00507535
0.000728796
0.000973358
0.0017054
0.000884817
0.00118407
0.00392621
0.00154794
0.00282462
0.00119068
0.00121695
0.00331114
0.00100195
0.00319307
0.000858575
0.000558082
0.000238921
0.00225341
0.00462491
0.00616092
0.00470087
0.00291379
0.00297031
0.00439329
0.00554034
0.0020126
0.00206051
0.00342147
0.00141272
0.00128491
0.00353486
0.00479303
0.000887929
0.000830113
0.00168747
0.00180534
0.0063645
0.00517666
0.00616638
0.0055768
0.00502715
0.00401403
0.00299973
0.00172923
0.0030132
0.00202857
0.00409511
0.00401915
0.00428136
0.00594762
0.00459531
0.00158325
0.00130558
0.00588492
0.00237688
0.00528863
0.00277391
0.00437611
0.0035403
0.00463693
0.00471051
0.00274377
0.0039926
0.00547414
0.00475823
0.00527425
0.00525002
0.00339524
0.00416111
0.00365633
0.00552907
0.00417007
0.00705361
0.0055628
0.00726209
0.00652424
0.00719072
0.0037016
0.00561701
0.00319684
0.00143724
0.00454108
0.00608453
0.00466393
0.00467016
0.00447868
0.00299869
0.00198232
0.000792673
0.000520559
0.00338943
0.00363688
0.00208124
0.00265665
0.0035939
0.00322211
0.00268615
0.000935607
0.00350825
0.00216125
0.00361339
0.00277941
0.00269511
0.00325411
0.00347715
0.00213296
0.00112054
0.0024788
0.00195403
0.00170006
0.00267187
0.00283161
0.00218196
0.00107529
0.00103827
0.00153493
0.000981823
0.001407
0.00472464
0.00484339
0.00644734
0.0085555
0.00718602
0.00523617
0.00414392
0.0030143
0.00226614
0.0035409
0.0032573
0.00264382
0.00447555
0.00525944
0.00635375
0.00604354
0.00624261
0.00388565
0.00731297
0.00798875
0.0076853
0.00208331
0.0023676
0.00184444
0.000969946
0.00298687
0.00104247
0.00225447
0.00262048
0.00182709
0.00206649
0.000585984
0.00278701
0.00313541
0.00209995
0.00133812
0.00148396
0.000912097
0.00369163
0.0035314
0.00417727
0.00282367
0.00189021
0.0026938
0.00282742
0.00269218
0.00214566
0.00127704
0.00340013
0.00336849
0.00194346
0.000938498
0.00164705
0.00463947
0.00579101
0.000570304
0.00264021
0.00112037
0.00300459
0.000919732
0.00200756
0.00209798
0.00246538
0.00263832
0.00280315
0.00311832
0.00462523
0.00157019
0.00202599
0.000912977
0.000851224
0.00182519
0.00306332
0.00587528
0.00670234
0.00422253
0.000944538
0.00198879
0.00042932
0.00193431
0.00415545
0.00526277
0.00358712
0.00371033
0.00273836
0.0023795
0.00194701
0.00174851
0.00215957
0.00229396
0.00289977
0.00249963
0.00198729
0.00147787
0.00409061
0.00320229
0.00169634
0.00132628
0.00050298
0.00117597
0.00235002
0.00276583
0.00173914
0.00360172
0.0029719
0.00462995
0.00277166
0.00452644
0.00531369
0.00611138
0.0057951
0.00377087
0.00487028
0.00648673
0.00567769
0.00531941
0.00384732
0.00558702
0.00721411
0.00350397
0.000763183
0.00214076
0.00221971
0.00239153
0.00426881
0.00313491
0.00176552
0.00403693
0.00204618
0.000855341
0.00123009
0.00104934
0.000872258
0.00142475
0.00247397
0.00269936
0.00280439
0.00526528
0.00487969
0.00341105
0.00458066
0.00420402
0.000517901
0.00364619
0.00135933
0.00196317
0.0037754
0.00213426
0.00224901
0.00287631
0.0035569
0.00457834
0.00229044
0.0016576
0.0020289
0.00445665
0.00380913
0.00436929
0.00352938
0.00266404
0.00263239
0.00399827
0.0034384
0.00502022
0.00563936
0.00627783
0.00494119
0.00336547
0.00361833
0.0028738
0.00521782
0.0073591
0.00641909
0.00584661
0.00510561
0.00034581
0.000500117
0.00270536
0.00254768
0.00475563
0.00384739
0.00326137
0.00319884
0.00266229
0.000945057
0.00120988
0.00130752
0.000948006
0.00223739
0.00252314
0.00201979
0.00251251
0.00204524
0.00207297
0.00117582
0.00171626
0.00335823
0.00160807
0.00155104
0.0013413
0.00238136
0.00259607
0.00259436
0.00329159
0.0036877
0.00469989
0.00682848
0.00634708
0.00143963
0.00213371
0.00398892
0.00236852
0.00524201
0.00329428
0.000460009
0.00103677
0.00414308
0.00309895
0.00117129
0.0048275
0.000990745
0.00259103
0.00155844
0.000138492
0.00347375
0.00417676
0.00499781
0.00392865
0.00352357
0.00307257
0.000672125
0.00183296
0.00537665
0.00382757
0.00442604
0.00304579
0.0064081
0.00590323
0.00627076
0.00514411
0.00452037
0.00165757
0.00373351
0.00515627
0.0058568
0.00211305
0.00200055
0.000781499
0.00128049
0.000217083
0.00169914
0.00184434
0.00319325
0.0013565
0.0027763
0.00145107
0.00179079
0.00235778
0.00246568
0.00360419
0.00132833
0.00336169
0.00259553
0.00275868
0.00509287
0.00668574
0.00823525
0.00524166
0.00565072
0.00109823
0.00419705
0.00450859
0.00400697
0.000921758
0.00210055
0.00229868
0.0041137
0.00374147
0.000512809
0.00155926
0.00174048
0.00274793
0.0031252
0.003753
0.00441527
0.00535406
0.00318128
0.00272218
0.00319933
0.0032481
0.00498531
0.00550583
0.00642666
0.00833197
0.00854461
0.00839525
0.00548415
0.00438952
0.00537867
0.00446457
0.00603345
0.00252708
0.00447052
0.00340675
0.0009398
0.00113136
0.000867536
0.00171779
0.00174631
0.00136506
0.00165594
0.00077391
0.00163382
0.00412615
0.00336845
0.00509609
0.00478705
0.00387239
0.00372642
0.00446374
0.00416995
0.00362437
0.0016906
0.00185392
0.0020623
0.000932571
0.00239464
0.00187909
0.00231344
0.00148205
0.000965733
0.000525742
0.00353422
0.00438735
0.00253225
0.00413338
0.00570609
0.00231098
0.00444851
0.0028731
0.000736069
0.000698068
0.00314578
0.00505361
0.00574526
0.00384622
0.0054569
0.0043406
0.00691403
0.00426943
0.00341455
0.00236872
0.000390041
0.00154941
0.00252726
0.00294611
0.00125954
0.00137582
0.000836401
0.00121839
0.001554
0.00449413
0.00543784
0.00393276
0.00464541
0.00368926
0.00571787
0.00587267
0.00638791
0.00660011
0.00698741
0.00550745
0.00471488
0.0049172
0.00498051
0.00443305
0.00364642
0.00518937
0.00271268
0.000212115
0.000665731
0.00148907
0.000732744
0.00148363
0.00185672
0.00531587
0.00258833
0.00163735
0.00150597
0.00556193
0.00510189
0.00358322
0.00312335
0.00128261
0.0025498
0.00150965
0.000666468
0.00202813
0.00215595
0.00239378
0.00320987
0.00113156
0.00162072
0.00261301
0.00262858
0.00221735
0.00211176
0.00359017
0.00418369
0.00671984
0.00715622
0.00621561
0.00603354
0.00389996
0.00207723
0.00166534
0.00162513
0.00245023
0.00218448
0.0020466
0.00109778
0.00381054
0.00272414
0.00335803
0.00186452
0.00219965
0.00724721
0.00319981
0.00196298
0.00407823
0.00591691
0.00468887
0.00503253
0.00390539
0.00360347
0.00497848
0.00562506
0.00612764
0.00443251
0.00316453
0.00274841
0.000918758
0.00272013
0.00508663
0.00370444
0.00307684
0.0021175
0.00268828
0.00293722
0.00476511
0.00484549
0.00336063
0.00305572
0.00484655
0.0038495
0.0041802
0.00107694
0.00205022
0.00383936
0.00168157
0.00218587
0.00223344
0.0053091
0.00767345
0.00753013
0.00556247
0.00349672
0.00382905
0.00430965
0.00622501
0.00698735
0.00648818
0.00363115
0.00133195
0.00410346
0.000524723
0.00116412
0.0049767
0.00315137
0.0027624
0.00175091
0.00138178
0.00220903
0.0011725
0.00269717
0.00316505
0.00476668
0.00625933
0.00335407
0.00213912
0.00368189
0.000473274
0.00231782
0.00234338
0.00269869
0.00436104
0.00284161
0.0036924
0.00123918
0.00436054
0.00347077
0.00455611
0.00259274
0.00134651
0.00178448
0.00214743
0.00201154
0.00197527
0.00227194
0.0024134
0.00596858
0.00559914
0.00536454
0.00376336
0.00411286
0.00409888
0.00238585
0.00405093
0.00305063
0.00361358
0.00618458
0.00725621
0.00599849
0.00439609
0.00468384
0.00494425
0.0051557
0.00460599
0.00561895
0.00463631
0.00471785
0.00400279
0.00321378
0.00243582
0.00326878
0.00116337
0.00132016
0.00345503
0.00350397
0.00353054
0.00446527
0.00125562
0.00374178
0.00392002
0.000562587
0.00280368
0.0049887
0.00373656
0.003687
0.00337344
0.00458272
0.0031294
0.000567885
0.000891362
0.00325834
0.0034139
0.00195194
0.00141641
0.00489863
0.00531656
0.0047864
0.00338872
0.00324397
0.00472288
0.00200814
0.00254647
0.0041809
0.00425465
0.00516711
0.00495409
0.00503838
0.00365839
0.00288924
0.000898723
0.000206291
0.000544517
0.000748451
0.0020445
0.00160704
0.00109115
0.00199434
0.00273475
0.00337274
0.00449224
0.00390122
0.00404914
0.00523063
0.00386863
0.00174248
0.00377464
0.00388125
0.00191453
0.000461667
0.00214709
0.00124559
0.00306696
0.00322481
0.00303199
0.00327579
0.00255762
0.000800792
0.00136879
0.00113204
0.00124735
0.00192091
0.00485618
0.00551869
0.00477112
0.00472171
0.00310492
0.00270804
0.00140174
0.0034397
0.00134522
0.00215621
0.00349594
0.003824
0.00365665
0.00502744
0.00130333
0.000920705
0.00322029
0.00371943
0.00453183
0.00381647
0.00241266
0.00503978
0.00474611
0.00394798
0.00226408
0.000766757
0.00323131
0.0021039
0.00153506
0.00135124
0.00128038
0.00137236
0.00208335
0.00289768
0.00312738
0.00036355
0.00204088
0.00355341
0.00393353
0.00279726
0.00296201
0.00358245
0.00384166
0.00416334
0.00305038
0.00329652
0.00443899
0.000278744
0.00284392
0.00331208
0.00377886
0.00575158
0.00589362
0.00349439
0.00291676
0.00253198
0.00164614
0.00139181
0.0013756
0.00263464
0.00262542
0.00299848
0.00305823
0.0039278
0.0053829
0.00232533
0.00184611
0.0010944
0.0020389
0.00100083
0.00397594
0.00310607
0.00188868
0.00237402
0.00200041
0.00232026
0.00228975
0.0035123
0.00350734
0.00452529
0.00180907
0.00360453
0.00298253
0.00405423
0.0063422
0.0030756
0.0037531
0.00209012
0.00305885
0.00192352
0.00137331
0.0019385
0.00175865
0.0015527
0.001505
0.00360586
0.00248216
0.00285971
0.00372736
0.00545452
0.00461064
0.00340776
0.00164773
0.00304592
0.00222037
0.00240224
0.00310899
0.00271811
0.00215676
0.00255894
0.00556313
0.00381263
0.00409427
0.00499248
0.00472588
0.00325828
0.00213157
0.00321137
0.0017217
0.000531034
0.000567058
0.000790962
0.00129531
0.00500613
0.00435386
0.0018636
0.00341862
0.004658
0.00655979
0.00784264
0.00695379
0.00702112
0.00632746
0.00646147
0.00521313
0.00560677
0.00385071
0.00515111
0.00412352
0.00416681
0.00452878
0.00463938
0.00358131
0.00811161
0.00448476
0.00431497
0.000862983
0.00265278
0.00304994
0.00362482
0.00411828
0.00513059
0.00407576
0.00515936
0.00106811
0.00114776
0.000617555
0.00248187
0.00198112
0.00304673
0.00181575
0.00225497
0.000643715
0.00076977
0.00427503
0.00572706
0.00546202
0.00539319
0.00605639
0.00423634
0.0028309
0.00233181
0.000935835
0.00250698
0.00134027
0.00325188
0.00141905
0.00108373
0.00225112
0.000627357
0.00202322
0.000913528
0.00269056
0.00246694
0.0038463
0.00517908
0.00508987
0.00776189
0.00529489
0.00456215
0.00638905
0.00783288
0.00314233
0.00072964
0.00197134
0.0010524
0.00380796
0.00421794
0.00462024
0.000801729
0.00110526
0.00292261
0.005266
0.00561627
0.00323544
0.00250376
0.00143461
0.00148977
0.00128009
0.000252368
0.00292723
0.0041894
0.00347692
0.00193642
0.00145828
0.00259713
0.00228034
0.00214636
0.00337505
0.00548727
0.00474086
0.0066991
0.00398774
0.00301353
0.00195602
0.00139037
0.00113439
0.00466146
0.00564816
0.00560012
0.00570307
0.00582683
0.00365275
0.00433752
0.002214
0.00192679
0.00306406
0.00195207
0.00347302
0.00259399
0.00267156
0.00310752
0.00276002
0.00503419
0.00438497
0.00469215
0.00134121
0.0013406
0.0005752
0.00402754
0.0061688
0.0052562
0.00714966
0.00617112
0.00350295
0.00460523
0.00243386
0.00282665
0.00368391
0.003212
0.00466341
0.00382892
0.00301454
0.00464826
0.00303514
0.00162758
0.00143759
0.00217266
0.00375689
0.00560338
0.00420297
0.00432515
0.00315492
0.00276464
0.00383354
0.00424113
0.00569949
0.00444748
0.007723
0.00657429
0.00551314
0.00372855
0.00333918
0.0032628
0.00281264
0.000269792
0.00134824
0.00328649
0.000650964
0.000784799
0.00354909
0.00439571
0.00156395
0.00166291
0.00157875
0.00202188
0.00288429
0.00257848
0.000687177
0.0020272
0.00345019
0.00451634
0.00429039
0.00329983
0.00201873
0.00205619
0.00097808
0.00165407
0.00128702
0.000935585
0.00225867
0.00111965
0.00123574
0.00169377
0.00232952
0.00344993
0.000490411
0.001197
0.0026187
0.00351361
0.00560369
0.00386827
0.00345028
0.00362068
0.00245552
0.00333944
0.00329471
0.00302826
0.00464026
0.00513334
0.00638374
0.00475859
0.00209672
0.00228494
0.00379913
0.00308689
0.00270127
0.00386346
0.00228904
0.0019887
0.00117624
0.00202646
0.00121126
0.00159697
0.00296211
0.00487262
0.00350202
0.0027494
0.00251756
0.000817178
0.00221328
0.00131992
0.00059153
0.00268985
0.00157862
0.00107682
0.00348795
0.00577218
0.00389706
0.00175963
0.00309946
0.00525409
0.00571822
0.00266457
0.00143698
0.00272848
0.00276639
0.00296715
0.00328538
0.00650127
0.0057368
0.00768565
0.00505522
0.0066372
0.00406947
0.00302133
0.0023812
0.00396847
0.00555833
0.00582741
0.00632328
0.00551207
0.00288332
0.0029313
0.00192622
0.000870352
0.00203347
0.00331908
0.00332237
0.00360129
0.00237205
0.00317659
0.00494041
0.00392085
0.00194714
0.00289887
0.00372165
0.00369601
0.00487233
0.00450003
0.00381199
0.0027847
0.0033929
0.00412709
0.00208068
0.000840463
0.00290766
0.00448038
0.0055334
0.00356694
0.00427365
0.00422507
0.00489418
0.00435893
0.00458001
0.00598163
0.0042076
0.00548066
0.0031187
0.00540397
0.00477425
0.00585001
0.00619196
0.00664675
0.00357525
0.00115369
0.00310209
0.00121074
0.00213182
0.00263229
0.00284116
0.00419394
0.00312123
0.00479967
0.00568095
0.0046211
0.00407398
0.00259925
0.00174805
0.00255267
0.00267169
0.00121106
0.00223659
0.00270289
0.00319442
0.00160876
0.00192411
0.00300725
0.00421491
0.00625336
0.00346197
0.00133162
0.00236185
0.00425081
0.000734381
0.00361627
0.0064145
0.00717837
0.00718575
0.0065369
0.00369486
0.0052576
0.00714756
0.00789651
0.00483269
0.00531523
0.00760608
0.00732874
0.00756511
0.00582319
0.00668766
0.00772402
0.0061763
0.00589787
0.00660248
0.00715886
0.0026661
0.00192459
0.000771701
0.00258736
0.00110451
0.00316352
0.0018815
0.00237093
0.00177022
0.000528685
0.00181642
0.0027259
0.00138842
0.000781503
0.00119343
0.00144676
0.00104487
0.000355716
0.00255848
0.00165745
0.00275353
0.00327283
0.00446071
0.00115809
0.00237927
0.00337978
0.00202196
0.00161904
0.00283301
0.00439134
0.00291735
0.00746414
0.00795806
0.00551596
0.00424626
0.00197303
0.00303956
0.00409605
0.00516672
0.00518712
0.00333284
0.00167526
0.00210848
0.00347293
0.00531589
0.00492372
0.00330734
0.00391487
0.000968258
0.00225264
0.00170181
0.00214053
0.00124437
0.000570095
0.000769201
0.0013089
0.000880655
0.00219116
0.00593589
0.0030649
0.00389308
0.00419548
0.00480299
0.00391686
0.00453171
0.00370837
0.0048349
0.00360403
0.00494723
0.00311844
0.00270256
0.00267014
0.00338942
0.00344726
0.00273681
0.00539311
0.00385083
0.00301412
0.00309863
0.004623
0.00294899
0.00386574
0.00506668
0.00277337
0.00337418
0.00380758
0.0034802
0.00814169
0.00797525
0.00482011
0.00296487
0.00168623
0.00228941
0.00290553
0.00330995
0.00510401
0.00438116
0.00440525
0.00415273
0.0033502
0.00350202
0.00421412
0.00353195
0.00148397
0.00368263
0.000438831
0.00151828
0.00279546
0.00237431
0.00356915
0.0021013
0.00057533
0.00115149
0.0022889
0.00347314
0.00205006
0.000214899
0.00153607
0.00363823
0.00545096
0.00293317
0.00169158
0.000175343
0.00297759
0.00413327
0.00459627
0.00740516
0.00720252
0.00640018
0.00647388
0.00582531
0.00444716
0.00543249
0.0046991
0.00200829
0.00235072
0.00506781
0.00356726
0.00296783
0.000449864
0.00259965
0.00212659
0.00151454
0.00178646
0.0031514
0.00174304
0.00199633
0.000601806
0.00229738
0.00338348
0.00353545
0.00453381
0.00608309
0.00419333
0.00660655
0.00552969
0.0020735
0.00193497
0.00293024
0.0023509
0.00259487
0.00358943
0.00501014
0.00436086
0.00249628
0.00263891
0.00260172
0.00358221
7.31075e-05
0.00226265
0.00378138
0.00379355
0.0029085
0.0022387
0.000884579
0.00234129
0.00149576
0.000649564
0.0019617
0.00085458
0.00225396
0.00255453
0.0018347
0.000309354
0.00266313
0.00179304
0.00300367
0.00336816
0.00200539
0.00248189
0.00157097
0.00267566
0.00435569
0.00435449
0.00356366
0.00225425
0.00168234
0.00397491
0.00306583
0.00343125
0.00315017
0.00160888
0.000564545
0.00138132
0.000476631
0.00315578
0.00205951
0.0019772
0.00166857
0.00320981
0.00513013
0.00382478
0.00365015
0.00406035
0.00615782
0.00780463
0.00544449
0.00460811
0.0045577
0.00580776
0.00466344
0.00331632
0.0032321
0.00448811
0.00289871
0.0025728
0.00212854
0.00206644
0.00137962
0.00285047
0.00186719
0.00395154
0.0054668
0.00338091
0.00319616
0.00180475
0.00205769
0.00283107
0.0015095
0.00499835
0.00561975
0.00425559
0.00437136
0.00559355
0.00478888
0.00351071
0.00118738
0.00219701
0.00257183
0.005375
0.00625563
0.00427422
0.00662354
0.0045648
0.00195962
0.00162669
0.00331786
0.00237405
0.00252619
0.00536136
0.00584278
0.00516133
0.00628943
0.00317452
0.00396056
0.00434018
0.00309075
0.0049272
0.00472262
0.00517274
0.004608
0.00450259
0.00337677
0.000887782
0.00210408
0.00253422
0.00416181
0.00408598
0.00397223
0.00478945
0.00344906
0.00114914
0.00094023
0.00215879
0.00382053
0.00451087
0.00131466
0.000984687
0.00141512
0.00489941
0.00547277
0.00528789
0.0057025
0.00353311
0.00266286
0.00272196
0.00213058
0.000654783
0.00168099
0.00347911
0.00365351
0.00549281
0.00399483
0.00160031
0.00072342
0.00118417
0.0018156
0.00367887
0.00315858
0.00609424
0.00473759
0.00184347
0.000242217
0.00172123
0.00492391
0.00250893
0.00411315
0.00315224
0.00319733
0.000553053
0.00228435
0.00397742
0.00568523
0.00453131
0.0036072
0.00209806
0.00346354
0.00298494
0.00413348
0.00364205
0.00224927
0.00135709
0.00404348
0.00294458
0.00464239
0.00608636
0.00553792
0.00765285
0.00652414
0.00456454
0.00279042
0.00410891
0.0041438
0.00198537
0.00309913
0.00247827
0.00395733
0.00480581
0.00630899
0.00523116
0.00398942
0.00396304
0.00370206
0.00363707
0.000851214
0.00447945
0.00263743
0.00271058
0.00296806
0.00160718
0.00394157
0.00272036
0.00293408
0.00133871
0.00386831
0.0029593
0.00269509
0.00285023
0.0035484
0.00273494
0.00206887
0.00136265
0.00298655
0.00401867
0.00235078
0.00180262
0.0044449
0.00260706
0.00209582
0.00279259
0.00473204
0.00668359
0.00714762
0.00694537
0.00352024
0.00516214
0.00667296
0.00567401
0.0044152
0.00461021
0.00528434
0.0070362
0.0065665
0.00662972
0.00228089
0.00358381
0.00317624
0.00324721
0.00181741
0.0027293
0.00103837
0.000626301
0.00240942
0.000721278
0.00100426
0.00225349
0.00572533
0.00977294
0.00801639
0.00454432
0.00328871
0.00318675
0.00225852
0.00450558
0.00413587
0.00208118
0.0030799
0.00506263
0.000703805
0.00213365
0.000950552
0.00128241
0.00341557
0.0036232
0.000812574
0.000847243
0.000939947
0.000750116
0.00217219
0.0061998
0.00174635
0.00442225
0.00298129
0.00257976
0.00322519
0.00306408
0.00369838
0.00247612
0.00366012
0.0043329
0.00321839
0.00186395
0.00152838
0.00310376
0.00389108
0.00393593
0.00428113
0.00260211
0.0022933
0.0039568
0.00378099
0.00301041
0.00488334
0.00771825
0.00943994
0.00801979
0.00762763
0.00409899
0.00543135
0.00402701
0.00601254
0.00488715
0.00515472
0.00426766
0.00572964
0.00336406
0.00188808
0.00256233
0.00217211
0.00479788
0.00118548
0.00473622
0.00349792
0.00212389
0.00445816
0.00395867
0.00591839
0.00825224
0.00346133
0.002233
0.00347077
0.00117503
0.0019754
0.00316831
0.00172994
0.000423998
0.00190348
0.00439225
0.00473551
0.00397438
0.00451615
0.0048796
0.00463748
0.00481894
0.00482705
0.00443635
0.00246303
0.00476418
0.000192557
0.00252204
0.00338112
0.0030657
0.00413755
0.00533982
0.00469294
0.00475114
0.00308701
0.000883534
0.00249901
0.000565192
0.00108111
0.000804809
0.000543016
0.000501552
0.00261798
0.000814415
0.00127012
0.00185854
0.00197883
0.00250608
0.00387777
0.00458401
0.00430052
0.00304023
0.00534526
0.00614273
0.00557589
0.0055532
0.00671269
0.00608632
0.00646333
0.00703693
0.00298567
0.00386205
0.0040428
0.00554575
0.0046488
0.00469473
0.00389523
0.00369442
0.00384033
0.00472508
0.00339765
0.0019626
0.00165238
0.00339791
0.00296451
0.000796231
0.000360055
0.00187638
0.00366375
0.00277556
0.000603723
0.00160602
0.00410169
0.00579136
0.006546
0.00628169
0.00393423
0.00409516
0.00483631
0.00818901
0.00462066
0.00708158
0.00370267
0.00281687
0.00215468
0.00263965
0.00173532
0.00114035
0.0048151
0.00439942
0.00615073
0.00491301
0.00531757
0.00493955
0.00521221
0.00546669
0.00618419
0.00335384
0.00447317
0.00213015
0.00201512
0.00505458
0.00887645
0.00599974
0.00420941
0.00588804
0.00369042
0.0030203
0.00367715
0.0051649
0.00275177
0.00172283
0.00203062
0.00445364
0.00496661
0.00440474
