1.10715
1.10762
1.11147
1.10623
1.10986
1.11085
1.11384
1.15661
1.15355
1.19916
1.27534
1.22493
1.274
1.48669
1.64659
1.73065
1.63121
1.71885
1.04847
1.02229
0.708742
0.447477
1.04694
2.11483
-2.56676
2.20701
3.08206
3.09804
2.82759
2.97515
-1.20634
-0.621562
1.04744
0.221566
1.67783
1.98786
0.702784
-0.472545
-1.16048
-1.60511
-2.81693
2.78037
2.48438
2.69702
2.41485
1.82666
1.17549
1.50787
2.19258
1.89741
1.73117
2.46056
3.0998
1.08793
0.875994
2.08616
3.08638
2.75321
-2.87296
-2.17236
-2.39317
2.17149
2.14075
2.72679
2.98114
-2.73722
2.93761
-3.00266
-3.01839
2.69831
2.77721
3.11742
-2.55861
2.98965
-2.72929
3.02761
-3.04638
-2.35998
-1.45966
-1.84039
-1.75068
-2.49649
1.61044
1.04353
1.38962
1.51787
1.04397
1.37493
1.16999
1.38701
0.783861
0.626672
-0.689919
2.7134
2.98047
3.0234
3.06172
2.76471
3.10256
2.65929
-2.73302
-2.69302
3.01195
3.06305
-2.96932
-2.65675
-1.51047
-1.36752
-0.434432
-0.299424
1.68973
1.70333
2.93955
-2.46146
-1.53096
-1.63775
-1.82368
-1.91094
-1.8341
-2.07177
-2.11077
-0.635531
-0.68391
-0.728068
-1.85515
-1.46933
-0.978368
-1.26248
-1.23763
-2.76339
-2.71057
-2.26986
-2.49953
-2.18634
-2.11765
-2.14755
-1.60796
-1.81419
-1.38226
-3.023
-2.33529
-2.79261
-3.11858
-2.60113
-2.99358
3.07938
-3.00593
2.68054
-2.72999
-2.26624
-2.37465
-2.2441
-2.23302
-1.94852
-1.41701
-1.64997
-1.86023
-1.96669
-1.54198
-1.81806
-2.15398
-2.06932
-1.77584
-2.07884
-1.34352
-1.68562
-1.67074
-2.71732
2.67641
2.61743
-3.06831
-2.44931
-0.277299
2.92895
-1.8136
0.69562
-1.11995
-2.56633
1.53025
2.06937
1.01607
0.892087
1.24704
1.20199
1.06926
1.26071
1.44786
1.34432
2.40518
2.67826
1.65527
1.39887
0.985617
1.54138
2.17371
-2.57417
-2.91005
-0.838392
0.2874
0.315704
0.463334
-1.57423
2.54653
0.630127
1.45568
0.514882
1.55545
-2.57227
-2.13331
-1.99176
-1.81651
-1.90147
-1.87179
-2.24825
-2.75421
-3.07444
-2.98382
2.94973
3.07503
-2.39588
-1.88623
2.55184
-0.630366
-1.095
-1.41302
-1.46565
-1.31262
-1.4077
-1.43546
-1.39008
-1.91735
-2.40186
-1.57891
-2.10553
-1.99733
-3.02492
-2.5785
-2.88063
-1.28493
-1.46602
-1.68162
-2.75775
-2.56429
-3.06416
-3.10857
2.60704
2.58624
2.48584
1.06438
1.08368
1.86425
2.04314
2.45369
-2.60572
-0.725806
-0.780177
-0.620322
-2.26347
-1.0535
-0.757412
-1.03951
-1.96144
2.05863
0.53156
0.881234
-0.027334
-1.37083
-0.151162
-0.235748
0.679907
0.968281
1.42691
1.01008
2.79938
2.90425
2.46496
2.35229
2.90792
2.80317
2.60168
2.56243
2.81902
2.02253
-2.5098
-2.24464
-2.35239
-2.2718
-2.41863
-2.99449
2.50733
-2.44758
-3.06075
1.85503
1.94662
1.4885
2.5715
0.163867
1.22474
1.94575
1.63629
1.9626
1.50756
1.48137
1.41735
2.07386
1.70701
2.65081
3.0088
2.60629
2.76569
2.86438
3.13924
-2.55311
-2.22442
-1.37078
0.777907
1.92453
2.42386
2.50624
2.06943
1.97959
1.82281
2.41925
2.76801
-2.82162
-2.26393
-2.24662
-2.20129
-2.26503
-1.5227
-1.76324
-0.619292
1.05897
1.93069
0.437878
0.0282247
0.951053
0.92927
0.493282
1.50203
-0.729449
-1.00751
-0.758552
-0.891596
-0.717228
-0.544871
-0.732503
-0.665396
0.150675
-0.151902
-0.120355
0.00776339
2.53586
2.36376
1.52314
3.07637
2.62063
3.09089
2.88812
2.78705
-2.79264
-2.41759
-2.54341
-2.84835
1.19055
2.003
-0.143477
-0.108865
-0.730447
-2.32916
-2.54292
-2.406
0.78112
0.598133
0.940853
0.453202
0.405313
0.578048
0.197273
-0.028245
0.670893
0.243552
0.720868
-0.120271
-2.04874
3.09745
1.87414
0.472336
0.401688
1.05948
1.13673
2.388
2.13881
2.10271
2.3983
0.807902
1.31107
1.23978
0.474074
0.330523
0.654919
1.9023
1.63345
1.27419
1.14303
1.48885
0.554226
0.836478
0.553327
0.786655
0.158333
-2.37109
-2.13045
-2.3068
-2.81645
2.916
2.79204
2.91106
2.14007
2.54734
2.16663
2.10577
2.47796
2.59299
-3.06445
-2.74594
-2.33693
-2.27487
-1.73477
-0.493003
-2.79798
-2.51285
-2.83772
-2.32241
-2.75548
-2.90833
-2.92832
0.664954
1.32609
-2.75628
-2.77092
-2.77757
0.709796
0.881105
0.588059
0.752114
0.378277
-2.61543
1.68904
1.22946
1.61216
1.32886
1.20836
1.36336
1.59179
1.70701
1.78686
-2.02395
0.310348
0.682484
1.03892
1.62424
-1.11213
-1.6467
-2.40348
2.89497
-2.52849
2.79699
1.67901
1.34306
2.91198
3.0165
2.92991
-1.47485
0.901032
2.56579
2.74525
2.74913
-1.33342
-2.26761
-0.562964
0.716455
1.92679
2.24274
2.81516
2.40527
2.39074
2.97571
-2.01395
-3.0595
-2.24833
-2.40147
-2.52214
-1.18607
-1.71596
2.38054
0.824848
0.748491
0.371289
-0.213899
-0.348209
-0.0251809
0.0720153
0.937214
1.03488
0.952445
0.25299
0.33092
-0.152633
-1.07326
-2.26181
-0.606481
-0.937887
1.1041
2.03336
-0.953611
-1.00897
-0.361024
0.266517
0.169379
-0.451963
-0.0670176
-1.24256
-0.991975
-1.50988
-0.753047
-1.03887
0.165467
0.502469
0.595237
-0.306531
-0.0593577
0.175485
0.145448
-0.0582382
-1.28201
2.7535
3.08919
-1.27339
-0.910732
-1.67936
-2.28347
2.74104
-3.08166
3.10534
-1.77456
-0.517531
-0.0274213
-0.345585
-0.353807
-0.195992
-0.376449
-0.0576457
-0.188726
-0.270396
0.00465344
-0.124401
-0.196169
0.618158
-0.273751
-0.476539
0.690833
0.492752
1.2325
-2.99851
-1.56416
-1.31544
-0.12075
1.42482
2.12128
2.13342
2.4297
2.42241
2.45076
2.65288
1.65924
1.53214
1.19194
1.10836
-0.387262
-0.329353
0.287557
-0.30435
-0.190678
0.199381
0.131435
0.0213053
0.442085
-3.006
-2.36157
1.6957
-2.94278
-2.53291
-0.696047
-1.01461
-0.0772182
-1.99382
-0.319507
0.0301182
0.195864
-0.481927
-1.31761
-0.088006
-0.391184
-0.131451
-0.043846
0.436123
0.597803
-1.4372
-1.40621
-2.62992
3.12273
2.68716
0.159742
-0.903782
-1.19255
0.350352
0.652809
0.859742
-2.2574
-0.845614
-0.926203
-0.265108
0.0140419
-0.412701
-0.294229
0.110853
1.91317
2.73475
2.58689
-3.01723
2.72113
0.459443
0.567094
1.14191
2.44283
-1.94261
-2.12222
-1.27033
-2.16159
-2.14246
-0.361694
1.82973
1.89557
1.83927
1.91218
2.36628
2.45672
1.31743
1.12914
2.06056
0.290551
1.38731
1.79045
1.32968
-0.0512244
-0.846369
-1.42017
-1.47233
-2.72548
-1.47902
-2.18962
2.3767
2.09511
2.71054
-2.57327
-0.234564
-1.4842
-0.879787
0.537133
1.39134
1.81433
2.50208
-0.944476
1.57002
2.72904
-1.67929
-1.85458
-1.69641
-1.77127
-1.82138
-2.03392
-0.2519
0.110972
-0.193188
-0.439545
-0.546696
-0.714565
-0.483649
-0.571459
-0.305173
-0.840486
1.46692
-0.986206
1.60136
1.34961
1.06887
1.74785
1.79311
2.50002
2.0976
3.06371
1.56663
0.368544
0.972774
1.1709
1.38185
1.54875
1.61732
1.60497
1.34931
1.69086
1.97584
1.89564
-3.14106
3.03581
2.45364
2.45368
2.61136
1.99651
1.81426
2.01057
1.69112
1.5397
2.07203
1.90515
2.31498
1.30469
1.69896
2.06978
-3.10792
-2.4949
-2.37409
-2.70855
-2.84614
-2.13347
-2.6277
-2.47897
-3.06233
-2.5616
2.65452
-3.11152
1.02097
-1.25789
-0.466314
-0.348283
0.145734
-0.304931
-0.392774
-1.61061
-1.22314
-0.920515
-0.674932
2.49398
-2.63386
-2.44474
-2.76563
-3.13805
-2.89622
-2.49309
-2.48579
-2.47398
1.99865
1.77698
1.22003
1.18021
0.593586
2.13198
2.37022
1.48
1.59836
1.26882
1.07003
1.30411
-0.46999
0.618384
-0.0953484
-0.50266
-2.19559
-2.68176
0.714966
1.21979
1.12893
1.90835
2.76604
2.68242
2.64351
2.08681
1.79288
1.82351
1.83705
1.76564
1.09838
1.17172
1.85996
1.86937
-2.62978
2.70258
-2.85502
2.59574
2.679
-1.89458
-1.34151
-0.220952
2.92572
2.89061
2.94277
-3.03072
2.37256
2.30448
1.41637
0.841039
1.29681
1.48238
0.410616
1.25691
-1.03088
1.33341
0.878469
1.00713
0.524778
0.422668
1.5526
1.52289
1.05412
-0.692338
-0.297472
-0.477291
-0.752832
-1.27195
-2.31293
-2.50298
-2.04427
-1.19278
-1.05821
-1.49439
1.63669
2.27314
2.35036
2.30929
2.46003
2.54106
2.69592
2.29388
2.2242
2.19203
2.3724
2.90359
2.63615
2.54788
-2.92357
-3.12948
-2.62192
2.12118
1.9763
1.89706
2.10197
2.17928
2.43728
2.08198
2.8484
-2.56269
1.89974
1.42739
1.36507
1.33864
1.55204
2.17659
2.00024
1.93716
2.17096
-0.0823188
-0.589376
-2.1844
2.66911
1.77071
-0.810497
-0.54717
-0.447998
-0.734027
-1.29434
-1.9828
3.06041
-2.6846
3.03671
3.07633
2.49203
2.39562
2.20372
2.14345
2.96017
-3.01379
3.0856
2.97644
-3.11114
0.945162
-3.12412
2.49266
1.39018
2.40435
2.05959
1.80421
2.02209
1.20578
0.620212
1.13312
1.35759
1.44817
1.88751
-0.692114
0.408457
1.10045
1.31161
1.28511
1.62567
1.64983
1.91522
1.96854
2.58692
2.99999
2.71862
2.49849
-0.175558
-2.1309
-0.298162
0.959814
2.33545
3.05218
-1.66013
-2.35417
2.96538
2.44797
-3.03124
2.8451
2.29794
2.51472
1.99689
-0.663415
-0.385547
-0.551253
0.140856
0.0673299
0.538016
0.349305
1.64801
1.49489
-0.839177
-2.42836
2.72546
2.2208
1.38182
1.62818
1.37729
1.55851
2.32073
-2.88932
-3.03595
-2.84775
0.354379
-0.0714001
-0.292991
0.723704
0.657795
0.148787
0.311285
-0.241564
1.45644
1.81132
2.45017
2.45424
2.24012
2.00855
2.13975
1.64009
1.5577
1.95524
1.74637
1.88269
1.73871
0.967049
0.0309829
-1.04527
-1.30362
-1.36873
-0.967952
-1.80684
3.02746
-2.93071
3.05156
-2.39493
-2.23052
3.09035
1.90627
0.245177
0.134456
0.0739184
-0.521046
0.0101365
1.08244
0.912179
0.0748778
-0.42425
-0.400998
-0.536599
-0.567704
-0.44774
-0.838519
-0.73677
0.853452
0.901844
2.67018
1.74899
1.1803
1.01018
2.05808
2.00925
1.92147
2.04253
2.07618
2.34918
2.69648
2.2297
2.00834
3.1017
-2.58753
-2.65818
-2.71608
-3.10091
1.38373
1.38929
1.5644
-0.117286
-0.0969116
-0.546408
-0.820564
-1.5451
-1.83452
-2.38547
-1.80877
-2.04512
-1.84439
-1.9637
-1.79759
-2.11794
-2.6208
-2.82195
-3.11509
-3.06105
3.01558
2.34567
2.14969
2.92811
0.800185
2.71542
-2.78721
2.66442
2.31541
2.07608
2.1791
2.53893
2.58444
2.123
2.48751
2.72454
1.90876
0.826702
0.841764
1.93288
2.80211
2.19558
0.240328
0.459674
0.959467
1.0769
1.4369
1.04427
1.23133
2.2972
2.7951
2.85129
1.74073
1.76185
1.87218
2.09323
1.91329
2.11542
2.69634
2.71623
-2.91377
-2.76813
-3.11634
2.19912
2.93804
-0.513193
2.82671
-1.93827
2.26514
1.73734
1.42071
-2.12058
2.91417
3.13896
-2.61751
-3.12522
3.02794
3.0059
2.52728
2.58164
2.847
-2.72922
-2.29857
-0.546626
-0.277864
0.587838
0.461512
0.402739
0.605788
0.629355
0.584502
-0.411846
-0.934798
-0.0736972
-1.9222
-2.01242
-2.52353
-2.00572
-2.44563
-2.9798
-3.00133
-2.75428
-2.46048
-1.69095
-1.50171
-2.08813
1.84206
0.945176
0.102639
-1.11559
-1.29031
-0.955556
-1.73784
-2.24951
-1.71319
-2.09994
-2.57104
3.09671
2.97323
2.85643
-2.21279
-0.183492
0.0551109
1.76169
0.430688
-3.07609
1.27028
-0.985949
-0.409431
-0.250095
-0.568325
-1.66264
-1.63322
-1.68167
-2.06189
-1.77762
-1.76898
-1.20106
-1.25743
-1.10605
0.52692
0.671894
0.546659
0.348753
0.975536
0.804104
0.0928819
0.378301
-0.161995
-0.109376
-0.0979274
-0.398434
-0.150041
0.0703947
0.825984
1.17538
2.92348
-2.76366
-1.64071
-2.95784
2.83732
2.4838
2.55439
-0.150938
0.0406544
2.83888
-2.86417
-2.86958
-2.81735
-2.05475
-2.68951
-3.00959
3.0641
3.07474
2.18817
1.92741
1.66063
2.96947
3.1161
-2.88736
2.63449
2.17715
0.568561
0.837446
0.558577
-0.217227
0.0268627
-0.69826
-0.735684
-0.404209
-0.713795
-0.598215
2.1094
-2.27857
-2.4042
-1.6785
-1.71732
-2.09548
-1.48392
-0.86828
-1.13977
-0.0655106
1.14539
2.07988
1.14617
0.858517
0.9637
1.14801
1.43776
1.0766
1.20664
1.15191
0.799775
0.373978
0.180245
-0.0607158
-0.0780066
1.0423
1.0596
1.60426
1.57327
1.97536
1.96877
1.68338
2.76828
2.89325
-0.312984
0.289221
-0.419646
0.0149244
1.09315
0.797141
-2.0094
-0.535262
-0.415292
-0.884559
-1.24824
-1.65267
-1.283
-1.96491
-2.48708
2.1528
-0.27447
0.115324
-0.477521
0.199105
1.6575
1.20715
1.41942
0.978151
1.67877
2.3418
2.20163
2.60486
2.50671
1.97534
1.64903
2.28464
2.43622
1.65401
1.80274
2.17389
1.78779
1.64254
1.39386
1.81223
1.86617
2.87801
-2.38549
-2.55661
-1.61279
0.327624
0.829462
-3.09088
-1.25331
-1.4965
-1.38942
-1.39931
-0.338993
-1.29872
-1.06998
1.99862
-0.519796
-1.06552
-0.398391
-0.471466
-0.590602
-0.525205
-0.26956
-1.25304
-2.01151
-3.02189
2.97236
2.52579
2.99315
2.48664
-0.536828
1.07318
1.68564
-2.12585
-0.326934
2.03901
1.66534
1.45138
2.17857
-2.80833
-3.01249
-2.98126
-2.9966
2.84512
2.80366
2.63015
2.65136
1.92567
2.18065
2.4481
2.38879
2.10611
1.56795
1.66005
1.97483
2.53971
2.58606
2.21925
1.94257
2.22548
-2.88801
-2.37648
-2.21398
-2.60098
-2.41571
-2.52802
-2.45728
-2.21083
-2.6371
1.73316
0.99098
0.677897
2.2828
1.49548
0.977767
0.66046
0.934619
0.906355
1.02257
1.61782
1.68527
2.27225
1.05743
1.28199
-0.0675329
-0.188932
-0.562783
-0.644685
-1.71212
-0.818588
-0.243178
-2.31791
-2.48648
-2.38473
-2.06253
-2.44332
-2.67559
3.06771
2.66857
-2.89484
-2.2986
-2.94592
-2.88388
2.98396
2.38451
2.48048
1.83087
1.88865
1.40816
1.41941
1.68451
1.84929
-1.00885
-1.14646
0.0512527
1.21245
-2.03087
-0.359318
-0.22047
-1.2483
-2.33069
-2.47024
-2.04939
-1.6284
-1.29251
-0.860777
-0.969098
-1.24631
-0.928673
-0.678062
-0.490588
-1.42097
-2.04074
-2.67044
-2.90975
3.11259
-3.04093
2.83739
3.05582
2.88201
2.396
2.42203
2.81923
2.80835
2.90822
2.82271
2.26715
2.36331
2.15998
2.8204
2.7762
1.98685
1.25158
-2.6269
3.01275
1.9351
2.12599
2.57896
-3.14108
-1.77603
2.40488
-2.66971
-2.81477
2.90953
2.62706
2.329
2.69706
2.59435
3.02783
-2.59044
-2.73646
2.21635
2.4349
2.0167
2.36792
2.49619
2.3283
2.25127
-3.00516
2.21597
2.17634
2.21994
2.48043
2.7735
-3.09083
-2.8913
2.97296
2.54559
2.82637
2.80206
2.70767
2.693
2.71
2.94845
2.60174
-2.7289
-1.18052
-2.08272
1.7405
1.81159
2.08681
1.92538
1.91404
2.25831
2.51131
2.22927
1.70736
0.767213
2.2041
-2.834
-1.02077
1.99351
-1.54523
-0.751336
0.91076
3.06958
-2.93401
-3.0826
1.85297
0.969145
-0.313815
-0.335025
-0.0501463
0.452219
1.41009
0.934855
1.21963
0.706458
-0.235649
-2.01267
-1.36796
1.19046
1.14392
2.54507
2.2065
1.94084
2.01209
2.47168
2.83896
-3.11835
2.97035
2.33288
-3.05918
2.16238
-1.96665
-1.6997
-1.82911
-2.39508
2.85784
-1.2214
0.324712
1.61312
2.41824
0.829674
-0.975877
-1.26639
-1.79773
-1.67602
-2.50975
-2.7507
-2.94864
-1.62996
-1.5193
-1.51273
-1.04124
-1.1896
-1.09062
-1.04731
-0.881711
0.506199
2.85878
1.74743
-0.0210022
-0.308617
-0.17676
0.355673
0.217959
0.170037
0.697752
0.478308
-0.595989
-1.74419
-2.21973
-1.26666
-1.18084
-1.70912
-2.80817
-1.64073
-1.2195
-1.08168
-1.3425
-1.25261
-1.67204
-1.03249
-0.326514
-0.436027
-0.233241
-0.329467
-0.0257911
-0.610778
-0.274883
-0.923233
-0.876277
-2.03039
-2.87965
-1.17331
-1.57167
-1.5917
0.862724
1.14091
1.33276
-0.288471
-0.976215
-2.22272
2.85594
-2.41245
-3.0752
-0.765454
1.12028
1.27822
1.11514
1.30937
1.72058
2.24601
1.80567
1.65751
1.71139
2.0146
2.40735
1.31711
1.45721
2.19808
1.06265
1.49246
1.76709
1.81465
1.8465
1.58088
-1.39887
-3.04291
1.77359
2.705
-1.18628
-0.853537
-2.5824
-2.69978
-3.04651
3.09025
-2.7296
-2.00789
-1.18338
-1.11018
-1.17261
-1.41629
-1.47688
-0.961413
-0.64544
0.166072
2.49261
2.10343
2.26601
2.10155
2.31192
2.03696
2.16546
2.21009
2.10504
1.82619
1.28761
1.47196
1.55139
1.38974
0.496567
1.64685
2.47165
-1.93173
-1.41611
-3.12224
-2.92735
2.36069
0.612717
-3.10669
2.7431
2.65901
1.83931
2.77704
1.94038
2.74845
1.80368
-1.28858
-1.73969
-0.520068
0.0918936
0.525327
1.32046
1.68659
1.97553
1.88806
2.0654
2.31572
2.71858
-0.913528
-0.404712
-0.343464
-0.689269
-0.860531
-1.05074
0.177873
0.630207
0.703003
0.917457
1.50882
2.00797
1.57652
1.70367
1.21292
1.39871
1.5365
0.191396
0.738326
-2.29404
-2.4101
-2.87955
2.15975
2.95077
2.64501
2.32555
2.11604
1.81908
1.10934
1.1795
0.290347
-0.812204
-0.953461
-0.925948
-0.331383
2.02558
-1.97007
-2.23765
-2.79597
1.9713
2.53325
2.55292
2.66416
2.72557
2.2256
-2.82459
0.0595949
2.38138
2.75315
-3.10499
-1.98226
0.37769
-2.61291
-1.23595
-1.71909
-1.17435
-1.45133
-1.28086
-2.28068
2.28383
2.08028
-2.38735
-0.0505875
1.56683
-1.851
-1.05144
-0.780764
-0.189684
-0.0969858
-1.59436
-1.70277
0.441689
0.118203
-2.87421
2.52386
-2.47915
-2.84988
2.41557
1.35845
0.942723
0.759255
0.944365
0.655377
0.628673
0.183189
-0.21468
-0.934935
-1.43797
-1.35442
-0.987308
-0.673518
-0.442181
-0.718107
-1.65782
-1.7884
-1.06938
-1.04868
-0.414062
-0.594305
-0.271202
-0.504108
1.29091
1.03645
1.77282
1.71526
1.30838
1.75232
0.932648
0.496106
0.691703
1.15334
1.58782
0.665456
0.776888
-2.18035
-0.484986
-1.43308
-0.899908
-0.583555
-1.09699
-1.32208
-1.49618
-1.45648
-2.35188
-2.11211
-2.54114
-2.10729
-2.12565
-1.97984
-2.92766
-2.60671
-1.52805
-2.38811
-2.18242
-2.85753
-2.26096
-2.19158
-1.42795
-0.304596
-0.6334
-0.93991
-2.01048
-1.38235
-2.83899
2.99312
3.11301
2.83664
-2.95517
-2.86416
-3.11114
-2.91381
-2.64981
3.0103
2.85475
2.30086
-2.82696
-2.66022
-1.01687
-1.23188
-1.41085
-0.898827
-1.34732
-1.93018
-2.20256
-1.74747
-1.49356
-2.05388
-1.5893
2.85959
-1.07292
-0.150193
0.492224
1.33947
1.83815
2.75476
2.98037
0.569277
-0.79984
-2.68571
-3.02593
2.81017
2.84547
3.12614
-3.10163
-2.63561
2.38024
2.88795
3.03644
-2.68532
2.83343
-3.09287
-2.74795
-2.66538
-2.66286
-2.76736
-2.6132
-2.47718
-2.45241
-2.81531
-2.99931
-2.28218
-2.61868
-2.92539
3.11355
-3.05999
2.55598
3.13374
-2.85126
-2.44944
-2.00321
-1.86649
-2.53321
-1.98901
-2.25752
-2.71084
-2.61014
-2.98741
-2.6587
-2.47505
-2.95347
-3.08808
2.86119
2.86874
-3.06327
2.96732
2.84237
2.56036
2.82703
2.5924
2.36658
1.80313
1.85453
1.66627
1.75085
0.992457
1.67703
1.97514
1.80716
1.94799
2.51405
-3.1032
-2.53628
-1.9232
-1.7848
-1.25798
-2.40261
-2.15551
1.20647
-0.83208
0.391592
1.62919
-0.288668
-0.984201
-1.1718
-1.98928
-2.02061
-2.43033
-2.23563
-0.650765
-2.9182
-1.44381
3.10708
-2.65717
-2.24421
-2.65915
-2.76239
-2.55861
-2.06876
-1.04579
-1.65223
-1.50145
-1.36277
-1.24348
-1.29663
-1.08662
-0.358358
-2.50699
-0.61219
-0.495756
-1.30008
-1.23945
-1.26376
-1.33998
-0.992473
-0.456121
-0.0695935
-0.924438
-0.915447
-0.522123
-0.921316
-1.17918
-1.27764
-1.16181
-1.12815
-1.24813
-1.30637
-0.72465
-0.817691
-0.600908
-0.469205
-1.04876
-0.811136
-0.166434
0.439511
0.435921
0.653465
0.971422
0.87916
1.67052
0.879363
-1.86732
-3.1211
-2.86403
-3.0997
2.94728
2.47387
2.53216
1.46096
-0.562884
0.341081
-1.80108
-1.61238
-2.85066
2.67995
1.06206
1.13451
1.53506
2.07615
-0.807962
-1.2499
-1.30289
-0.775885
0.280709
-0.39164
-1.64147
-1.42552
-1.62725
-1.68849
-2.02856
-2.10599
-2.09231
-2.22806
-2.30601
-2.40203
-2.78522
-2.63332
2.27073
2.3508
2.42146
1.6202
0.836423
0.812158
0.516644
1.00118
2.50222
2.41574
1.83088
2.45113
2.36065
2.90187
2.95249
1.31151
1.1188
-2.02232
2.78555
1.107
1.80603
-3.05714
1.32872
1.38606
0.844936
1.14182
0.547433
1.88234
-0.38382
-0.521047
-0.13969
-0.00436262
0.625049
1.23978
0.19097
-0.123254
0.0447065
0.425592
0.125101
-0.172071
-0.517068
-0.276885
-2.95233
2.76385
1.46201
1.291
0.0462522
0.0518078
0.403
-0.165207
-0.884151
-0.720152
-0.216812
-0.920401
-2.32552
-1.1023
-0.944684
-0.674765
-0.924219
-0.450618
-0.547116
0.489149
0.469842
0.721821
-0.0605708
0.181603
0.482458
0.361496
-0.0712538
0.377044
0.420558
-0.797517
-1.40953
-1.70495
-1.9815
-2.07711
-1.89331
-1.83418
-1.8944
-1.71545
-2.06445
-1.98185
-1.66002
-1.53621
-1.26691
-1.63442
-1.4385
-1.41805
-1.24508
-0.951325
-0.281576
-0.290054
-0.0863055
-0.175563
-0.0951588
-0.370872
-0.577454
-0.918884
-0.965138
-1.27755
-1.19202
-0.881753
-1.14741
-0.617376
-0.605054
-0.852155
-0.356324
-0.187259
-0.00949108
0.129218
-0.159958
-0.135529
-0.306427
-0.222428
-0.348873
-0.785922
-0.849286
-0.729791
-1.13746
-1.18383
-1.29803
-1.2853
0.0497783
-0.452919
-0.86246
-2.25062
-2.60441
-2.20003
-2.38055
-2.77672
-2.75482
-2.49299
-1.70122
-1.54568
-2.04695
-1.07389
-1.7646
1.75874
2.35116
2.62461
2.47613
1.79276
1.81368
2.31131
2.69853
2.6551
-2.87834
-3.04857
3.09981
3.09053
-2.28398
-2.67554
-2.44771
-2.52986
-2.18612
-2.61546
-2.93738
-3.06531
-3.09177
-3.09086
-2.8795
-2.26876
-1.07648
1.46711
1.51162
2.02383
1.19642
1.26651
3.11158
-2.51195
3.03225
2.72931
2.9668
-3.04785
-2.12487
-1.30098
-1.25273
-1.02579
-0.616306
-1.57885
-2.11269
-1.52749
-1.34027
-1.32729
-1.6412
-2.13015
-1.75974
-1.91538
2.77108
2.9104
-2.83432
2.18718
1.8939
1.59177
0.202314
0.236676
0.376392
-0.094217
-0.6676
-0.797025
-1.37019
-0.478918
-1.09428
-2.13707
-2.2899
-2.60234
3.12754
-2.28314
-2.29544
-1.46333
-1.17913
2.28096
1.96056
-0.0855143
0.576729
-2.22982
-2.31545
-0.37385
-1.53869
-2.3979
-2.47107
-2.69948
-2.10809
-1.60494
-2.22916
-1.91677
-2.06429
-1.73752
-1.73772
-1.80916
-1.9843
-0.855447
2.1118
-1.94457
-1.89097
-3.00138
-2.32476
-2.61726
-2.96661
-2.84994
2.81254
2.41885
0.541371
0.647387
0.631979
0.564508
0.17587
-0.256442
-0.482671
0.881097
0.0556569
0.0823157
-0.132452
0.319665
0.170131
0.0949929
0.251998
0.258254
0.513716
0.596388
0.360775
0.105266
0.0633445
2.04134
-1.03406
1.54975
-1.76978
1.16268
-1.06286
1.55796
-2.78874
-1.90795
-1.63522
-1.78587
-1.61657
-1.63909
-1.37784
-1.32005
-1.53163
-1.26208
-1.25398
-1.73762
-1.28532
-0.0751061
0.813749
0.509076
0.292311
3.00652
2.56267
2.66171
0.90588
-0.700928
1.12518
2.07389
1.95785
-2.34124
-2.66829
-2.31775
-2.61945
-2.18046
-1.88663
-1.81556
-1.52058
-2.33377
-2.35532
-2.3229
-2.1654
-2.02933
-1.86797
-1.57328
-1.98502
-1.80824
-2.25579
-2.7249
3.10154
2.95204
3.09455
2.3683
1.33276
1.30951
1.48709
1.93764
2.58844
2.54329
2.55584
2.52166
2.33385
1.54412
1.53888
1.15852
1.10564
0.944953
0.0970062
-0.233301
0.0457183
-1.2078
-1.40258
-1.67131
-1.13721
-0.919462
-0.905675
-0.74239
-0.296491
-0.199227
-0.980433
-0.980496
-0.483462
-1.59435
-2.10907
-3.06876
2.83007
3.08759
2.36878
2.48588
-2.81379
-2.70813
-2.32256
2.83156
2.63682
3.13582
-2.94684
-2.51428
-2.07554
-2.09169
-1.78471
-1.12904
-0.844282
-1.17804
-0.867617
-0.815017
-1.17507
-1.48486
-2.05927
-1.62151
-2.42269
-2.8523
-2.15974
2.63868
-2.8781
-2.56714
-2.22297
-2.15349
-2.05998
-1.74681
-1.85586
2.92019
-2.70616
-0.591756
1.67676
-2.88004
2.89542
2.17291
-1.92221
-2.65014
3.05232
-0.927005
0.046747
0.184823
1.17996
1.56376
0.907186
0.664551
0.583805
1.57267
1.05663
0.945112
0.926312
0.14283
2.04823
2.2645
0.566634
0.891399
-0.114788
-0.439632
3.0961
-2.9198
2.80058
2.81965
2.65898
2.9567
2.2607
2.40916
2.62762
3.11841
-1.87067
-1.37829
-1.66391
-1.44052
-1.67607
-2.40799
3.05378
2.71636
-1.53316
-1.82213
-1.80139
-1.92828
-1.7501
-1.65339
-1.66878
-1.40328
-1.29184
2.47834
2.1127
2.3658
2.10339
2.81476
2.27708
2.47713
2.50416
3.1075
-2.95593
1.75375
0.911013
0.781878
1.47637
1.99559
2.46
2.69921
2.25867
2.99999
3.09483
-2.00798
2.73622
-1.84595
-2.15814
-1.75635
1.95479
1.64542
1.21175
1.18923
3.01023
-2.74191
-2.53545
1.96207
0.964048
-0.0805687
-0.407601
0.498223
-0.622057
-0.508338
-0.218045
1.10246
0.689021
0.357594
0.561053
1.0315
0.0392607
-0.536638
-0.53245
-0.820425
-1.40369
-1.48853
-1.74954
-1.71394
-1.50323
-2.52647
1.59337
1.40825
0.692243
0.096775
-0.1256
0.0750533
0.30688
0.778329
0.892644
1.59002
1.32425
1.60342
2.5218
2.22032
2.32286
1.58148
0.978043
0.797294
1.47725
0.0273169
-2.16016
2.55665
2.53052
2.17415
2.04507
2.51817
2.2814
2.78385
2.69904
-2.42523
-2.14184
-1.85461
-1.91494
-2.39214
-1.54727
-1.63858
-1.93263
-1.61962
-1.72969
-1.87356
-2.29948
-2.71843
2.10198
2.21655
3.08202
-3.01584
-2.7181
1.17688
-0.75922
1.87883
1.88505
-0.845859
-0.107548
-1.36482
-2.07354
-2.34654
-2.3887
-2.05294
-1.18199
-0.562932
-0.568837
-0.146908
1.18376
1.21502
0.827083
0.321259
-0.47369
-1.64808
-2.22369
2.95339
-1.60189
2.78634
2.21094
-0.933307
-0.337804
-0.989222
-1.08013
-0.89738
-1.04509
-1.55308
-1.85644
-2.19269
-1.00113
-0.941443
2.89908
1.75586
2.01709
2.39821
2.82831
2.8068
2.62984
2.85915
3.08728
2.68231
2.88082
-2.46909
1.71701
1.73476
1.79541
0.351651
-0.331734
-0.60554
-0.951569
-1.57302
-2.534
-1.59155
-1.09687
-0.787126
-1.14821
0.00703889
2.12409
2.14031
1.01135
0.342547
1.20861
1.81144
2.34823
2.79199
-3.00732
-3.12538
-2.97369
-2.42163
-1.66618
-1.09527
-0.971738
-1.23889
-2.11625
-1.49921
-0.84791
-0.856678
-0.909533
-0.636936
-0.999421
-1.08839
-0.795463
-0.741204
-0.960703
-0.826324
-0.757627
-0.811009
-1.85057
-1.79749
-1.69148
-2.03991
-2.61258
-2.84788
-2.45525
2.02029
1.97829
2.07485
-2.96262
2.81918
1.60108
1.91626
2.50877
2.61416
2.28535
2.04654
-2.93925
-2.88045
-2.4308
-2.00693
-1.89216
3.01003
1.80958
2.78301
-2.18581
-2.22889
-2.57711
-2.82704
-3.06789
-1.90942
-1.38908
-1.13853
-1.25815
-1.93689
-2.05848
0.709651
0.576253
-1.0286
-0.30442
-0.059338
-0.815813
1.44894
1.54919
1.24802
-0.137904
-0.637284
-1.24112
1.52114
-2.71616
-1.93247
-1.36584
-0.371849
0.0343545
1.06144
0.703224
0.530008
2.35093
2.20631
2.19816
1.32963
1.27885
2.32599
-2.98804
-1.76082
-1.1751
-1.6479
-2.31241
-2.44826
-2.16386
-2.50484
-1.82048
-0.35837
1.29954
2.64522
-2.84067
-2.67793
-2.50456
-2.86402
2.9109
2.20152
-1.76926
3.01273
1.78719
0.933902
1.9679
2.81752
1.78038
1.97147
2.18234
2.78013
-2.55358
0.942012
1.12397
1.12298
1.18275
1.34139
1.64708
1.16576
0.834391
0.909529
0.870178
0.794759
0.584307
1.08616
0.939702
0.626674
-0.350675
-0.344017
-0.626537
0.394488
0.196022
0.304483
0.565657
1.08956
-0.623789
-2.21193
-0.538671
2.12257
0.772979
1.41477
1.11499
0.991778
0.897861
1.09259
2.01567
2.24748
2.62314
2.33412
2.16578
2.13324
1.71998
1.33258
0.121543
1.37348
1.35583
-2.7431
-1.16713
2.34728
2.39948
-2.30672
1.83433
1.55072
1.00195
-1.44906
-3.05555
-1.28192
-1.66747
-1.44981
-3.05271
-2.64783
-2.99953
-1.13205
-0.967022
-0.479869
-1.2767
-1.1553
-1.75803
-1.96786
-1.90117
-1.51815
-1.79021
-0.647996
-0.569589
-0.748691
-0.831885
-2.44677
-3.09033
2.34439
1.69101
1.93918
2.35685
2.39229
2.29007
1.13647
-2.51812
-2.26829
2.44648
2.572
2.18116
0.905187
0.495998
-1.95088
-2.27556
-1.72362
1.40822
1.96626
3.07206
2.80644
1.77232
0.867093
0.893752
1.33582
0.496237
-1.64236
-1.88838
-2.43394
-2.53361
-2.43793
-2.90357
-2.05635
-0.996739
-1.13658
-0.64225
-0.84161
-1.99479
-0.822898
-2.3362
-2.01895
-2.06725
-2.03173
2.67112
-2.98025
2.67454
2.70375
1.41737
2.33545
1.48617
-2.79909
2.41745
1.53175
1.29215
1.64686
1.49293
1.74157
1.65463
2.27364
-1.68166
-1.30089
2.63825
1.77197
0.322427
0.439328
0.114488
1.68317
2.25666
2.20069
1.86346
2.4172
2.4231
2.40897
2.99517
2.77579
-1.23996
-2.94987
2.47298
-2.1434
-1.85808
-2.68715
0.432056
1.07159
-1.81675
2.38606
-1.99023
-1.54289
-0.523209
-0.357097
-2.41175
2.40109
-2.86216
-2.40294
-0.608331
-2.60551
1.40027
1.91344
1.85619
1.88246
0.897997
1.66671
1.84914
1.17256
0.962355
1.25275
2.18936
1.92151
1.77574
2.3557
2.94213
-3.01255
-0.846424
-1.52955
-1.50906
-1.58885
-1.357
-0.505979
-0.266511
-0.0520404
-0.0929677
-2.58045
2.02211
1.9824
2.04956
2.13452
-2.17455
-2.6328
-2.92312
2.44252
2.4249
1.73706
1.30643
1.3352
0.824268
0.632929
0.68552
0.404616
0.261269
0.0564828
-0.572957
-0.411479
-0.15785
-0.104201
-0.430537
0.0927744
1.1616
-0.0573301
0.10534
0.538086
1.7608
1.87638
1.53292
0.863544
1.06444
1.14469
1.09501
1.57501
2.03528
2.25473
1.49834
1.60214
1.45579
1.93212
1.35008
1.74729
2.04029
1.58267
1.16088
1.04232
3.08181
2.52216
1.74454
1.20678
1.90769
2.34237
-2.56712
3.03685
-2.90685
-2.90874
2.82056
2.8046
2.78929
-2.7029
-2.65248
-1.63112
-1.1644
-1.18579
-2.59474
-1.19151
-0.0216347
-1.11454
-1.75903
-2.36882
-2.20035
-1.36715
-1.68784
-1.32465
1.39947
0.908255
-2.59996
2.54574
2.57663
2.80699
-2.41435
-1.83307
-1.8663
-0.438173
0.450821
-0.283394
2.05734
2.41415
1.35112
2.82287
-2.63356
-1.9421
-1.1419
-2.25476
1.06301
1.14351
1.66866
2.28603
1.70722
1.03976
2.62788
-0.115637
2.29386
-0.770371
1.48545
1.19247
1.48182
0.54644
-0.151937
0.252409
0.574379
0.31244
0.338174
0.4056
0.583774
1.00349
1.37924
1.78626
1.49549
2.27619
2.74872
2.32257
2.99768
3.02532
3.10491
3.11807
-2.78678
-2.11755
-1.88211
-0.829155
0.142762
0.245372
0.410595
0.0789002
0.157747
0.793783
0.0285418
0.595478
-1.11796
-2.10289
-2.00889
-2.18527
-1.99152
-2.0606
-2.57737
-2.66936
-0.524248
2.7332
2.58396
-3.12371
3.02577
3.13248
-3.09006
-3.06856
2.87421
-2.46247
-2.81972
-2.56772
-2.70048
-2.47929
-2.49713
-2.67856
-2.80931
-2.59042
-2.78504
2.89941
2.40653
2.48851
-2.70083
-2.66614
0.989162
1.83849
0.386611
-1.36007
-1.8427
-1.69374
-0.742393
-0.190159
0.278339
-0.246443
0.2082
0.461232
0.653435
-0.170466
-0.27395
-0.154543
-0.695339
-1.06887
-1.44377
-1.58428
-1.50731
-2.29331
-0.989849
1.31922
0.383787
0.301715
0.676649
2.42547
2.01127
2.33793
1.74946
1.00173
1.36458
2.26376
2.52184
2.15828
-3.09242
-1.91009
-1.27785
-2.07612
-1.70993
-2.3724
0.138
0.27728
-2.98273
1.28214
1.33124
1.3604
0.970546
0.701855
-0.645819
-2.58293
-3.03326
-2.96212
-2.88623
-2.70653
-3.11919
-2.65185
-2.78197
-2.95714
-3.13146
-2.48317
2.89787
2.36318
1.66511
1.61563
2.74747
2.69748
-1.06661
-1.87548
-1.45097
1.37311
0.314474
0.291875
-1.70894
-0.391249
-0.442041
0.190396
0.204929
2.22025
1.83544
-1.70875
-1.41432
-2.35752
-2.27771
-2.51992
-2.92522
3.12616
3.12699
-2.7251
-2.33796
-2.97899
3.0841
2.24723
-0.752163
-0.156868
0.00256192
0.317363
-0.0283814
2.21061
-1.37818
-2.23969
-1.97333
-1.90926
-1.96481
-1.97985
-1.75369
-1.67408
-1.65591
-1.45674
0.192317
-0.676326
-0.664037
-0.518645
-0.851316
-1.04784
-1.41274
-1.37959
-0.83997
-1.46206
-1.3286
-1.42052
-1.42351
-0.957313
-0.683612
-0.230728
-0.145807
1.04889
1.42295
1.51488
1.12191
1.16211
0.713357
0.880866
-0.0155522
-0.0406364
-0.246481
-0.464985
-0.375995
-0.274266
-0.589825
-0.617527
0.325341
0.174389
-0.405646
0.285576
1.56046
1.5752
1.47367
1.85217
1.1146
0.034872
-0.0316336
-1.85339
-0.913641
-1.27584
-1.12771
-0.589082
-0.571306
-1.18952
-0.994135
-0.710048
1.49054
1.81986
2.66139
2.20561
2.43079
1.4604
1.24536
0.290016
-0.936756
-0.613007
1.70444
-1.80345
-0.896124
-1.31414
-0.688537
-0.383975
-0.350892
2.10167
-0.864716
3.00312
1.28334
0.359406
0.451625
1.09756
0.906199
0.944129
0.877589
0.584118
0.572256
1.1427
0.635175
0.0326244
-0.570573
-0.383369
-0.140102
-0.572669
-0.935079
-1.10679
-1.5943
-0.894804
-0.520349
-0.635022
-0.596634
-1.06149
2.27544
2.99135
2.23019
0.671597
-0.515246
-1.73643
-0.973787
-0.811302
0.772611
1.64603
0.356894
-0.33557
-0.552068
-1.70612
-2.44278
-0.571364
-1.00434
-1.22787
-0.391284
-0.480185
-0.456578
-0.285339
0.537319
-0.328213
-0.202207
-0.169378
-1.02489
-0.98763
-0.774964
1.47697
1.7988
1.1726
2.66131
-2.09264
-2.94105
-0.958244
0.337684
1.27888
-2.48788
-2.92117
2.70438
2.67129
-3.00603
-2.57339
-3.13817
0.874712
0.313825
1.42621
0.498062
0.811804
1.08104
0.915295
0.533368
2.12535
0.801756
-0.460027
1.92673
-2.7657
2.77936
-3.13571
2.93387
-1.99212
-1.68163
-2.4548
-2.26967
-1.56551
-1.55712
0.985805
0.45281
-0.12536
0.453261
1.12102
0.72248
-0.561543
-0.741386
-1.18798
3.00917
1.75376
1.13589
1.51679
1.24981
1.17653
1.17689
0.679712
0.0742517
0.342613
0.434185
0.424746
0.0520944
0.106823
0.242644
0.124637
0.6552
1.2567
1.64762
2.01922
2.36476
1.6787
-0.0493083
1.71574
1.10848
1.79911
1.95607
1.96639
1.68066
2.16476
0.271636
-2.00847
-1.91419
3.07303
-3.05866
-2.38158
-2.15638
-1.89234
-1.23552
-1.29282
-1.51465
-2.27936
-2.0189
-2.58305
2.91844
2.5729
0.713205
-0.267866
-0.806526
-0.0946195
-1.08682
-0.9533
-1.65913
-0.604656
-1.6155
-1.63507
-2.63069
-2.71332
-1.99438
-1.81386
-2.49458
-1.57272
-1.33364
-0.515057
0.0763277
-0.273737
-0.526363
-0.862675
-0.595146
0.207058
0.946668
0.988721
1.05309
0.887601
0.947809
1.22013
2.55138
-0.40754
0.900965
1.04514
1.01525
1.0757
1.69013
2.22792
2.6747
-0.285496
-3.1211
-0.840357
-0.0602173
1.79702
2.5558
-2.11057
-2.46198
-2.1518
-1.15681
2.0587
-1.46613
-1.38598
-0.777757
1.84142
-2.44007
3.07945
-2.76595
-2.10322
-2.07721
-0.821187
-1.48474
-1.15163
-1.86793
-1.94169
-0.846856
-1.1632
-1.73104
-1.15587
-1.37848
-1.07114
-2.38154
2.14179
3.07492
-2.35247
1.27069
-3.12392
-2.67232
-0.736897
-2.25236
0.106399
1.08361
1.13297
1.53672
2.82174
2.9125
-0.377117
-1.62383
-2.09902
-2.08579
-0.718459
0.108215
0.316114
0.375707
0.572884
0.245806
-0.0671009
-0.754864
-0.943735
-0.109431
-0.2404
-0.303226
-1.55333
1.67913
0.433103
-1.29593
1.51377
1.66277
0.284782
2.17714
-2.9359
-1.31717
-0.143287
-0.232614
0.207803
1.08575
0.201901
-0.889551
-0.982951
-1.61048
-0.534988
-0.690188
-0.616783
-0.648235
-1.70981
-0.99406
-0.99507
-0.47172
-0.0467625
1.63844
-1.73105
2.5368
2.82131
2.29665
-0.65737
-1.15629
2.43146
3.1039
2.79631
2.13142
2.09103
2.08797
2.64236
2.44119
1.8926
1.85944
2.01226
2.09878
2.57101
2.16111
2.04788
2.07279
2.66623
2.35352
2.60732
2.02005
2.35824
2.50884
2.33379
2.20294
-2.81725
2.59498
1.45461
-2.40312
-1.27455
-2.67885
-2.19425
-2.68984
-2.21148
2.80697
1.85717
1.22044
0.649888
1.03371
0.810966
0.289109
-0.229486
-0.732116
-1.71108
0.647028
1.01494
0.654264
-0.735905
0.472621
0.197667
0.503638
-2.73131
-1.56784
-0.140825
0.101335
0.487185
0.696498
1.06294
0.954587
2.05531
1.77702
1.24063
-1.88347
0.236434
-0.408537
0.130034
0.380432
0.751877
1.26917
1.9555
1.63368
2.45975
2.79741
1.53175
-2.91816
-2.61952
2.25387
3.01565
2.82288
-1.40726
-1.24168
2.24173
1.97309
2.15027
1.97562
1.94804
2.98916
3.12436
3.13956
2.8203
-3.0234
-2.99983
-2.61117
-2.84348
-2.97778
-2.98044
-2.83406
-2.37879
-2.26258
-2.66355
-1.56894
0.934776
2.02195
-1.1845
-2.78511
2.41418
1.81067
1.97506
0.0478887
-0.109255
0.29141
0.386408
0.502021
0.213303
0.735252
1.38643
1.76493
-1.19677
-2.83401
-2.40637
3.11674
-2.26381
-2.06676
0.0655708
-1.31913
-1.34854
-1.59724
-0.95195
-1.11341
-0.639261
-1.14515
-0.884393
-0.583794
-0.155815
0.440696
0.106967
-0.00938112
-1.54378
-0.498149
-0.761808
-1.66926
-2.67429
2.54755
-2.98478
-2.83162
-2.48871
-2.97888
-2.91936
-2.98497
3.07494
-2.79038
-2.95397
-3.09432
-2.80415
-3.01129
-2.71932
-2.57134
3.01502
2.40415
2.38622
2.46816
2.14925
2.10548
2.00097
1.77553
1.97822
2.59934
2.4992
-0.788739
0.0419623
-0.276674
-0.751417
-0.930097
-1.63877
-1.79425
-1.45386
-1.38494
-1.20641
-2.00188
-2.33944
-2.03273
-1.19757
-1.0345
-0.972019
-0.789183
-0.520185
-0.365613
-0.437438
-2.79028
2.52365
2.24365
2.51048
2.77186
2.28092
2.002
1.68407
1.80598
-1.90173
-0.489315
-0.867812
-0.660979
0.0212143
0.532298
-2.39468
1.47251
1.72135
2.07755
1.77877
2.36844
2.33894
1.81743
2.27887
-1.1108
-2.4315
2.16481
2.95333
2.12797
1.75682
1.08468
2.29331
2.28426
1.87147
1.63738
1.70355
3.11647
-1.98283
-2.25918
-2.37914
-0.909223
-1.1096
-1.48794
-1.44962
-1.2382
-1.36337
-1.08757
-0.443762
-0.658566
-1.004
-1.2409
-1.33231
-1.51303
-0.993492
-0.89103
-0.288429
0.234817
-0.0655546
-0.00971995
-0.708304
-0.457121
-0.126667
-0.154932
-0.673799
-0.485827
0.0655673
0.230281
1.19215
0.101331
2.42355
-0.310618
-0.64707
-0.42312
-0.513351
-0.391575
1.40185
1.77591
-0.33806
2.54017
2.76199
2.96338
-2.81579
-1.9643
-2.69853
-2.83102
-2.27746
2.07435
-2.69751
2.69418
-0.444438
2.92123
-1.44988
-1.42605
-1.50867
-0.62264
-0.587879
-1.03012
-0.522678
0.203828
-0.00416296
-0.323282
-0.298709
-0.0492235
-0.878535
-0.796287
-0.185582
-0.968893
2.39518
0.899357
-2.39358
-2.65557
-2.72407
0.97792
0.9197
0.203522
0.659926
-0.059001
-0.734069
-1.47387
-1.45585
-1.49727
-1.86394
-2.32125
-2.79151
-2.32194
-2.89515
-2.54298
-1.39419
-1.26818
-0.678697
0.0394171
-0.563594
-0.0606407
1.54221
-1.24778
-2.27384
2.59252
0.994264
2.21428
2.29533
2.44046
2.46822
2.9601
-2.05612
-1.9019
-1.70017
-2.19457
-1.79263
-0.527686
-0.6464
-1.08092
-1.49379
-1.09438
-2.99821
2.71406
1.85735
1.4746
1.80899
1.30399
1.59012
1.58011
2.4316
2.61625
0.33349
0.902169
1.04261
2.22932
2.33701
2.01835
2.45947
2.05819
2.2492
2.90379
-2.62859
1.80629
-2.66778
3.09613
-3.04307
-2.9037
-2.77339
-1.46526
-1.16702
0.584633
1.29599
0.348538
1.89462
1.36159
1.48732
2.12145
2.10441
3.01735
-2.79876
-2.53422
-2.13996
-3.06938
-2.2207
-2.54544
-2.51153
-2.41404
-1.70088
-1.18497
-1.39898
-1.12127
-0.541373
-0.953914
0.867677
0.269506
0.279709
-0.579959
0.246985
1.95605
1.79384
2.51319
-2.47734
-2.62044
-2.84323
2.74469
2.66941
1.9741
0.756313
0.620005
0.518024
0.257854
-0.00860952
0.274727
-0.908735
-0.0825707
1.2476
-2.81582
-2.83385
-2.87903
-2.51849
2.67912
-2.26143
-2.42053
-2.16256
-1.13575
-1.07026
-1.20985
-0.837706
-1.00263
-1.33789
-1.86443
3.04751
2.82055
1.99976
1.6019
0.126464
0.250902
0.532205
0.621406
0.708538
0.739363
0.789507
1.55448
1.68101
0.958081
0.69784
0.734605
3.01383
3.10769
-2.98979
-2.62101
-2.21133
-1.78186
-2.96631
-2.82515
-2.92994
3.10733
-3.14008
-2.9086
3.13144
2.47185
2.57436
-2.86412
2.90994
2.56444
2.04536
1.9881
1.58991
1.34053
1.54522
1.46712
0.795405
-0.307349
-0.144211
0.536045
-0.561613
-0.649774
-0.773825
-1.35298
-1.4856
-2.14909
2.0803
-2.19947
2.95629
2.0177
2.54657
-2.48068
-2.66655
-2.43877
-2.6113
3.03318
2.96092
2.80011
2.59233
2.37364
2.71584
2.22934
1.84251
-0.418286
1.44411
-2.66444
1.42566
-1.97143
-1.25496
-2.14868
-1.63112
2.66672
1.07338
1.87778
1.32385
1.13672
0.553676
0.201883
0.0734938
0.421657
0.691131
0.647071
0.634807
0.390639
0.315479
0.39261
1.39416
1.09604
1.22708
0.873787
1.55257
1.88047
0.341825
-0.00120227
0.234661
0.726877
0.840875
1.71016
-0.889553
-1.08724
-0.424492
-2.27731
-1.66025
-2.58059
-2.70653
0.966575
-2.6278
2.59416
-2.77851
-1.88469
-1.55253
-1.93702
-1.64319
-1.24871
-1.13913
-1.47054
-2.15633
3.07639
-1.734
-1.53417
-1.35194
-1.50816
-1.76628
-1.54551
-1.37834
-0.843994
-0.932819
-0.500536
-0.994383
-1.11382
-1.90087
-1.68029
-2.06539
-2.83867
3.04328
2.8357
-3.02417
-2.65961
0.967545
-2.99863
2.5355
2.24352
2.64405
2.8228
2.74032
2.4326
2.16707
3.13174
-2.71834
-2.94154
2.47651
2.22803
1.78333
1.72003
2.60872
2.66741
1.87873
1.57271
1.29689
0.0842397
0.53367
1.17293
0.995518
0.718131
2.00388
2.56048
2.93698
2.61948
2.85857
3.09347
3.11966
2.83093
2.92919
-2.93174
-2.37195
2.73114
2.72042
2.15129
0.935545
1.75835
-1.46346
-0.922286
-0.187272
1.81417
-1.90779
-2.59339
-2.63549
-3.01313
-2.7969
-2.91593
-2.28017
-1.41935
-0.938644
-0.644327
-0.744174
0.521974
1.28791
0.684157
1.89051
2.35507
-1.69287
-1.58527
-0.715374
-0.788143
1.56591
-0.519633
0.245943
0.149163
2.5925
1.86903
1.57396
1.94508
2.04651
2.10479
2.29456
-2.31208
-2.61106
-2.04114
-1.20784
-1.23402
-1.58954
-1.91818
-2.04128
-1.48828
-1.58984
-1.48379
0.155253
0.0165723
0.367766
0.930778
1.12249
1.38576
0.0138999
2.54338
1.07773
1.64368
1.14799
1.01849
0.458638
-0.307552
0.381836
1.07975
-0.144662
2.01944
-1.93475
-2.24616
-0.492914
-0.173401
-0.880342
-0.774914
0.00686781
-1.23392
-2.55091
-2.55192
-2.69572
-1.93345
-1.25455
-0.743361
-0.290472
-0.489744
-0.516077
-0.14822
-1.10487
-1.07658
-0.834395
-0.82836
-0.25657
1.57452
1.29121
1.14398
1.03234
0.495723
1.21815
0.843547
-0.0795608
1.9915
2.23416
1.26087
-0.108505
0.107611
-1.24446
2.17655
2.73725
2.69797
2.82438
2.34734
-3.06232
-1.92299
-2.24964
-1.98454
-2.66491
-2.18409
-1.6778
-2.84473
-3.03644
2.51745
2.21563
-0.73393
-0.403181
-0.541356
-0.618023
0.217361
-0.0627747
-0.498548
-1.03636
-1.12164
-1.3677
-1.70054
-1.19298
-1.04432
-1.24209
-1.44467
-1.21775
-1.29374
-1.56952
-1.35153
-2.16948
2.59212
-3.0009
1.55368
2.93992
-3.01221
-1.8289
-1.94509
-1.29122
-1.5058
-1.42117
-1.34634
-1.51509
-2.28892
-2.80202
1.48799
1.76984
2.73306
2.00818
0.968397
-0.568848
1.65767
1.92616
2.53722
2.34207
2.67486
-2.15755
-2.25539
-1.8946
-0.860765
-2.7297
-2.28672
-1.74193
-1.59921
-1.7841
-2.69345
3.01434
-2.8002
-2.8654
-3.11764
-3.13007
2.90318
2.57551
2.10636
2.15897
1.84309
2.38202
2.4841
2.56138
2.6423
2.59482
2.30198
0.670579
-1.85312
3.03194
-0.97255
-1.18536
-0.762706
0.286909
-0.440612
0.674646
1.17141
0.60241
1.44843
1.35842
0.496319
1.85296
-1.59464
3.06944
0.258729
2.38529
1.79993
1.29998
1.38869
1.30832
0.800641
0.581432
1.01234
-0.364834
-0.640696
-1.49153
-0.834226
-1.28287
-0.79027
-0.728299
-0.675323
0.152253
-0.574886
-0.947015
-0.935866
-1.40363
-1.23432
0.568625
1.56766
2.61175
2.27667
2.64016
-2.96995
-2.16854
-2.70834
-2.48469
2.7039
-1.48787
2.47066
1.6763
2.9093
3.08222
0.650761
1.40919
0.889798
0.724462
1.41026
1.47045
0.891894
0.666546
0.49887
0.440476
0.555048
1.06888
1.55159
1.59792
1.29133
1.47517
1.56407
2.30841
-2.90293
-2.76898
-2.6084
-2.80496
-2.3867
-1.36746
-2.40721
-2.34894
-2.02704
-1.23367
-1.5993
-1.91201
-1.20497
-1.41702
-1.77989
-1.9486
-3.06126
-1.9726
-1.99719
-1.01334
-1.10178
-0.771608
-1.3249
0.0206362
0.115378
0.952263
-0.024478
-0.930016
-0.428849
-1.28223
2.49852
-1.24498
-1.0295
-0.169106
-1.09278
-0.0106789
-0.703785
0.918674
2.88961
-0.872239
0.261465
-0.0131823
-0.806052
-1.52894
0.796758
0.366664
-0.318773
-0.625933
-2.62736
-2.35149
-1.97653
-2.21262
-1.95081
-1.77295
-1.49979
-1.24333
-1.12202
-0.528347
-0.192981
-0.330479
0.881212
1.85954
1.80779
1.28875
0.749067
-0.970012
-0.950612
-0.170949
-0.43358
1.89037
1.11749
1.75613
0.534375
-2.55733
-1.94127
-2.37999
-2.59587
-2.79236
2.92306
-3.05775
2.71145
2.95426
3.00611
2.66147
-2.34834
-1.77092
-1.64307
-1.44394
-2.05752
-1.82823
-0.685569
-1.23043
-1.46298
-1.36113
0.334339
-2.44582
2.08899
2.51987
2.36284
2.47688
-1.56767
1.08645
1.86795
-2.48755
-3.10215
2.59318
-1.9435
-0.331957
0.19122
0.018888
0.72299
0.710191
-0.00895393
0.180546
-0.650882
-0.164542
-0.71434
-0.464882
-1.22212
-1.89103
-1.93363
-1.94032
3.05618
2.30161
1.99028
2.83609
2.81143
2.17738
0.453019
-2.6084
0.466889
2.93055
-2.93658
2.06138
-0.0092357
-0.568978
-0.017473
-0.175484
-0.645895
-0.129812
-0.431875
-0.371906
-0.547817
-0.837039
-1.07075
-1.27602
-1.04086
-1.55818
-1.9581
-2.10462
-2.23132
-2.45736
-2.3021
-0.814719
-2.58949
-2.66203
-3.10322
2.77495
2.77727
2.6805
2.21204
-2.69602
2.73156
2.58391
-2.6648
1.31304
1.81523
1.75339
1.5554
1.60266
1.66779
1.36799
1.09199
2.07176
1.26516
1.39557
1.62502
2.68941
2.81698
-3.08681
3.01925
-2.56905
2.90789
2.11687
2.07988
0.93566
0.921783
0.613925
0.703776
0.62259
0.113429
0.282247
0.301437
0.520117
0.619825
-0.188032
-0.5424
0.16519
-0.0137271
0.190372
1.57835
1.03545
1.58255
1.58235
1.0625
1.61904
1.71114
0.707476
2.29465
-3.11892
-1.93586
-2.53723
-2.52811
1.22025
2.94525
3.03406
-2.60454
-2.44056
-1.7369
-1.58862
-1.01567
-1.55557
-0.403215
0.502049
1.87987
2.27067
2.09538
2.35014
2.75488
-3.11716
2.09639
0.731167
1.81124
2.18285
1.64746
0.961203
0.948103
0.856773
-3.00053
1.86597
1.08161
1.09407
0.765098
0.825854
1.03696
-1.69834
-0.787675
-0.260029
0.0439813
0.437592
-0.0738936
0.436509
0.640861
0.727215
1.00349
1.23104
1.25633
-0.436548
-0.779212
-0.628341
-0.278723
-0.445281
-0.651877
-1.5269
-1.75608
-1.59659
-1.78519
-0.94817
-0.947027
-2.04907
-0.727284
-0.823327
-0.176843
-0.332766
0.326708
0.584351
-0.149313
0.0698107
0.387748
0.820457
0.384768
-1.94093
-3.13917
-2.49182
-2.7337
-2.32042
-1.75962
-2.16906
-2.13629
-1.94672
-2.23772
-1.95469
-1.90266
-2.02273
-2.3137
-1.99736
-1.91284
2.73987
-1.51018
-1.42833
-1.07864
-1.2549
-1.29759
-3.06339
-2.30544
2.50969
1.75791
2.21721
2.30153
2.28762
2.59461
2.22494
2.55806
2.47865
2.64574
3.07268
2.93375
3.10045
-2.90779
-2.97188
2.32643
1.73953
0.802085
0.62966
0.198398
1.22255
2.52589
-0.370901
-0.0361088
-2.11975
-1.16107
0.968965
0.697936
0.980535
1.18884
1.19821
1.40552
2.47535
1.69148
1.90793
1.94424
1.48117
-2.83695
2.47892
3.06537
-0.472953
0.485446
0.324851
0.333455
-0.454604
0.357734
0.761424
2.85504
0.642456
1.19102
1.10553
0.988992
2.54263
1.88469
1.71814
3.08648
-2.85482
-2.23312
-2.03374
-1.97324
-1.97519
-1.86884
-1.77098
-2.23322
1.74922
1.83441
1.17523
1.03813
1.94948
3.1051
-1.98786
-1.85755
-2.50034
-1.79858
-2.24715
-2.77888
-2.99798
-3.10926
-2.28908
-2.24832
-1.83042
-1.97668
-1.77878
-1.98239
-2.50204
-2.36632
-2.44821
-2.01644
-2.78995
-2.76874
-2.83444
2.63117
0.0745758
0.553895
0.721838
1.8589
1.29686
0.997048
1.017
0.649708
0.70939
0.0592564
1.00991
1.10189
-0.0598071
-0.308061
-0.874544
2.95433
1.82983
1.50765
1.09403
1.16744
0.997254
1.8437
2.18658
1.96843
2.08185
1.6756
1.84292
-3.00375
-1.28961
-1.10305
-1.82599
-1.28252
-1.05805
-0.765621
-0.749492
0.21212
-0.437066
-0.93472
2.50716
-0.0487019
-0.510386
2.41666
0.764113
-2.66326
0.718736
1.63076
2.24149
1.81777
3.05914
2.43879
2.56112
2.35895
2.05348
2.07989
2.2361
1.91221
2.30518
2.77126
2.47375
2.32139
2.62539
2.78144
2.10446
2.03561
1.47812
0.970262
1.34176
1.67544
0.0111375
0.0657923
0.432495
0.0494694
0.059194
1.2581
1.0873
1.32114
1.42554
-2.16833
-2.44649
-2.23171
-1.50178
0.296851
2.12376
2.98456
-2.61183
-2.86924
-2.38996
-1.91857
-2.1429
-1.31904
-1.85592
-1.81946
-1.93017
-1.87147
-2.61134
-2.91037
-2.94486
2.61055
2.70664
-2.0131
-1.87009
-1.73949
-1.90425
-1.74207
-2.13634
-2.18584
-2.39663
-2.22468
-1.74461
-1.96798
-1.17923
0.0624754
0.117164
-0.0463878
-0.214792
0.415421
0.186336
0.343385
1.30153
1.27429
0.84514
0.909413
1.65761
0.218112
1.02269
0.63868
0.304707
