0	0
0.1	0.0353545
0.2	0.0680454
0.3	0.0986054
0.4	0.127461
0.5	0.154952
0.6	0.181353
0.7	0.20688
0.8	0.23171
0.9	0.255981
1	0.279805
1.1	0.303271
1.2	0.326452
1.3	0.349404
1.4	0.372172
1.5	0.394794
1.6	0.417299
1.7	0.439711
1.8	0.462047
1.9	0.484324
2	0.506552
2.1	0.528742
2.2	0.550901
2.3	0.573036
2.4	0.595151
2.5	0.617251
2.6	0.639338
2.7	0.661414
2.8	0.683483
2.9	0.705545
3	0.727602
3.1	0.749655
3.2	0.771705
3.3	0.793752
3.4	0.815797
3.5	0.83784
3.6	0.859882
3.7	0.881923
3.8	0.903963
3.9	0.926002
4	0.948041
4.1	0.970079
4.2	0.992117
4.3	1.01415
4.4	1.03619
4.5	1.05823
4.6	1.08027
4.7	1.1023
4.8	1.12434
4.9	1.14638
5	1.16842
5.1	1.19045
5.2	1.21249
5.3	1.23453
5.4	1.25657
5.5	1.27861
5.6	1.30064
5.7	1.32268
5.8	1.34472
5.9	1.36676
6	1.3888
6.1	1.41084
6.2	1.43288
6.3	1.45492
6.4	1.47695
6.5	1.49899
6.6	1.52103
6.7	1.54307
6.8	1.56511
6.9	1.58715
7	1.60919
7.1	1.63123
7.2	1.65327
7.3	1.67531
7.4	1.69735
7.5	1.71939
7.6	1.74143
7.7	1.76347
7.8	1.78551
7.9	1.80755
8	1.82959
8.1	1.85163
8.2	1.87368
8.3	1.89572
8.4	1.91776
8.5	1.9398
8.6	1.96184
8.7	1.98388
8.8	2.00592
8.9	2.02797
9	2.05001
9.1	2.07205
9.2	2.09409
9.3	2.11613
9.4	2.13817
9.5	2.16022
9.6	2.18226
9.7	2.2043
9.8	2.22634
9.9	2.24838
10	2.27042
