-1	0
-0.990991	0.0176526
-0.982762	0.0334206
-0.975141	0.0476734
-0.967989	0.0607056
-0.961195	0.072752
-0.954668	0.0839996
-0.948334	0.094597
-0.942135	0.104663
-0.93602	0.11429
-0.929951	0.123553
-0.923897	0.132512
-0.917832	0.141211
-0.911735	0.149689
-0.90559	0.157974
-0.899385	0.166089
-0.893108	0.174051
-0.886752	0.181875
-0.880311	0.18957
-0.873781	0.197146
-0.867158	0.204609
-0.860441	0.211965
-0.853449	0.219404
-0.846217	0.226889
-0.83877	0.234391
-0.831133	0.241886
-0.823323	0.249355
-0.815356	0.256784
-0.807246	0.264162
-0.799004	0.271478
-0.790639	0.278727
-0.782159	0.285902
-0.773571	0.292999
-0.764884	0.300002
-0.756102	0.306912
-0.747229	0.313727
-0.738268	0.320446
-0.729222	0.32707
-0.720095	0.333598
-0.710889	0.34003
-0.701607	0.346366
-0.692251	0.352608
-0.682823	0.358754
-0.673327	0.364806
-0.663764	0.370764
-0.654137	0.376629
-0.644446	0.382401
-0.634696	0.388081
-0.624886	0.39367
-0.61502	0.399168
-0.605099	0.404577
-0.595124	0.409896
-0.585098	0.415128
-0.575022	0.420272
-0.564758	0.425418
-0.554335	0.430551
-0.54378	0.43566
-0.533111	0.440734
-0.522345	0.445767
-0.511495	0.450754
-0.500573	0.45569
-0.489586	0.460573
-0.478542	0.465399
-0.467448	0.470169
-0.456307	0.474879
-0.445124	0.47953
-0.433903	0.484121
-0.422646	0.488652
-0.411356	0.493124
-0.400035	0.497535
-0.388685	0.501888
-0.377307	0.506181
-0.365903	0.510416
-0.354474	0.514593
-0.34302	0.518712
-0.331544	0.522774
-0.320046	0.526781
-0.308527	0.530732
-0.296987	0.534627
-0.285427	0.538469
-0.273784	0.542297
-0.262071	0.546108
-0.2503	0.549898
-0.238481	0.553663
-0.226622	0.557403
-0.214727	0.561116
-0.202803	0.5648
-0.190854	0.568454
-0.178881	0.572079
-0.166889	0.575674
-0.154879	0.579238
-0.142846	0.582774
-0.130791	0.586281
-0.118719	0.589758
-0.10663	0.593206
-0.0945257	0.596624
-0.0824085	0.600013
-0.070279	0.603373
-0.0581381	0.606703
-0.0459866	0.610005
-0.0338252	0.613277
-0.0216543	0.616522
-0.0094746	0.619738
0.00271366	0.622927
0.014786	0.626153
0.0267619	0.629424
0.0386569	0.632742
0.0504833	0.636113
0.0622506	0.639539
0.0739664	0.643024
0.0856367	0.64657
0.0972661	0.650179
0.108858	0.653853
0.120415	0.657594
0.131939	0.661402
0.143432	0.665281
0.154895	0.66923
0.166327	0.673251
0.17773	0.677345
0.189104	0.681513
0.200448	0.685757
0.211762	0.690076
0.223046	0.694472
0.234299	0.698946
0.245521	0.703498
0.25671	0.70813
0.267867	0.712841
0.278991	0.717634
0.29008	0.722508
0.301049	0.727444
0.311914	0.732449
0.322685	0.73753
0.333371	0.742691
0.343979	0.747938
0.354514	0.753273
0.36498	0.758701
0.375378	0.764224
0.385712	0.769844
0.395981	0.775564
0.406186	0.781385
0.416327	0.78731
0.426404	0.793339
0.436415	0.799474
0.446359	0.805716
0.456236	0.812066
0.466044	0.818525
0.475781	0.825094
0.485446	0.831773
0.495037	0.838564
0.504551	0.845466
0.513988	0.852482
0.523344	0.859609
0.532618	0.86685
0.541809	0.874205
0.550921	0.881673
0.559953	0.889255
0.5689	0.896948
0.577761	0.904754
0.586533	0.912672
0.595076	0.920602
0.603417	0.928565
0.611571	0.936578
0.619552	0.944655
0.627371	0.952807
0.635035	0.961043
0.642548	0.969371
0.649914	0.977795
0.657136	0.98632
0.664213	0.99495
0.671146	1.00369
0.677935	1.01253
0.684578	1.02149
0.691073	1.03055
0.697419	1.03972
0.703614	1.04901
0.709655	1.0584
0.715541	1.0679
0.721268	1.07751
0.726834	1.08722
0.732237	1.09704
0.737474	1.10696
0.742543	1.11698
0.74744	1.1271
0.752165	1.13731
0.756714	1.14761
0.761086	1.15801
0.765281	1.16849
0.769299	1.17906
0.773137	1.1897
0.776792	1.20043
0.780262	1.21123
0.783546	1.22211
0.786642	1.23305
0.789547	1.24406
0.792261	1.25513
0.794781	1.26626
0.797107	1.27744
0.799237	1.28868
0.801171	1.29997
0.802906	1.3113
0.804444	1.32267
0.805781	1.33408
0.806919	1.34553
0.807857	1.357
0.808594	1.36851
0.80913	1.38004
0.809465	1.39158
0.809599	1.40315
0.809533	1.41472
0.809266	1.42631
0.8088	1.4379
0.808133	1.4495
0.807269	1.46108
0.806208	1.47265
0.80495	1.4842
0.803496	1.49573
0.801847	1.50724
0.800003	1.51873
0.797965	1.5302
0.795736	1.54164
0.793314	1.55305
0.790703	1.56443
0.787903	1.57577
0.784915	1.58708
0.781742	1.59834
0.778385	1.60956
0.774845	1.62074
0.771124	1.63186
0.767224	1.64294
0.763148	1.65396
0.758896	1.66493
0.754471	1.67584
0.749876	1.68668
0.745111	1.69747
0.74018	1.70819
0.735085	1.71884
0.729827	1.72942
0.72441	1.73994
0.718845	1.75036
0.713134	1.76068
0.707275	1.77092
0.701271	1.78107
0.695123	1.79113
0.688832	1.80111
0.6824	1.81099
0.675828	1.82079
0.669118	1.8305
0.662272	1.84012
0.655293	1.84964
0.648183	1.85908
0.640942	1.86843
0.633575	1.87768
0.626083	1.88684
0.618467	1.89591
0.610732	1.90488
0.602878	1.91376
0.594908	1.92254
0.586825	1.93123
0.578631	1.93982
0.570327	1.94831
0.561847	1.95678
0.553206	1.96521
0.544417	1.97359
0.535491	1.9819
0.526439	1.99015
0.517267	1.99832
0.507983	2.00641
0.498592	2.01442
0.4891	2.02233
0.479511	2.03016
0.469841	2.03788
0.460091	2.0455
0.450262	2.05301
0.440355	2.06041
0.430371	2.06772
0.420312	2.07492
0.410178	2.08201
0.399972	2.08901
0.389695	2.0959
0.379347	2.10269
0.368932	2.10939
0.35845	2.11598
0.347903	2.12247
0.337292	2.12886
0.326619	2.13515
0.315885	2.14134
0.305093	2.14744
0.294242	2.15343
0.283336	2.15933
0.272337	2.16516
0.261255	2.17091
0.250098	2.17659
0.238871	2.18218
0.227581	2.18768
0.216231	2.19311
0.204825	2.19844
0.193367	2.2037
0.181859	2.20886
0.170305	2.21394
0.158705	2.21893
0.147063	2.22383
0.135379	2.22865
0.123656	2.23338
0.111895	2.23803
0.100097	2.24259
0.0882637	2.24707
0.0763962	2.25146
0.0644956	2.25576
0.0525629	2.25999
0.0405993	2.26413
0.0286056	2.26818
0.0165828	2.27216
0.00453186	2.27605
-0.00754636	2.27987
-0.0194022	2.28363
-0.031079	2.28735
-0.0426115	2.29105
-0.0540274	2.29473
-0.0653487	2.2984
-0.0765931	2.30207
-0.0877747	2.30573
-0.0989047	2.3094
-0.109992	2.31308
-0.121025	2.31675
-0.132012	2.32042
-0.142963	2.3241
-0.153884	2.32778
-0.164779	2.33147
-0.175652	2.33517
-0.186508	2.33887
-0.197348	2.34259
-0.208175	2.34632
-0.218989	2.35006
-0.229793	2.35382
-0.240587	2.35759
-0.251372	2.36138
-0.262148	2.36518
-0.272916	2.369
-0.283677	2.37283
-0.29443	2.37668
-0.304957	2.3805
-0.3153	2.3843
-0.325492	2.3881
-0.33556	2.3919
-0.345525	2.39571
-0.355405	2.39955
-0.365211	2.40341
-0.374955	2.40731
-0.384644	2.41124
-0.394286	2.41522
-0.403884	2.41924
-0.413443	2.4233
-0.422966	2.42742
-0.432453	2.43159
-0.441908	2.43581
-0.45133	2.44009
-0.460721	2.44443
-0.47008	2.44882
-0.479407	2.45328
-0.488702	2.45781
-0.497965	2.4624
-0.507194	2.46705
-0.516389	2.47178
-0.525549	2.47657
-0.534672	2.48144
-0.543759	2.48638
-0.552806	2.49139
-0.561814	2.49648
-0.57078	2.50165
-0.579704	2.5069
-0.588208	2.51204
-0.596366	2.51711
-0.604235	2.52215
-0.61186	2.52719
-0.619275	2.53225
-0.626508	2.53735
-0.633579	2.54251
-0.640503	2.54773
-0.647293	2.55304
-0.653955	2.55845
-0.660496	2.56395
-0.666918	2.56956
-0.673223	2.57529
-0.679411	2.58114
-0.68548	2.58712
-0.69143	2.59322
-0.697256	2.59946
-0.702955	2.60583
-0.708506	2.61229
-0.71391	2.61886
-0.719169	2.62554
-0.724281	2.63234
-0.729245	2.63925
-0.734059	2.64627
-0.738719	2.65342
-0.743222	2.6607
-0.747563	2.66809
-0.751739	2.67561
-0.755746	2.68325
-0.759578	2.69101
-0.763232	2.69889
-0.766702	2.70688
-0.769984	2.71499
-0.773073	2.72321
-0.775965	2.73154
-0.778657	2.73997
-0.781143	2.7485
-0.78342	2.75713
-0.785483	2.76585
-0.787331	2.77466
-0.788959	2.78355
-0.790365	2.79252
-0.791545	2.80155
-0.792498	2.81066
-0.793222	2.81982
-0.793714	2.82903
-0.793973	2.8383
-0.793999	2.84761
-0.793789	2.85695
-0.793344	2.86632
-0.792664	2.87571
-0.791749	2.88513
-0.790598	2.89455
-0.789234	2.90395
-0.787657	2.91332
-0.785868	2.92267
-0.783868	2.93198
-0.78166	2.94127
-0.779243	2.95053
-0.77662	2.95976
-0.773794	2.96895
-0.770766	2.9781
-0.767538	2.9872
-0.764114	2.99626
-0.760495	3.00527
-0.756684	3.01423
-0.752686	3.02313
-0.748501	3.03198
-0.744134	3.04076
-0.739589	3.04947
-0.734867	3.05812
-0.729973	3.0667
-0.72491	3.0752
-0.719681	3.08363
-0.71429	3.09198
-0.708741	3.10025
-0.703036	3.10843
-0.69718	3.11654
-0.691177	3.12455
-0.685029	3.13248
-0.67874	3.14033
-0.672313	3.14808
-0.665753	3.15574
-0.659062	3.16331
-0.652245	3.17079
-0.645304	3.17817
-0.638242	3.18546
-0.631077	3.19266
-0.623811	3.19977
-0.616446	3.2068
-0.608986	3.21374
-0.601433	3.2206
-0.59379	3.22736
-0.586059	3.23405
-0.578243	3.24064
-0.570345	3.24715
-0.562167	3.25375
-0.553753	3.2604
-0.545136	3.26708
-0.536344	3.27376
-0.5274	3.28042
-0.518323	3.28706
-0.509127	3.29366
-0.499827	3.30021
-0.490431	3.30671
-0.480949	3.31316
-0.471389	3.31955
-0.461755	3.32587
-0.452054	3.33213
-0.44229	3.33833
-0.432467	3.34445
-0.422588	3.35051
-0.412655	3.3565
-0.402672	3.36243
-0.392641	3.36828
-0.382563	3.37407
-0.372441	3.37979
-0.362276	3.38545
-0.35207	3.39103
-0.341824	3.39656
-0.331539	3.40201
-0.321218	3.40741
-0.310859	3.41274
-0.300467	3.418
-0.29004	3.42321
-0.27958	3.42835
-0.268981	3.4335
-0.258265	3.43865
-0.247453	3.44379
-0.23656	3.44892
-0.225597	3.45402
-0.214574	3.4591
-0.203501	3.46415
-0.192382	3.46916
-0.181209	3.47416
-0.169989	3.47915
-0.158729	3.48411
-0.147435	3.48906
-0.136111	3.49398
-0.12476	3.49888
-0.113386	3.50375
-0.101991	3.5086
-0.090577	3.51342
-0.0791453	3.51822
-0.0676974	3.52299
-0.0562345	3.52774
-0.0447575	3.53246
-0.0332672	3.53715
-0.0217642	3.54182
-0.0102492	3.54646
0.00127742	3.55108
0.0126929	3.55577
0.024011	3.56053
0.0352424	3.56538
0.0463956	3.5703
0.0574768	3.57532
0.0684908	3.58042
0.0794413	3.58562
0.0903308	3.59091
0.101161	3.5963
0.111933	3.60179
0.122648	3.60737
0.133306	3.61306
0.143906	3.61884
0.154449	3.62473
0.164934	3.63072
0.175359	3.63681
0.185725	3.643
0.19603	3.6493
0.206273	3.65569
0.216454	3.6622
0.22657	3.6688
0.23662	3.67551
0.246604	3.68233
0.256519	3.68924
0.266365	3.69626
0.27614	3.70338
0.285843	3.71061
0.295472	3.71794
0.304965	3.72533
0.31433	3.7328
0.323578	3.74034
0.332713	3.74797
0.34174	3.75568
0.350663	3.76349
0.359508	3.7714
0.368273	3.77943
0.376954	3.78756
0.38555	3.79579
0.394057	3.80413
0.402473	3.81257
0.410797	3.82111
0.419027	3.82976
0.427161	3.8385
0.435196	3.84734
0.443132	3.85627
0.450967	3.86531
0.458699	3.87443
0.466327	3.88365
0.47385	3.89297
0.481266	3.90237
0.488573	3.91187
0.495771	3.92146
0.502857	3.93113
0.509832	3.94089
0.516693	3.95074
0.523439	3.96067
0.530069	3.97069
0.536583	3.98078
0.542978	3.99096
0.549255	4.00122
0.555411	4.01156
0.561446	4.02197
0.567358	4.03246
0.573148	4.04302
0.578813	4.05365
0.584341	4.0643
0.589735	4.07498
0.594999	4.08569
0.600136	4.09643
0.605148	4.10721
0.610037	4.11803
0.614803	4.1289
0.619447	4.13982
0.62397	4.15077
0.628371	4.16178
0.632652	4.17283
0.636812	4.18393
0.64085	4.19507
0.644767	4.20626
0.648564	4.21749
0.652238	4.22876
0.655791	4.24008
0.659223	4.25143
0.662532	4.26283
0.665719	4.27426
0.668784	4.28574
0.671727	4.29724
0.674547	4.30879
0.677244	4.32036
0.679819	4.33197
0.682272	4.34361
0.68461	4.35529
0.686832	4.36701
0.688939	4.37877
0.690929	4.39055
0.692802	4.40237
0.694557	4.41422
0.696195	4.42609
0.697716	4.43798
0.699118	4.44989
0.700403	4.46183
0.70157	4.47378
0.702619	4.48574
0.703551	4.49772
0.704365	4.50971
0.705062	4.52172
0.705642	4.53373
0.706104	4.54576
0.70645	4.55779
0.70668	4.56982
0.706793	4.58186
0.706791	4.59391
0.706673	4.60596
0.70644	4.61801
0.706092	4.63006
0.70563	4.64212
0.705052	4.65417
0.704361	4.66623
0.703555	4.67828
0.702636	4.69033
0.701603	4.70238
0.700457	4.71442
0.699199	4.72645
0.697828	4.73848
0.696345	4.75049
0.694751	4.76249
0.693046	4.77449
0.69123	4.78646
0.689304	4.79843
0.687268	4.81038
0.685123	4.82231
0.68287	4.83423
0.680509	4.84612
0.67804	4.858
0.675464	4.86986
0.672781	4.8817
0.669993	4.89352
0.667099	4.90531
0.664101	4.91708
0.660994	4.92882
0.65778	4.94053
0.654458	4.95222
0.65103	4.96387
0.647495	4.97549
0.643854	4.98708
0.640108	4.99864
0.636257	5.01016
0.632301	5.02165
0.628242	5.03311
0.62408	5.04454
0.619815	5.05592
0.615449	5.06728
0.610982	5.07859
0.606414	5.08987
0.601746	5.10111
0.59698	5.11231
0.592115	5.12347
0.587152	5.13459
0.582093	5.14567
0.576938	5.1567
0.571664	5.16774
0.566275	5.17877
0.560776	5.18978
0.555171	5.20076
0.54946	5.21171
0.543647	5.22262
0.537731	5.23349
0.531714	5.2443
0.525597	5.25507
0.519381	5.26578
0.513068	5.27644
0.506659	5.28705
0.500154	5.29761
0.493554	5.30811
0.486861	5.31855
0.480075	5.32894
0.473197	5.33927
0.466229	5.34954
0.459171	5.35976
0.452024	5.36991
0.44479	5.38001
0.437468	5.39005
0.43006	5.40002
0.422567	5.40993
0.41499	5.41979
0.407329	5.42958
0.399586	5.43931
0.391762	5.44897
0.383857	5.45857
0.375873	5.46811
0.36781	5.47759
0.359669	5.487
0.351451	5.49634
0.34316	5.50561
0.334794	5.5148
0.326353	5.52391
0.317838	5.53294
0.309248	5.5419
0.300583	5.55079
0.291844	5.5596
0.283032	5.56833
0.274121	5.57701
0.265117	5.58563
0.256024	5.59419
0.246845	5.60268
0.237584	5.6111
0.228243	5.61945
0.218826	5.62772
0.209333	5.63593
0.199767	5.64405
0.19013	5.65211
0.180423	5.66008
0.170648	5.66798
0.160807	5.6758
0.150899	5.68355
0.140928	5.69121
0.130893	5.6988
0.120796	5.70631
0.110639	5.71374
0.100422	5.7211
0.0901458	5.72837
0.0798122	5.73557
0.0694219	5.74268
0.0589759	5.74972
0.0484752	5.75668
0.0379208	5.76356
0.0273135	5.77036
0.0166544	5.77708
0.00594443	5.78372
-0.00480894	5.79028
-0.0153172	5.79676
-0.025622	5.8032
-0.035756	5.80962
-0.0457453	5.81603
-0.0556104	5.82245
-0.0653671	5.8289
-0.075028	5.83537
-0.0846027	5.84188
-0.0940986	5.84844
-0.103521	5.85505
-0.112875	5.86171
-0.122162	5.86844
-0.131384	5.87522
-0.140544	5.88208
-0.149641	5.889
-0.158675	5.89599
-0.167647	5.90306
-0.176555	5.9102
-0.185399	5.91741
-0.194176	5.92471
-0.202887	5.93209
-0.211529	5.93954
-0.2201	5.94708
-0.228599	5.95471
-0.237024	5.96242
-0.245373	5.97021
-0.253642	5.9781
-0.261831	5.98607
-0.269937	5.99413
-0.277957	6.00228
-0.285889	6.01052
-0.29373	6.01886
-0.301362	6.02717
-0.308805	6.03547
-0.316076	6.04378
-0.323189	6.05213
-0.330151	6.06052
-0.33697	6.06897
-0.34365	6.07748
-0.350137	6.08598
-0.356445	6.09449
-0.362586	6.10303
-0.368567	6.1116
-0.374393	6.12024
-0.380067	6.12893
-0.385591	6.13769
-0.390966	6.14652
-0.39619	6.15543
-0.401263	6.16442
-0.406183	6.17349
-0.410946	6.18265
-0.415552	6.1919
-0.419995	6.20123
-0.424275	6.21064
-0.428385	6.22015
-0.432325	6.22974
-0.436089	6.23941
-0.439674	6.24916
-0.443076	6.259
-0.446292	6.26892
-0.449318	6.27891
-0.452151	6.28897
-0.454787	6.29911
-0.457223	6.30932
-0.459455	6.31959
-0.46148	6.32993
-0.463295	6.34032
-0.464897	6.35077
-0.466284	6.36127
-0.467434	6.3717
-0.468351	6.38209
-0.469034	6.39244
-0.469486	6.40277
-0.469705	6.41309
-0.469691	6.42339
-0.469443	6.43369
-0.468962	6.44398
-0.468244	6.45426
-0.467291	6.46454
-0.466102	6.4748
-0.464676	6.48506
-0.463013	6.49529
-0.461112	6.50551
-0.458976	6.5157
-0.456603	6.52587
-0.453996	6.536
-0.451154	6.54609
-0.448079	6.55614
-0.444774	6.56614
-0.441239	6.57609
-0.437476	6.58598
-0.433489	6.59581
-0.429279	6.60558
-0.424849	6.61527
-0.420201	6.62489
-0.41534	6.63442
-0.410267	6.64388
-0.404986	6.65324
-0.399553	6.66244
-0.393961	6.67147
-0.388207	6.68035
-0.382291	6.68909
-0.376211	6.6977
-0.369966	6.70618
-0.363559	6.71453
-0.35699	6.72276
-0.350261	6.73086
-0.343375	6.73884
-0.336334	6.7467
-0.329141	6.75443
-0.3218	6.76204
-0.314314	6.76953
-0.306687	6.7769
-0.298921	6.78414
-0.291022	6.79126
-0.282992	6.79825
-0.274657	6.80527
-0.266054	6.81229
-0.257215	6.81928
-0.248168	6.82621
-0.238935	6.83308
-0.229534	6.83987
-0.219981	6.84657
-0.210289	6.85318
-0.200469	6.85967
-0.190532	6.86607
-0.180486	6.87235
-0.170338	6.87852
-0.160094	6.88457
-0.14976	6.89051
-0.139341	6.89634
-0.128841	6.90204
-0.118266	6.90764
-0.107618	6.91311
-0.0969002	6.91848
-0.0861168	6.92372
-0.0752705	6.92886
-0.0643639	6.93388
-0.0533997	6.93879
-0.0424	6.94361
-0.031365	6.94834
-0.0202948	6.95298
-0.00919018	6.95753
0.00194836	6.96199
0.0130511	6.96648
0.0241228	6.97099
0.035167	6.97552
0.0461868	6.98008
0.0571843	6.98467
0.0681615	6.98928
0.0791197	6.99392
0.09006	6.99859
0.100983	7.00329
0.11189	7.00802
0.122781	7.01278
0.133657	7.01757
0.144517	7.02239
0.155362	7.02725
0.166193	7.03213
0.177008	7.03705
0.187808	7.04199
0.198594	7.04697
0.209364	7.05198
0.22012	7.05703
0.23086	7.0621
0.241585	7.06721
0.252294	7.07235
0.262988	7.07752
0.273666	7.08273
0.284329	7.08797
0.294975	7.09324
0.305558	7.09853
0.316086	7.10385
0.326565	7.1092
0.337	7.11457
0.347397	7.11999
0.357758	7.12543
0.368085	7.13092
0.378382	7.13644
0.388648	7.14201
0.398885	7.14761
0.409095	7.15325
0.419278	7.15894
0.429433	7.16467
0.439562	7.17044
0.449665	7.17626
0.459742	7.18212
0.469792	7.18802
0.479815	7.19397
0.489812	7.19996
0.499783	7.20599
0.509726	7.21207
0.519642	7.2182
0.529531	7.22437
0.539392	7.23058
0.549228	7.23686
0.559039	7.24318
0.568821	7.24957
0.578574	7.256
0.588225	7.26245
0.597786	7.26892
0.607269	7.27542
0.616679	7.28196
0.626025	7.28853
0.635311	7.29514
0.64454	7.3018
0.653716	7.30851
0.66284	7.31527
0.671915	7.32207
0.680941	7.32894
0.689919	7.33585
0.69885	7.34282
0.707734	7.34985
0.71657	7.35693
0.72536	7.36407
0.734102	7.37126
0.742796	7.37852
0.751442	7.38583
0.76004	7.3932
0.768589	7.40063
0.777088	7.40811
0.785537	7.41566
0.793936	7.42326
0.802283	7.43092
0.810578	7.43864
0.81882	7.44642
0.827009	7.45426
0.835145	7.46215
0.843225	7.47011
0.85125	7.47812
0.85922	7.48619
0.867132	7.49432
0.874891	7.50242
0.882514	7.51051
0.890016	7.5186
0.897409	7.52671
0.9047	7.53485
0.911895	7.54302
0.918999	7.55124
0.926016	7.5595
0.932948	7.56782
0.939796	7.57618
0.946562	7.5846
0.953246	7.59308
0.959849	7.60162
0.966371	7.61021
0.972812	7.61886
0.979171	7.62758
0.985449	7.63635
0.991643	7.64519
0.997754	7.65408
1.00378	7.66303
1.00972	7.67205
1.01558	7.68112
1.02135	7.69026
1.02703	7.69945
1.03263	7.7087
1.03813	7.71801
1.04355	7.72738
1.04887	7.7368
1.0541	7.74628
1.05924	7.75582
1.06429	7.76541
1.06924	7.77506
1.07409	7.78476
1.07885	7.79451
1.08351	7.80432
1.08808	7.81418
1.09256	7.82411
1.09693	7.83409
1.10122	7.84413
1.1054	7.85422
1.10948	7.86436
1.11346	7.87455
1.11734	7.88479
1.12112	7.89507
1.12479	7.9054
1.12836	7.91577
1.13182	7.92618
1.13518	7.93664
1.13843	7.94713
1.14157	7.95766
1.14461	7.96823
1.14754	7.97883
1.15036	7.98947
1.15307	8.00015
1.15567	8.01085
1.15816	8.02159
1.16051	8.03219
1.16271	8.04269
1.16478	8.05311
1.16673	8.06347
1.16855	8.07379
1.17025	8.08407
1.17184	8.09434
1.17332	8.10463
1.17469	8.11493
1.17596	8.12524
1.17712	8.13557
1.17817	8.14592
1.17912	8.15627
1.17996	8.16665
1.1807	8.17703
1.18133	8.18743
1.18185	8.19783
1.18227	8.20825
1.18258	8.21867
1.18279	8.22911
1.18289	8.23955
1.18289	8.24999
1.18278	8.26044
1.18257	8.27089
1.18225	8.28135
1.18183	8.29181
1.18131	8.30227
1.18068	8.31272
1.17995	8.32318
1.17911	8.33363
1.17817	8.34408
1.17713	8.35453
1.17599	8.36497
1.17475	8.3754
1.17341	8.38583
1.17196	8.39627
1.17041	8.40671
1.16877	8.41715
1.16703	8.42759
1.16518	8.43803
1.16324	8.44846
1.16121	8.45888
1.15907	8.46929
1.15684	8.47969
1.15452	8.49007
1.15207	8.50058
1.14949	8.51117
1.1468	8.52183
1.144	8.53254
1.14109	8.54328
1.13807	8.55405
1.13495	8.56483
1.13173	8.57561
1.12841	8.58639
1.12499	8.59716
1.12147	8.60792
1.11787	8.61867
1.11417	8.6294
1.11037	8.6401
1.10649	8.65079
1.10251	8.66145
1.09845	8.67208
1.0943	8.68269
1.09006	8.69326
1.08572	8.7038
1.0813	8.71432
1.07679	8.72479
1.07219	8.73524
1.06751	8.74565
1.06274	8.75602
1.05788	8.76636
1.05294	8.77666
1.04791	8.78693
1.04281	8.79716
1.03762	8.80734
1.03234	8.81749
1.02699	8.82761
1.02155	8.83768
1.01604	8.84771
1.01044	8.8577
1.00477	8.86764
0.99902	8.87755
0.993191	8.88741
0.987287	8.89724
0.981306	8.90701
0.975251	8.91675
0.96912	8.92644
0.962917	8.93609
0.95664	8.94569
0.95029	8.95525
0.943869	8.96476
0.937376	8.97421
0.930809	8.98361
0.924169	8.99294
0.917455	9.00222
0.910668	9.01144
0.903808	9.02061
0.896874	9.02972
0.889868	9.03877
0.88279	9.04777
0.87564	9.05672
0.868419	9.06561
0.861127	9.07444
0.853705	9.08329
0.846163	9.09215
0.838513	9.10099
0.830763	9.10982
0.822919	9.11862
0.814989	9.12739
0.806977	9.13612
0.798886	9.14481
0.79072	9.15345
0.782483	9.16204
0.774176	9.17059
0.765802	9.17908
0.757363	9.18752
0.74886	9.19591
0.740294	9.20424
0.731668	9.21252
0.722982	9.22074
0.714238	9.2289
0.705436	9.23701
0.696578	9.24505
0.687664	9.25305
0.678697	9.26096
0.669677	9.2688
0.660602	9.27656
0.651472	9.28426
0.642287	9.29188
0.633047	9.29942
0.623751	9.3069
0.614401	9.31431
0.604996	9.32165
0.595537	9.32892
0.586025	9.33612
0.57646	9.34325
0.566785	9.35035
0.557013	9.35742
0.547153	9.36445
0.537213	9.37144
0.527201	9.37837
0.51712	9.38524
0.506977	9.39206
0.496774	9.39882
0.486516	9.40552
0.476204	9.41216
0.465841	9.41874
0.455429	9.42525
0.44497	9.43169
0.434466	9.43808
0.423917	9.44439
0.413325	9.45065
0.402691	9.45683
0.392016	9.46296
0.381302	9.46901
0.370548	9.47501
0.359756	9.48094
0.348927	9.4868
0.338062	9.4926
0.32716	9.49833
0.316224	9.504
0.305253	9.50961
0.294248	9.51515
0.28321	9.52063
0.272101	9.52608
0.260928	9.53147
0.2497	9.53683
0.238421	9.54213
0.227097	9.54737
0.215729	9.55253
0.20432	9.55763
0.192872	9.56266
0.181388	9.56762
0.169868	9.57252
0.158315	9.57734
0.146729	9.58209
0.135111	9.58678
0.123463	9.59139
0.111786	9.59594
0.10008	9.60042
0.0883465	9.60483
0.0765859	9.60917
0.0647991	9.61344
0.0529867	9.61765
0.0411495	9.6218
0.0292881	9.62587
0.0174031	9.62988
0.00549505	9.63382
-0.00643538	9.6377
-0.0181289	9.64154
-0.0296309	9.64535
-0.0409776	9.64914
-0.0521978	9.65292
-0.0633147	9.6567
-0.0743465	9.66049
-0.0853079	9.6643
-0.0962105	9.66812
-0.107063	9.67196
-0.117874	9.67583
-0.128648	9.67972
-0.13939	9.68365
-0.150103	9.6876
-0.160791	9.69159
-0.171454	9.69561
-0.182096	9.69967
-0.192717	9.70377
-0.203317	9.7079
-0.213898	9.71208
-0.22446	9.71629
-0.235003	9.72055
-0.245528	9.72484
-0.256033	9.72918
-0.266519	9.73357
-0.276986	9.738
-0.287433	9.74247
-0.29786	9.74699
-0.308126	9.75151
-0.318258	9.75603
-0.328278	9.76057
-0.338203	9.76514
-0.348046	9.76974
-0.357818	9.77438
-0.367527	9.77906
-0.37718	9.78379
-0.386781	9.78857
-0.396335	9.7934
-0.405843	9.7983
-0.415308	9.80325
-0.424731	9.80826
-0.434113	9.81334
-0.443455	9.81848
-0.452756	9.82368
-0.462016	9.82896
-0.471223	9.83427
-0.480381	9.83963
-0.489492	9.84503
-0.49856	9.85048
-0.507586	9.85598
-0.51657	9.86153
-0.525515	9.86713
-0.53442	9.87279
-0.543285	9.87851
-0.552111	9.88428
-0.560896	9.89011
-0.569641	9.896
-0.578344	9.90196
-0.586802	9.90784
-0.595055	9.91367
-0.603135	9.91949
-0.611067	9.92529
-0.618871	9.93111
-0.626562	9.93696
-0.634152	9.94283
-0.641649	9.94874
-0.649062	9.95471
-0.656395	9.96072
-0.663651	9.9668
-0.670834	9.97294
-0.677944	9.97914
-0.684984	9.98541
-0.691953	9.99175
-0.698851	9.99817
-0.705678	10.0047
-0.712432	10.0112
-0.719114	10.0179
-0.72572	10.0246
-0.73225	10.0314
-0.738703	10.0383
-0.745076	10.0452
-0.751367	10.0523
-0.757575	10.0594
-0.763698	10.0666
-0.769733	10.0739
-0.775678	10.0813
-0.781531	10.0888
-0.78729	10.0963
-0.792952	10.104
-0.798515	10.1117
-0.803977	10.1195
-0.809306	10.1273
-0.814508	10.1351
-0.819587	10.143
-0.824545	10.151
-0.829386	10.159
-0.834108	10.1671
-0.838713	10.1752
-0.843199	10.1833
-0.847567	10.1916
-0.851815	10.1999
-0.855942	10.2083
-0.859945	10.2167
-0.863824	10.2252
-0.867576	10.2338
-0.871081	10.2422
-0.874368	10.2503
-0.877458	10.2583
-0.880366	10.2663
-0.883105	10.2742
-0.885684	10.282
-0.888109	10.2898
-0.890385	10.2976
-0.892514	10.3054
-0.894499	10.3132
-0.89634	10.321
-0.898037	10.3289
-0.899592	10.3368
-0.901002	10.3447
-0.902268	10.3526
-0.903389	10.3606
-0.904362	10.3686
-0.905188	10.3766
-0.905866	10.3847
-0.906393	10.3927
-0.90677	10.4009
-0.906994	10.409
-0.90707	10.4171
-0.906997	10.4251
-0.906776	10.433
-0.906408	10.441
-0.905892	10.4489
-0.905228	10.4568
-0.904416	10.4647
-0.903455	10.4725
-0.902345	10.4804
-0.901087	10.4882
-0.899679	10.496
-0.898123	10.5038
-0.896417	10.5116
-0.894563	10.5194
-0.892561	10.5272
-0.890411	10.5349
-0.888113	10.5426
-0.885669	10.5503
-0.88308	10.558
-0.880346	10.5656
-0.877467	10.5732
-0.874447	10.5808
-0.871285	10.5883
-0.867983	10.5958
-0.864542	10.6033
-0.860816	10.611
-0.85683	10.6189
-0.852606	10.6269
-0.848161	10.635
-0.843512	10.6431
-0.838671	10.6513
-0.833651	10.6595
-0.828461	10.6677
-0.82311	10.6759
-0.817606	10.684
-0.811954	10.6921
-0.806161	10.7001
-0.800253	10.7081
-0.794232	10.716
-0.788099	10.7238
-0.781857	10.7315
-0.775507	10.7392
-0.769051	10.7467
-0.762491	10.7542
-0.755829	10.7617
-0.749067	10.769
-0.742208	10.7763
-0.735253	10.7835
-0.728205	10.7906
-0.721065	10.7976
-0.713835	10.8045
-0.706519	10.8114
-0.699117	10.8182
-0.691631	10.8249
-0.684065	10.8315
-0.676418	10.8381
-0.668695	10.8446
-0.660895	10.8509
-0.653022	10.8573
-0.645078	10.8635
-0.637063	10.8696
-0.62898	10.8757
-0.62083	10.8817
-0.612615	10.8876
-0.604338	10.8935
-0.595999	10.8992
-0.5876	10.9049
-0.579143	10.9105
-0.570629	10.9161
-0.561866	10.9217
-0.552896	10.9273
-0.54375	10.9329
-0.534455	10.9386
-0.525032	10.9442
-0.5155	10.9498
-0.505871	10.9553
-0.496159	10.9608
-0.486371	10.9663
-0.476517	10.9717
-0.466603	10.9771
-0.456633	10.9824
-0.446613	10.9876
-0.436535	10.9928
-0.426404	10.998
-0.416226	11.0031
-0.406003	11.0081
-0.395741	11.0131
-0.385441	11.0181
-0.375107	11.023
-0.36474	11.0278
-0.354341	11.0326
-0.343913	11.0374
-0.333457	11.0421
-0.322974	11.0467
-0.312466	11.0513
-0.301932	11.0558
-0.291375	11.0603
-0.280794	11.0648
-0.270073	11.0692
-0.259237	11.0737
-0.248306	11.0782
-0.237296	11.0826
-0.22622	11.087
-0.215088	11.0914
-0.203909	11.0958
-0.192689	11.1002
-0.181435	11.1045
-0.17015	11.1088
-0.158838	11.1131
-0.147502	11.1173
-0.136145	11.1215
-0.124768	11.1257
-0.113374	11.1299
-0.101963	11.134
-0.0905364	11.1381
-0.0790956	11.1421
-0.0676412	11.1462
-0.056174	11.1502
-0.0446944	11.1541
-0.033203	11.1581
-0.0217002	11.162
-0.0101865	11.1659
0.00133777	11.1697
0.0127622	11.1736
0.0241014	11.1776
0.0353669	11.1816
0.0465678	11.1857
0.0577113	11.1898
0.0688026	11.194
0.0798461	11.1983
0.090845	11.2026
0.101801	11.2071
0.112717	11.2116
0.123594	11.2162
0.134431	11.2208
0.14523	11.2256
0.155991	11.2304
0.166713	11.2353
0.177397	11.2402
0.188042	11.2453
0.198646	11.2505
0.209211	11.2557
0.219734	11.261
0.230215	11.2664
0.240653	11.2719
0.251064	11.2774
0.261444	11.2831
0.27179	11.2888
0.282101	11.2946
0.292373	11.3005
0.302519	11.3065
0.312552	11.3125
0.322485	11.3185
0.332327	11.3246
0.342085	11.3308
0.351763	11.3371
0.361366	11.3434
0.370897	11.3498
0.380358	11.3563
0.38975	11.3629
0.399073	11.3696
0.408329	11.3763
0.417517	11.3832
0.426636	11.3901
0.435687	11.3971
0.444668	11.4042
0.453578	11.4114
0.462418	11.4187
0.471184	11.4261
0.479878	11.4335
0.488496	11.4411
0.497039	11.4488
0.505504	11.4565
0.51389	11.4643
0.522196	11.4722
0.530421	11.4803
0.538563	11.4884
0.546621	11.4966
0.554593	11.5048
0.562478	11.5132
0.570275	11.5217
0.577981	11.5302
0.585597	11.5388
0.593026	11.5475
0.600286	11.5561
0.607394	11.5647
0.614397	11.5734
0.6213	11.5822
0.628103	11.591
0.634807	11.5999
0.641413	11.6088
0.647922	11.6178
0.654334	11.6269
0.660647	11.6361
0.666862	11.6453
0.672979	11.6546
0.678996	11.6639
0.684914	11.6733
0.69073	11.6828
0.696446	11.6924
0.702059	11.702
0.707569	11.7117
0.712975	11.7214
0.718277	11.7312
0.723473	11.7411
0.728563	11.751
0.733546	11.761
0.738422	11.7711
0.743189	11.7812
0.747846	11.7913
0.752394	11.8016
0.756832	11.8118
0.761158	11.8222
0.765372	11.8325
0.769474	11.843
0.773463	11.8534
0.777362	11.864
0.781171	11.8746
0.784885	11.8852
0.788505	11.8959
0.792029	11.9067
0.795455	11.9175
0.798782	11.9283
0.80201	11.9392
0.805138	11.9501
0.808166	11.9611
0.811092	11.972
0.813916	11.983
0.816638	11.9941
0.819258	12.0052
0.821775	12.0163
0.824189	12.0274
0.826499	12.0386
0.828705	12.0497
0.830808	12.061
0.832806	12.0722
0.8347	12.0834
0.83649	12.0947
0.838174	12.106
0.839754	12.1173
0.84123	12.1287
0.8426	12.14
0.843881	12.1514
0.845072	12.1627
0.846173	12.1741
0.847184	12.1855
0.848105	12.197
0.848936	12.2084
0.849676	12.2198
0.850325	12.2313
0.850884	12.2427
0.851352	12.2542
0.851729	12.2656
0.852015	12.2771
0.852211	12.2886
0.852315	12.3
0.852328	12.3115
0.85225	12.323
0.852082	12.3345
0.851822	12.346
0.851471	12.3575
0.85103	12.369
0.850498	12.3804
0.849874	12.3919
0.849161	12.4034
0.848356	12.4149
0.847461	12.4263
0.846476	12.4378
0.845411	12.4493
0.844267	12.4607
0.843044	12.4721
0.841741	12.4835
0.840359	12.4949
0.838896	12.5062
0.837353	12.5176
0.83573	12.5289
0.834027	12.5402
0.832243	12.5515
0.830379	12.5628
0.828435	12.5741
0.82641	12.5854
0.824305	12.5966
0.822119	12.6079
0.819854	12.6191
0.817508	12.6303
0.815081	12.6415
0.812575	12.6527
0.809989	12.6639
0.807322	12.675
0.804576	12.6861
0.801751	12.6973
0.798845	12.7084
0.795861	12.7194
0.792809	12.7304
0.789689	12.7414
0.786498	12.7523
0.783236	12.7632
0.779901	12.7741
0.776493	12.7849
0.773011	12.7957
0.769455	12.8064
0.765824	12.8171
0.762117	12.8278
0.758335	12.8385
0.754477	12.8491
0.750544	12.8597
0.746535	12.8703
0.742449	12.8809
0.738288	12.8914
0.734051	12.9019
0.729739	12.9123
0.72535	12.9228
0.720886	12.9332
0.716347	12.9436
0.711732	12.9539
0.707042	12.9642
0.702277	12.9745
0.697437	12.9847
0.692522	12.9949
0.687532	13.0051
0.682469	13.0152
0.677354	13.0253
0.672183	13.0353
0.666952	13.0452
0.661657	13.055
0.656296	13.0647
0.650867	13.0745
0.645368	13.0841
0.639797	13.0937
0.634154	13.1033
0.628438	13.1128
0.622648	13.1222
0.616785	13.1316
0.610847	13.1409
0.604834	13.1503
0.598747	13.1595
0.592585	13.1687
0.586349	13.1779
0.580039	13.187
0.573655	13.196
0.567195	13.2051
0.560663	13.2141
0.554062	13.2231
0.547393	13.2321
0.540659	13.241
0.53386	13.2499
0.526998	13.2587
0.520075	13.2675
0.51309	13.2763
0.506044	13.2851
0.498939	13.2938
0.491774	13.3024
0.484606	13.311
0.477426	13.3194
0.470225	13.3278
0.462998	13.3361
0.45574	13.3443
0.448447	13.3525
0.441116	13.3606
0.433743	13.3687
0.426328	13.3767
0.418869	13.3846
0.411364	13.3925
0.403813	13.4004
0.396215	13.4082
0.388569	13.4159
0.380875	13.4236
0.373133	13.4313
0.365343	13.4389
0.357504	13.4464
0.349616	13.4539
0.34168	13.4614
0.333696	13.4688
0.325664	13.4761
0.317583	13.4834
0.309455	13.4907
0.301279	13.4979
0.293055	13.505
0.284784	13.5121
0.276504	13.5191
0.26821	13.5261
0.259898	13.533
0.251565	13.5399
0.24321	13.5468
0.234831	13.5536
0.226426	13.5603
0.217993	13.5671
0.209533	13.5737
0.201044	13.5804
0.192526	13.5869
0.184057	13.5935
0.175626	13.6
0.167223	13.6064
0.158841	13.6128
0.150474	13.6192
0.142116	13.6255
0.133764	13.6319
0.125415	13.6382
0.117066	13.6444
0.108715	13.6507
0.100361	13.6569
0.092003	13.6632
0.083639	13.6694
0.0752687	13.6756
0.0668913	13.6818
0.0585063	13.6879
0.0501134	13.6941
0.0417121	13.7002
0.0333023	13.7063
0.0248837	13.7125
0.0164561	13.7186
0.0080194	13.7246
-0.000426491	13.7307
-0.00790652	13.7363
-0.0146012	13.7416
-0.0206527	13.7467
-0.0261723	13.7515
-0.0312464	13.7563
-0.0359412	13.7611
-0.0403065	13.7658
-0.044379	13.7706
-0.0481845	13.7754
-0.0517402	13.7804
-0.0550565	13.7855
-0.0581381	13.7907
-0.0609854	13.7961
-0.0635957	13.8017
-0.0659637	13.8074
-0.0680826	13.8134
-0.0699445	13.8194
-0.0715411	13.8257
-0.0728642	13.8321
-0.0739059	13.8387
-0.074659	13.8455
-0.0751172	13.8523
-0.0752753	13.8593
-0.0751293	13.8664
-0.0746765	13.8737
-0.0739501	13.881
-0.0729505	13.8886
-0.0716799	13.8962
-0.0701416	13.9039
-0.0683399	13.9117
-0.0662799	13.9195
-0.0639672	13.9274
-0.0614077	13.9352
-0.0586075	13.9431
-0.0555731	13.9509
-0.0523109	13.9588
-0.0488274	13.9666
-0.0451293	13.9743
-0.041223	13.982
-0.0371151	13.9897
-0.0328121	13.9973
-0.0283203	14.0049
-0.023646	14.0124
-0.0187954	14.0198
-0.0137745	14.0271
-0.00858939	14.0344
-0.00324577	14.0416
0.00225066	14.0487
0.00789193	14.0561
0.0136439	14.0636
0.0194793	14.0713
0.0253765	14.0792
0.0313182	14.0871
0.0372906	14.0952
0.0432828	14.1033
0.049286	14.1114
0.0552933	14.1197
0.061299	14.1279
0.0672987	14.1363
0.073289	14.1446
0.0792669	14.153
0.0852302	14.1614
0.0911772	14.1699
0.0970959	14.1784
0.102979	14.187
0.108821	14.1957
0.114617	14.2045
0.120363	14.2133
0.126057	14.2222
0.131696	14.2312
0.137277	14.2402
0.142801	14.2492
0.148265	14.2583
0.153669	14.2675
0.159011	14.2767
0.164292	14.2859
0.16951	14.2952
0.174665	14.3045
0.179757	14.3139
0.184786	14.3233
0.189751	14.3327
0.194652	14.3422
0.199489	14.3517
0.204262	14.3613
0.208971	14.3709
0.213616	14.3805
0.218196	14.3901
0.222713	14.3998
0.227165	14.4095
0.231552	14.4193
0.235876	14.4291
0.240135	14.4389
0.24433	14.4487
0.24846	14.4586
0.252521	14.4686
0.256504	14.4787
0.260407	14.4888
0.264224	14.4991
0.267954	14.5094
0.271593	14.5198
0.275141	14.5302
0.278596	14.5407
0.281956	14.5512
0.285222	14.5617
0.288392	14.5724
0.291466	14.583
0.294384	14.5935
0.297155	14.6039
0.299789	14.6143
0.302291	14.6246
0.304666	14.6348
0.306919	14.6451
0.309052	14.6553
0.311068	14.6655
0.312967	14.6757
0.314751	14.6859
0.316422	14.6962
0.31798	14.7064
0.319426	14.7166
0.320759	14.7269
0.321981	14.7371
0.323092	14.7474
0.324074	14.7578
0.324928	14.7681
0.325652	14.7786
0.326246	14.789
0.32671	14.7995
0.327043	14.81
0.327246	14.8205
0.327319	14.8311
0.327262	14.8416
0.327075	14.8522
0.326759	14.8628
0.326313	14.8734
0.32574	14.8839
0.325038	14.8945
0.324209	14.9051
0.323254	14.9157
0.322172	14.9263
0.320964	14.9369
0.319631	14.9474
0.318175	14.958
0.316595	14.9685
0.314892	14.9791
0.313067	14.9896
0.311121	15.0001
0.309055	15.0106
0.306869	15.0211
0.304565	15.0316
0.302121	15.042
0.299538	15.0525
0.296819	15.0629
0.293966	15.0734
0.290979	15.0838
0.28786	15.0942
0.284573	15.1047
0.281126	15.1153
0.277529	15.1261
0.27379	15.1369
0.269915	15.1477
0.265909	15.1585
0.261778	15.1694
0.257525	15.1802
0.253155	15.1911
0.24867	15.2019
0.244073	15.2127
0.239367	15.2235
0.234554	15.2342
0.229637	15.2449
0.224616	15.2556
0.219495	15.2663
0.214275	15.2769
0.208957	15.2874
0.203542	15.298
0.198034	15.3084
0.192431	15.3189
0.18671	15.3293
0.180873	15.3396
0.174921	15.3499
0.168859	15.3602
0.162688	15.3704
0.156409	15.3805
0.150026	15.3906
0.143539	15.4006
0.136951	15.4106
0.130263	15.4205
0.123477	15.4303
0.116595	15.4401
0.109617	15.4499
0.102547	15.4595
0.0953842	15.4691
0.0881312	15.4787
0.0807893	15.4881
0.0733599	15.4975
0.0658444	15.5069
0.0582442	15.5162
0.0505606	15.5254
0.042795	15.5345
0.0349488	15.5436
0.0270232	15.5526
0.0190196	15.5616
0.0109393	15.5705
0.00278362	15.5793
-0.00544627	15.5881
-0.0133999	15.5967
-0.0211148	15.6053
-0.02862	15.6138
-0.0359718	15.6224
-0.0431845	15.6309
-0.0502695	15.6395
-0.0572354	15.6481
-0.0640887	15.6567
-0.0708344	15.6653
-0.0774761	15.6741
-0.0840164	15.6828
-0.0904571	15.6916
-0.0967993	15.7005
-0.103044	15.7095
-0.109191	15.7184
-0.11524	15.7275
-0.121191	15.7366
-0.127043	15.7458
-0.132796	15.7551
-0.13845	15.7644
-0.144002	15.7738
-0.149452	15.7832
-0.1548	15.7927
-0.160043	15.8023
-0.165182	15.8119
-0.170215	15.8216
-0.17514	15.8314
-0.179957	15.8412
-0.184665	15.8511
-0.189263	15.861
-0.193749	15.871
-0.198122	15.881
-0.202382	15.8911
-0.206528	15.9013
-0.210575	15.9115
-0.214522	15.9217
-0.218369	15.932
-0.222116	15.9423
-0.225762	15.9527
-0.229305	15.9631
-0.232745	15.9735
-0.236082	15.984
-0.239315	15.9945
-0.242442	16.005
-0.245464	16.0156
-0.24838	16.0262
-0.251189	16.0369
-0.253889	16.0475
-0.256482	16.0583
-0.258966	16.069
-0.261339	16.0798
-0.263603	16.0906
-0.265756	16.1014
-0.267798	16.1123
-0.269728	16.1231
-0.271545	16.134
-0.27325	16.145
-0.274842	16.1559
-0.276319	16.1669
-0.277683	16.1779
-0.278932	16.1889
-0.280083	16.1999
-0.281137	16.2109
-0.282094	16.2219
-0.282954	16.2329
-0.283716	16.2439
-0.284381	16.2549
-0.284948	16.2659
-0.285418	16.2769
-0.28579	16.288
-0.286063	16.299
-0.286238	16.31
-0.286315	16.321
-0.286293	16.3321
-0.286173	16.3431
-0.285953	16.3542
-0.285634	16.3652
-0.285216	16.3762
-0.284699	16.3873
-0.284082	16.3983
-0.283366	16.4093
-0.28255	16.4204
-0.281634	16.4314
-0.280619	16.4424
-0.279504	16.4534
-0.278289	16.4644
-0.276975	16.4754
-0.275583	16.4864
-0.274112	16.4973
-0.272564	16.5082
-0.270936	16.5191
-0.26923	16.53
-0.267444	16.5408
-0.265578	16.5517
-0.263633	16.5625
-0.261608	16.5733
-0.259503	16.5841
-0.257318	16.5948
-0.255054	16.6056
-0.252709	16.6163
-0.250285	16.627
-0.247782	16.6377
-0.245198	16.6484
-0.242535	16.659
-0.239793	16.6697
-0.236971	16.6803
-0.234071	16.6909
-0.231091	16.7015
-0.228032	16.7121
-0.224895	16.7226
-0.22168	16.7332
-0.218386	16.7437
-0.215014	16.7541
-0.211564	16.7646
-0.208058	16.775
-0.204494	16.7854
-0.200873	16.7958
-0.197192	16.8061
-0.193454	16.8164
-0.189656	16.8267
-0.185799	16.837
-0.181884	16.8472
-0.177909	16.8574
-0.173876	16.8676
-0.169784	16.8778
-0.165633	16.8879
-0.161423	16.898
-0.157155	16.9081
-0.152829	16.9182
-0.148445	16.9282
-0.144003	16.9383
-0.139504	16.9483
-0.134947	16.9582
-0.130333	16.9682
-0.125663	16.9781
-0.120936	16.988
-0.116153	16.9979
-0.111313	17.0077
-0.106418	17.0176
-0.101468	17.0273
-0.0964621	17.0371
-0.0914016	17.0469
-0.0862864	17.0566
-0.0811222	17.0663
-0.0759104	17.076
-0.0706521	17.0856
-0.0653483	17.0953
-0.0599999	17.1049
-0.0546075	17.1146
-0.049172	17.1242
-0.0436938	17.1337
-0.0381735	17.1433
-0.0326115	17.1528
-0.0270084	17.1624
-0.0213644	17.1719
-0.01568	17.1813
-0.00995562	17.1908
-0.00419151	17.2002
0.00161198	17.2096
0.00723187	17.2191
0.0126712	17.2287
0.0179317	17.2383
0.0230145	17.248
0.0279196	17.2578
0.0326469	17.2677
0.0371956	17.2777
0.0415648	17.2877
0.0457534	17.2979
0.0497601	17.3081
0.0535837	17.3184
0.0572228	17.3288
0.0606762	17.3393
0.0639425	17.3498
0.0670429	17.3604
0.0699727	17.3712
0.0727285	17.3821
0.0753073	17.393
0.0777071	17.404
0.0799263	17.4151
0.0819639	17.4263
0.0838191	17.4375
0.0854913	17.4487
0.0869805	17.46
0.0882866	17.4714
0.0894097	17.4828
0.0903503	17.4942
0.0911087	17.5056
0.0916857	17.5171
0.0920819	17.5286
0.0922981	17.5401
0.0923353	17.5516
0.0921944	17.5631
0.0918766	17.5746
0.091383	17.5862
0.0907149	17.5977
0.0898736	17.6093
0.0888604	17.6208
0.0876768	17.6323
0.0863297	17.6439
0.0848209	17.6555
0.0831528	17.6671
0.0813272	17.6787
0.0793465	17.6904
0.0772126	17.702
0.0749277	17.7136
0.0724938	17.7252
0.069913	17.7368
0.0671871	17.7484
0.0643183	17.76
0.0613085	17.7715
0.0581596	17.783
0.0548736	17.7945
0.0514523	17.8059
0.0478977	17.8173
0.0442116	17.8287
0.040396	17.84
0.0364526	17.8513
0.0323833	17.8626
0.0281899	17.8738
0.0238743	17.885
0.0194383	17.8961
0.0148837	17.9072
0.0102123	17.9182
0.00542581	17.9292
0.000514327	17.9402
-0.00451783	17.9512
-0.0093848	17.9621
-0.0140979	17.973
-0.018666	17.9838
-0.023096	17.9947
-0.027393	18.0055
-0.0315612	18.0164
-0.0356037	18.0272
-0.039523	18.0381
-0.0433208	18.049
-0.0469985	18.06
-0.0505572	18.071
-0.0539978	18.082
-0.0573207	18.093
-0.0605265	18.1041
-0.0636155	18.1151
-0.066588	18.1263
-0.0694442	18.1374
-0.0721843	18.1486
-0.0748083	18.1599
-0.0773166	18.1711
-0.0797091	18.1824
-0.0819861	18.1937
-0.0841477	18.205
-0.086194	18.2164
-0.0881162	18.2278
-0.089913	18.2393
-0.0915834	18.2508
-0.0931268	18.2623
-0.0945428	18.2739
-0.095831	18.2855
-0.0969915	18.2971
-0.098024	18.3088
-0.0989288	18.3205
-0.099706	18.3322
-0.100356	18.3439
-0.100878	18.3556
-0.101274	18.3673
-0.101544	18.3791
-0.101687	18.3908
-0.101705	18.4026
-0.101597	18.4144
-0.101365	18.4261
-0.101009	18.4379
-0.10053	18.4497
-0.099927	18.4614
-0.099202	18.4732
-0.0983552	18.485
-0.0973874	18.4967
-0.0962991	18.5085
-0.0950715	18.5202
-0.0937054	18.532
-0.0922018	18.5438
-0.0905616	18.5555
-0.0887856	18.5673
-0.086875	18.579
-0.0848305	18.5907
-0.0826531	18.6025
-0.080344	18.6141
-0.077904	18.6258
-0.0753342	18.6375
-0.0726356	18.6491
-0.0698093	18.6607
-0.0668562	18.6723
-0.0637775	18.6838
-0.0605742	18.6954
-0.0572474	18.7068
-0.0537982	18.7183
-0.0502277	18.7297
-0.0465371	18.7411
-0.0427274	18.7525
-0.0387998	18.7638
-0.0347555	18.7751
-0.0305956	18.7863
-0.0262997	18.7976
-0.0218696	18.8087
-0.0173072	18.8199
-0.0126142	18.8309
-0.00779234	18.842
-0.00284323	18.853
0.00223145	18.8639
0.00717222	18.8749
0.0119776	18.886
0.0166461	18.8971
0.0211766	18.9083
0.0255678	18.9196
0.0298186	18.9309
0.033928	18.9423
0.0378948	18.9538
0.0417183	18.9653
0.0453975	18.9768
0.0489315	18.9884
0.0523197	19.0001
0.0555613	19.0118
0.0586557	19.0235
0.0616021	19.0353
0.0644002	19.0471
0.0670492	19.059
0.0695489	19.0709
0.0718987	19.0828
0.0741058	19.0948
0.0761699	19.1068
0.0780903	19.1188
0.0798667	19.1309
0.0814989	19.143
0.0829864	19.1551
0.0843291	19.1672
0.0855266	19.1794
0.0865789	19.1915
0.0874859	19.2037
0.0882473	19.2159
0.0888632	19.2281
0.0893336	19.2403
0.0896585	19.2526
0.089838	19.2648
0.0898722	19.2771
0.0897612	19.2893
0.0895053	19.3015
0.0891048	19.3138
0.0885598	19.326
0.0878708	19.3383
0.087038	19.3505
0.0860619	19.3628
0.0849428	19.375
0.0836843	19.3872
0.0822867	19.3994
0.0807503	19.4116
0.0790755	19.4237
0.0772629	19.4359
0.075313	19.448
0.0732261	19.4601
0.071003	19.4722
0.0686442	19.4843
0.0661504	19.4963
0.0635221	19.5084
0.0607601	19.5204
0.0578651	19.5323
0.0548379	19.5443
0.0516792	19.5562
0.0483898	19.568
0.0449706	19.5799
0.0414223	19.5917
0.0377459	19.6035
0.0339423	19.6152
0.0300124	19.6269
0.0259571	19.6385
0.0217774	19.6502
0.0174742	19.6617
0.0130529	19.6733
0.00851426	19.6848
0.00385916	19.6962
-0.00091146	19.7076
-0.00545587	19.7189
-0.00978641	19.7302
-0.0139123	19.7415
-0.0178403	19.7527
-0.0215753	19.764
-0.0251207	19.7752
-0.0284789	19.7865
-0.0316514	19.7978
-0.0346391	19.8092
-0.0374422	19.8206
-0.040061	19.832
-0.0424951	19.8435
-0.0447443	19.855
-0.0468081	19.8665
-0.0486859	19.8781
-0.0503773	19.8897
-0.0518817	19.9013
-0.0531986	19.9129
-0.0543277	19.9246
-0.0552684	19.9363
-0.0560206	19.9481
-0.0565793	19.9598
-0.0569443	19.9716
-0.0571159	19.9834
-0.0570943	19.9951
-0.0568798	20.0069
-0.0564728	20.0187
-0.0558738	20.0306
-0.0550833	20.0424
-0.0541022	20.0541
-0.0529311	20.0659
-0.051571	20.0777
-0.0500228	20.0895
-0.0482875	20.1012
-0.0463664	20.113
-0.0442605	20.1247
-0.0419713	20.1363
-0.0395	20.148
-0.0368481	20.1596
-0.0340172	20.1712
-0.0310087	20.1828
-0.0278243	20.1943
-0.0244658	20.2057
-0.0209348	20.2172
-0.0172332	20.2286
-0.0133627	20.2399
-0.00932313	20.2512
-0.00511693	20.2624
-0.000746628	20.2736
0.00378531	20.2848
0.00820895	20.296
0.0125216	20.3073
0.0167208	20.3186
0.0208048	20.3301
0.024772	20.3415
0.028621	20.353
0.0323506	20.3646
0.0359597	20.3762
0.0394476	20.3879
0.0428134	20.3996
0.0460565	20.4113
0.0491762	20.4231
0.052172	20.4349
0.0550435	20.4468
0.0577901	20.4587
0.0604115	20.4706
0.0629073	20.4826
0.0652772	20.4946
0.0675211	20.5066
0.0696385	20.5186
0.0716294	20.5307
0.0735019	20.5428
0.0752556	20.5549
0.0768901	20.5671
0.078405	20.5792
0.0798004	20.5915
0.081076	20.6037
0.0822318	20.6159
0.083268	20.6282
0.0841846	20.6405
0.0849818	20.6527
0.0856596	20.665
0.0862183	20.6774
0.0866582	20.6897
0.0869794	20.702
0.0871823	20.7143
0.0872671	20.7267
0.0872343	20.739
0.0870841	20.7513
0.0868169	20.7637
0.0864331	20.776
0.0859331	20.7884
0.0853174	20.8007
0.0845863	20.813
0.083747	20.8254
0.0827998	20.8377
0.0817453	20.8501
0.080584	20.8624
0.0793164	20.8747
0.0779432	20.8871
0.0764648	20.8994
0.0748817	20.9117
0.0731947	20.924
0.0714041	20.9363
0.0695107	20.9486
0.0675149	20.9608
0.0654174	20.9731
0.0632188	20.9853
0.0609197	20.9975
0.0585207	21.0097
0.0560223	21.0219
0.0534253	21.0341
0.0507303	21.0462
0.0479378	21.0584
0.0450486	21.0705
0.0420633	21.0825
0.0389825	21.0946
0.0358069	21.1066
0.0325386	21.1187
0.0291782	21.1307
0.0257265	21.1426
0.0221841	21.1546
0.0185516	21.1665
0.0148298	21.1784
0.0110192	21.1903
0.00712057	21.2021
0.00313444	21.214
-0.000938503	21.2258
-0.00476367	21.2375
-0.00834997	21.2492
-0.0117039	21.261
-0.0148304	21.2727
-0.0177327	21.2844
-0.0204134	21.2962
-0.0228741	21.3079
-0.0251161	21.3197
-0.0271401	21.3316
-0.0289466	21.3434
-0.0305362	21.3553
-0.0319091	21.3672
-0.0330655	21.3792
-0.0340059	21.3911
-0.0347258	21.4031
-0.0352255	21.4151
-0.035505	21.4271
-0.0355648	21.4392
-0.0354054	21.4512
-0.0350272	21.4632
-0.034431	21.4753
-0.0336176	21.4873
-0.0325879	21.4993
-0.031343	21.5113
-0.029884	21.5233
-0.0282123	21.5353
-0.0263293	21.5473
-0.0242364	21.5592
-0.0219354	21.5711
-0.019428	21.583
-0.016716	21.5949
-0.0138013	21.6067
-0.010686	21.6184
-0.00737219	21.6301
-0.00386205	21.6418
-0.000157837	21.6534
0.00373813	21.665
0.00754806	21.6766
0.0112777	21.6883
0.0149257	21.7
0.018491	21.7117
0.0219726	21.7235
0.0253696	21.7353
0.0286814	21.7471
0.0319071	21.759
0.0350462	21.7708
0.0380981	21.7828
0.0410623	21.7947
0.0439383	21.8067
0.0467256	21.8186
0.0494238	21.8306
0.0520324	21.8427
0.0545511	21.8547
0.0569794	21.8668
0.059317	21.8789
0.0615636	21.891
0.0637187	21.9031
0.0657821	21.9153
0.0677535	21.9274
0.0696324	21.9396
0.0714187	21.9518
0.073112	21.964
0.0747121	21.9763
0.0762238	21.9885
0.0776472	22.0007
0.078982	22.013
0.0802283	22.0252
0.0813856	22.0375
0.0824541	22.0498
0.0834333	22.062
0.0843232	22.0743
0.0851236	22.0866
0.0858343	22.0989
0.0864551	22.1112
0.0869858	22.1235
0.0874264	22.1358
0.0877765	22.1482
0.0880362	22.1605
0.0882051	22.1728
0.0882833	22.1851
0.0882706	22.1975
0.0881669	22.2098
0.087972	22.2221
0.0876859	22.2344
0.0873086	22.2468
0.0868398	22.2591
0.0862831	22.2714
0.0856384	22.2837
0.0849058	22.296
0.0840854	22.3084
0.0831771	22.3207
0.0821811	22.333
0.0810974	22.3453
0.0799261	22.3576
0.0786673	22.3698
0.077321	22.3821
0.0758874	22.3944
0.0743666	22.4066
0.0727587	22.4189
0.0710639	22.4311
0.0692822	22.4433
0.0674139	22.4556
0.0654591	22.4678
0.0634179	22.4799
0.0612905	22.4921
0.0590771	22.5043
0.0567779	22.5164
0.0543931	22.5286
0.0519229	22.5407
0.0493675	22.5528
0.0467272	22.5649
0.0440029	22.577
0.0411949	22.589
0.038304	22.6011
0.0353306	22.6131
0.0322754	22.6251
0.0291387	22.6371
0.0259211	22.6491
0.0226231	22.6611
0.0192451	22.673
0.0157876	22.685
0.012251	22.6969
0.00863588	22.7088
0.00494259	22.7206
0.00117162	22.7325
-0.0026766	22.7443
-0.00625946	22.756
-0.00958621	22.7678
-0.0126637	22.7795
-0.0154969	22.7912
-0.0180895	22.803
-0.020444	22.8147
-0.0225624	22.8265
-0.0244461	22.8383
-0.0261155	22.8501
-0.0275704	22.862
-0.0288109	22.8739
-0.0298373	22.8859
-0.03065	22.8979
-0.0312497	22.9099
-0.0316372	22.922
-0.0318133	22.9341
-0.0317792	22.9461
-0.031536	22.9582
-0.031085	22.9703
-0.0304278	22.9824
-0.0295657	22.9945
-0.0285005	23.0066
-0.0272337	23.0187
-0.0257674	23.0307
-0.0241032	23.0428
-0.0222433	23.0548
-0.0201896	23.0668
-0.0179442	23.0788
-0.0155093	23.0907
-0.0128872	23.1027
-0.01008	23.1146
-0.00709007	23.1264
-0.00393325	23.1382
-0.000612307	23.1501
0.00287002	23.1618
0.00623953	23.1737
0.00949465	23.1856
0.0126342	23.1975
0.0156571	23.2095
0.0185626	23.2215
0.0213501	23.2336
0.0240193	23.2457
0.0265696	23.2579
0.0290008	23.27
0.0313127	23.2822
0.0335053	23.2944
0.0355783	23.3067
0.0375319	23.319
0.0393659	23.3312
0.0410805	23.3436
0.0426758	23.3559
0.0441517	23.3682
0.0455086	23.3806
0.0467465	23.393
0.0478657	23.4054
0.0488663	23.4178
0.0497352	23.4302
0.0504726	23.4427
0.0510785	23.4551
0.0515532	23.4676
0.051897	23.4801
0.0521102	23.4925
0.052193	23.505
0.0521459	23.5175
0.0519692	23.53
0.0516634	23.5425
0.0512289	23.555
0.0506662	23.5675
0.0499757	23.58
0.0491581	23.5925
0.0482138	23.6049
0.0471434	23.6174
0.0459476	23.6299
0.0446268	23.6423
0.0431818	23.6548
0.0416132	23.6672
0.0399217	23.6796
0.0381079	23.692
0.0361725	23.7044
0.0341031	23.7168
0.0319001	23.7291
0.0295644	23.7414
0.0270965	23.7537
0.0244973	23.766
0.0217675	23.7782
0.0189078	23.7904
0.0159192	23.8026
0.0128024	23.8148
0.0095583	23.8269
0.00618781	23.839
0.00269182	23.8511
-0.000928743	23.8631
-0.00436553	23.8751
-0.00762305	23.8871
-0.0107046	23.8991
-0.0136128	23.9111
-0.0163491	23.9231
-0.018915	23.9352
-0.0213113	23.9472
-0.0235384	23.9593
-0.0255969	23.9714
-0.027487	23.9835
-0.0292087	23.9957
-0.0307677	24.0078
-0.0321641	24.02
-0.0333977	24.0322
-0.0344684	24.0444
-0.0353761	24.0566
-0.0361207	24.0688
-0.036702	24.081
-0.0371198	24.0933
-0.0373741	24.1055
-0.0374649	24.1177
-0.037392	24.13
-0.0371557	24.1423
-0.0367558	24.1545
-0.0361927	24.1668
-0.0354664	24.179
-0.0345773	24.1913
-0.0335256	24.2035
-0.0323117	24.2157
-0.030936	24.2279
-0.0293991	24.2401
-0.0277013	24.2523
-0.0258433	24.2645
-0.0238258	24.2766
-0.0216494	24.2887
-0.0193122	24.3008
-0.0168143	24.3128
-0.0141557	24.3248
-0.0113366	24.3368
-0.0083574	24.3487
-0.00521842	24.3606
-0.00192018	24.3724
0.00153673	24.3842
0.00485945	24.396
0.00804697	24.4078
0.0110982	24.4197
0.0140122	24.4317
0.0167879	24.4436
0.0194241	24.4556
0.0219198	24.4677
0.0242741	24.4797
0.0264859	24.4918
0.0285543	24.504
0.0304782	24.5161
0.0322569	24.5283
0.0338893	24.5405
0.0353746	24.5527
0.0367121	24.565
0.0379009	24.5772
0.0389424	24.5895
0.0398361	24.6017
0.0405817	24.614
0.0411786	24.6263
0.0416263	24.6385
0.041924	24.6508
0.0420713	24.6631
0.0420676	24.6754
0.0419122	24.6876
0.0416047	24.6999
0.0411445	24.7122
0.0405312	24.7244
0.0397643	24.7367
0.0388435	24.7489
0.0377684	24.7612
0.0365387	24.7734
0.0351543	24.7856
0.0336149	24.7978
0.0319204	24.81
0.0300707	24.8222
0.0280659	24.8344
0.0259058	24.8465
0.0235907	24.8586
0.0211339	24.8707
0.018535	24.8827
0.0157935	24.8946
0.0129092	24.9066
0.00988181	24.9185
0.00671134	24.9303
0.00339777	24.9422
-5.8778e-05	24.9539
-0.00333167	24.9656
-0.00642747	24.9773
-0.0093508	24.9889
-0.0121048	25.0005
-0.0146915	25.0121
-0.017112	25.0237
-0.0193667	25.0352
-0.0214556	25.0468
-0.0233782	25.0585
-0.0251338	25.0701
-0.0267215	25.0817
-0.0281403	25.0934
-0.0293889	25.1051
-0.0304662	25.1168
-0.031371	25.1285
-0.0321021	25.1402
-0.0326583	25.152
-0.0330188	25.1637
-0.0331839	25.1754
-0.0331533	25.187
-0.0329268	25.1987
-0.0325039	25.2103
-0.0318843	25.2219
-0.0310674	25.2335
-0.0300531	25.2451
-0.0288409	25.2567
-0.0274307	25.2682
-0.0258224	25.2798
-0.024016	25.2913
-0.0220116	25.3028
-0.0198096	25.3142
-0.0174102	25.3256
-0.014814	25.337
-0.0120217	25.3484
-0.00903386	25.3597
-0.00585148	25.371
-0.00247548	25.3822
0.00109302	25.3934
0.00457836	25.4046
0.00797631	25.4159
0.0112834	25.4273
0.0144967	25.4388
0.0176231	25.4503
0.0206614	25.4618
0.0236104	25.4733
0.0264692	25.4849
0.0292367	25.4965
0.0319122	25.5082
0.034495	25.5198
0.0369844	25.5315
0.0393797	25.5432
0.0416805	25.555
0.0438861	25.5667
0.0459959	25.5785
0.0480097	25.5903
0.0499267	25.6022
0.0517467	25.614
0.0534691	25.6259
0.0550935	25.6377
0.0566196	25.6496
0.0580469	25.6615
0.0593751	25.6734
0.0606038	25.6854
0.0617327	25.6973
0.0627614	25.7093
0.0636896	25.7212
0.0645171	25.7332
0.0652523	25.7452
0.065895	25.7572
0.0664453	25.7692
0.066903	25.7812
0.0672681	25.7932
0.0675406	25.8052
0.0677205	25.8173
0.0678078	25.8293
0.0678024	25.8413
0.0677045	25.8534
0.0675141	25.8654
0.0672311	25.8774
0.0668558	25.8895
0.0663881	25.9015
0.0658281	25.9135
0.065176	25.9256
0.0644318	25.9376
0.0635957	25.9496
0.0626677	25.9616
0.0616481	25.9736
0.0605369	25.9856
0.0593343	25.9976
0.0580406	26.0096
0.0566558	26.0216
0.0551783	26.0336
0.0536085	26.0456
0.0519468	26.0575
0.0501936	26.0695
0.0483493	26.0814
0.0464144	26.0934
0.0443891	26.1053
0.0422738	26.1172
0.0400691	26.1291
0.0377753	26.141
0.0353927	26.1529
0.0329218	26.1648
0.0303629	26.1766
0.0277166	26.1884
0.0249832	26.2003
0.0221631	26.212
0.0192568	26.2238
0.0162646	26.2356
0.0131871	26.2473
0.0100246	26.259
0.00677763	26.2707
0.00344661	26.2824
3.20044e-05	26.294
-0.00346573	26.3057
-0.00672366	26.3172
-0.00975196	26.3287
-0.0125583	26.3401
-0.0151484	26.3516
-0.0175265	26.363
-0.0196959	26.3744
-0.0216588	26.3859
-0.023417	26.3973
-0.024972	26.4088
-0.0263248	26.4203
-0.0274763	26.4318
-0.0284272	26.4433
-0.0291784	26.4548
-0.0297304	26.4664
-0.0300842	26.4779
-0.0302403	26.4895
-0.0301997	26.5011
-0.0299633	26.5127
-0.0295321	26.5243
-0.0289071	26.5359
-0.0280895	26.5474
-0.0270805	26.559
-0.0258815	26.5706
-0.0244938	26.5822
-0.022919	26.5937
-0.0211794	26.6053
-0.0192767	26.6169
-0.0172124	26.6284
-0.0149883	26.64
-0.0126059	26.6515
-0.010067	26.663
-0.00737319	26.6745
-0.00452614	26.686
-0.00152755	26.6974
0.00162091	26.7088
0.00466155	26.7203
0.00759164	26.7318
0.010409	26.7434
0.0131118	26.7551
0.0156987	26.7668
0.0181685	26.7785
0.0205201	26.7903
0.0227528	26.8021
0.0248659	26.8139
0.0268588	26.8258
0.0287311	26.8377
0.0304824	26.8496
0.0321123	26.8615
0.0336206	26.8735
0.035007	26.8855
0.0362564	26.8975
0.0373685	26.9095
0.0383433	26.9215
0.0391804	26.9336
0.03988	26.9457
0.0404419	26.9577
0.0408661	26.9698
0.0411525	26.9819
0.0413014	26.994
0.0413127	27.0061
0.0411865	27.0182
0.040923	27.0303
0.0405225	27.0424
0.0399851	27.0545
0.039311	27.0667
0.0385006	27.0788
0.0375542	27.0909
0.0364721	27.1029
0.0352548	27.115
0.0339026	27.1271
0.032416	27.1392
0.0307955	27.1512
0.0290416	27.1632
0.0271549	27.1752
0.0251234	27.1872
0.022948	27.1992
0.0206292	27.2112
0.0181677	27.2231
0.0155644	27.235
0.01282	27.2468
0.00993533	27.2587
0.00691123	27.2705
0.00374862	27.2823
0.000448419	27.294
-0.00298842	27.3057
-0.00628225	27.3174
-0.00943868	27.329
-0.012462	27.3406
-0.0153553	27.3522
-0.0181212	27.3638
-0.0207614	27.3753
-0.0232772	27.3869
-0.0256696	27.3985
-0.0279393	27.4101
-0.0300867	27.4218
-0.0321123	27.4334
-0.0340161	27.4451
-0.0357984	27.4567
-0.0374796	27.4684
-0.0390594	27.4801
-0.0405376	27.4919
-0.0419142	27.5036
-0.043189	27.5153
-0.0443618	27.5271
-0.0454326	27.5389
-0.0464012	27.5507
-0.0472676	27.5625
-0.0480317	27.5743
-0.0486935	27.5861
-0.0492531	27.598
-0.0497103	27.6098
-0.0500651	27.6217
-0.0503178	27.6335
-0.0504681	27.6454
-0.0505163	27.6572
-0.0504624	27.6691
-0.0503064	27.6809
-0.0500486	27.6928
-0.0496889	27.7047
-0.0492276	27.7165
-0.0486648	27.7284
-0.0480006	27.7403
-0.0472352	27.7521
-0.0463787	27.764
-0.045431	27.7758
-0.0443925	27.7877
-0.0432632	27.7995
-0.0420434	27.8113
-0.0407332	27.8231
-0.0393327	27.835
-0.0378423	27.8468
-0.0362621	27.8586
-0.0345924	27.8704
-0.0328333	27.8821
-0.0309852	27.8939
-0.0290482	27.9057
-0.0270226	27.9174
-0.0249087	27.9291
-0.0227067	27.9408
-0.020417	27.9525
-0.0180399	27.9642
-0.0155755	27.9759
-0.0130243	27.9875
-0.0103866	27.9992
-0.00766263	28.0108
-0.00485278	28.0224
-0.00195739	28.0339
0.00102321	28.0455
0.00385414	28.0571
0.00653413	28.0688
0.00906206	28.0805
0.011437	28.0922
0.013658	28.104
0.0157245	28.1158
0.0176357	28.1277
0.0193911	28.1396
0.0209903	28.1515
0.0224329	28.1634
0.0237185	28.1754
0.0248468	28.1874
0.0258177	28.1994
0.0266311	28.2114
0.0272868	28.2235
0.0277849	28.2356
0.0281253	28.2476
0.0283083	28.2597
0.0283339	28.2718
0.0282023	28.2839
0.0279138	28.296
0.0274687	28.3081
0.0268674	28.3202
0.0261103	28.3323
0.0252006	28.3444
0.0241389	28.3564
0.0229258	28.3685
0.0215619	28.3806
0.0200479	28.3927
0.0183845	28.4047
0.0165726	28.4167
0.0146128	28.4287
0.0125061	28.4407
0.0102534	28.4527
0.00785541	28.4647
0.00531322	28.4766
0.00262778	28.4885
-0.000199926	28.5004
-0.00291855	28.5122
-0.00553203	28.524
-0.00804336	28.5357
-0.0104548	28.5474
-0.0127681	28.5592
-0.0149846	28.5709
-0.0171051	28.5826
-0.0191304	28.5943
-0.0210609	28.606
-0.0228971	28.6177
-0.0246307	28.6295
-0.026262	28.6412
-0.027791	28.653
-0.0292177	28.6647
-0.0305422	28.6765
-0.0317643	28.6883
-0.0328842	28.7001
-0.0339016	28.7119
-0.0348165	28.7237
-0.0356289	28.7355
-0.0363388	28.7474
-0.036946	28.7592
-0.0374506	28.7711
-0.0378525	28.7829
-0.0381517	28.7948
-0.0383482	28.8066
-0.0384421	28.8185
-0.0384334	28.8304
-0.038322	28.8422
-0.0381081	28.8541
-0.0377918	28.866
-0.0373731	28.8779
-0.0368521	28.8897
-0.036229	28.9016

-0.0355039	-28.89
-0.034508	-28.8781
-0.0332427	-28.8661
-0.0317099	-28.854
-0.0299119	-28.8419
-0.0278515	-28.8299
-0.0255318	-28.8178
-0.0229558	-28.8057
-0.0201271	-28.7937
-0.0170491	-28.7817
-0.0137254	-28.7698
-0.0101598	-28.7579
-0.006356	-28.746
-0.00231784	-28.7342
0.00195076	-28.7225
0.0061323	-28.7107
0.0102261	-28.6989
0.0142316	-28.6871
0.0181481	-28.6752
0.0219752	-28.6633
0.0257124	-28.6514
0.0293592	-28.6394
0.0329152	-28.6274
0.0363799	-28.6154
0.039753	-28.6034
0.0430372	-28.5913
0.0462324	-28.5792
0.0493382	-28.5671
0.0523543	-28.555
0.0552806	-28.5428
0.0581167	-28.5306
0.0608623	-28.5184
0.0635171	-28.5062
0.0660808	-28.4939
0.0685532	-28.4817
0.070934	-28.4694
0.0732229	-28.4571
0.0754197	-28.4447
0.077524	-28.4324
0.0795358	-28.4201
0.0814546	-28.4077
0.0832804	-28.3953
0.0850129	-28.3829
0.0866518	-28.3705
0.0881971	-28.358
0.0896484	-28.3456
0.0910057	-28.3331
0.0922688	-28.3207
0.0934319	-28.3082
0.094495	-28.2957
0.0954579	-28.2832
0.0963206	-28.2707
0.0970829	-28.2582
0.0977447	-28.2456
0.0983061	-28.2331
0.0987669	-28.2206
0.0991271	-28.208
0.0993867	-28.1955
0.0995456	-28.1829
0.099604	-28.1704
0.0995617	-28.1578
0.0994188	-28.1453
0.0991754	-28.1327
0.0988314	-28.1202
0.0983871	-28.1076
0.0978424	-28.0951
0.0971974	-28.0825
0.0964522	-28.07
0.095607	-28.0575
0.0946618	-28.0449
0.0936169	-28.0324
0.0924655	-28.0199
0.091208	-28.0074
0.0898445	-27.9949
0.0883756	-27.9824
0.0868013	-27.9699
0.0851222	-27.9574
0.0833386	-27.9449
0.0814507	-27.9325
0.079459	-27.92
0.0773639	-27.9076
0.0751656	-27.8952
0.0728648	-27.8828
0.0704616	-27.8705
0.0679567	-27.8581
0.0653503	-27.8458
0.062643	-27.8335
0.0598351	-27.8212
0.0569272	-27.8089
0.0539198	-27.7966
0.0508132	-27.7844
0.0476081	-27.7722
0.0443048	-27.76
0.040904	-27.7479
0.0374061	-27.7357
0.0338056	-27.7236
0.0301036	-27.7116
0.0263009	-27.6995
0.0223983	-27.6875
0.0183965	-27.6755
0.0142965	-27.6635
0.010099	-27.6516
0.00580483	-27.6397
0.00141467	-27.6278
-0.00307068	-27.616
-0.00731489	-27.6041
-0.0113237	-27.5923
-0.0151012	-27.5804
-0.0186504	-27.5685
-0.0219732	-27.5565
-0.0250709	-27.5445
-0.0279444	-27.5325
-0.0305942	-27.5204
-0.0330206	-27.5083
-0.0352238	-27.4961
-0.0372039	-27.4839
-0.0389609	-27.4717
-0.040495	-27.4594
-0.0418063	-27.4471
-0.0429082	-27.4348
-0.0438006	-27.4224
-0.0444839	-27.4101
-0.0449583	-27.3977
-0.0452243	-27.3852
-0.0452825	-27.3728
-0.0451338	-27.3604
-0.0447789	-27.3479
-0.0442189	-27.3355
-0.0434547	-27.323
-0.0424876	-27.3106
-0.0413188	-27.2982
-0.0399497	-27.2858
-0.0383816	-27.2734
-0.0366163	-27.261
-0.0346551	-27.2487
-0.0324999	-27.2363
-0.0301524	-27.224
-0.0276143	-27.2118
-0.0248877	-27.1995
-0.0219743	-27.1873
-0.0188762	-27.1752
-0.0155956	-27.1631
-0.0121367	-27.151
-0.00850186	-27.139
-0.00469309	-27.127
-0.000712584	-27.115
0.0034375	-27.1032
0.00746058	-27.0912
0.0113571	-27.0793
0.0151272	-27.0673
0.018771	-27.0553
0.0222884	-27.0432
0.0256794	-27.0311
0.0289436	-27.019
0.0320811	-27.0069
0.0350913	-26.9947
0.0379743	-26.9825
0.0407296	-26.9702
0.043357	-26.9579
0.0458564	-26.9456
0.0482274	-26.9333
0.0504699	-26.9209
0.0525837	-26.9085
0.0545686	-26.8961
0.0564245	-26.8837
0.0581513	-26.8712
0.0597454	-26.8588
0.0612068	-26.8463
0.0625353	-26.8338
0.0637309	-26.8212
0.0647935	-26.8087
0.0657231	-26.7962
0.0665198	-26.7836
0.0671834	-26.771
0.0677142	-26.7585
0.0681122	-26.7459
0.0683774	-26.7333
0.06851	-26.7207
0.0685102	-26.7081
0.0683782	-26.6955
0.0681141	-26.6829
0.0677183	-26.6703
0.067191	-26.6577
0.0665324	-26.6451
0.065743	-26.6325
0.0648231	-26.6199
0.0637731	-26.6073
0.0625933	-26.5948
0.0612842	-26.5822
0.0598418	-26.5697
0.0582664	-26.5571
0.0565584	-26.5446
0.0547182	-26.5321
0.0527463	-26.5197
0.0506432	-26.5072
0.0484094	-26.4948
0.0460454	-26.4824
0.0435519	-26.47
0.0409293	-26.4576
0.0381784	-26.4453
0.0352997	-26.433
0.032294	-26.4207
0.029162	-26.4084
0.0259043	-26.3962
0.0225218	-26.384
0.0190151	-26.3719
0.015385	-26.3597
0.0116325	-26.3477
0.0077582	-26.3356
0.00376303	-26.3236
-0.000352156	-26.3116
-0.00425687	-26.2996
-0.00795956	-26.2876
-0.0114632	-26.2756
-0.0147699	-26.2636
-0.0178809	-26.2516
-0.020797	-26.2395
-0.0235184	-26.2274
-0.0260453	-26.2153
-0.0283774	-26.2031
-0.0305145	-26.1909
-0.0324562	-26.1786
-0.0342022	-26.1664
-0.035752	-26.1541
-0.0371053	-26.1418
-0.0382618	-26.1294
-0.0392211	-26.1171
-0.0399832	-26.1047
-0.0405479	-26.0923
-0.0409151	-26.0799
-0.0410849	-26.0674
-0.0410575	-26.055
-0.0408331	-26.0426
-0.040412	-26.0301
-0.0397947	-26.0177
-0.0389817	-26.0053
-0.0379775	-25.9929
-0.0367827	-25.9805
-0.0353979	-25.9681
-0.033824	-25.9557
-0.0320616	-25.9434
-0.0301116	-25.9311
-0.027975	-25.9188
-0.0256529	-25.9065
-0.0231462	-25.8943
-0.0204563	-25.8821
-0.0175844	-25.8699
-0.0145318	-25.8578
-0.0112998	-25.8457
-0.00789	-25.8336
-0.00430384	-25.8216
-0.00054291	-25.8097
0.00339117	-25.7978
0.00719385	-25.7859
0.0108653	-25.7739
0.0144054	-25.7619
0.0178141	-25.7499
0.0210908	-25.7378
0.0242353	-25.7257
0.0272468	-25.7136
0.0301236	-25.7015
0.0328652	-25.6893
0.0354711	-25.6771
0.0379407	-25.6649
0.0402737	-25.6526
0.0424693	-25.6403
0.0445271	-25.628
0.0464464	-25.6157
0.0482268	-25.6033
0.0498677	-25.5909
0.0513686	-25.5785
0.0527291	-25.5661
0.0539488	-25.5536
0.0550271	-25.5412
0.0559637	-25.5287
0.0567584	-25.5162
0.0574107	-25.5038
0.0579203	-25.4912
0.0582872	-25.4787
0.058511	-25.4662
0.0585916	-25.4537
0.0585289	-25.4412
0.0583227	-25.4286
0.0579714	-25.4161
0.057475	-25.4036
0.0568333	-25.3911
0.0560464	-25.3786
0.0551144	-25.3661
0.0540373	-25.3536
0.0528152	-25.3412
0.0514483	-25.3287
0.0499367	-25.3162
0.0482807	-25.3038
0.0464806	-25.2914
0.0445366	-25.279
0.0424491	-25.2666
0.0402185	-25.2543
0.0378452	-25.242
0.0353296	-25.2297
0.0326723	-25.2174
0.0298737	-25.2051
0.0269345	-25.1929
0.0238552	-25.1807
0.0206364	-25.1686
0.0172789	-25.1565
0.0137833	-25.1444
0.0101459	-25.1323
0.00636695	-25.1204
0.00244695	-25.1084
-0.00161361	-25.0965
-0.00548551	-25.0846
-0.00917336	-25.0728
-0.0126804	-25.0609
-0.0160087	-25.049
-0.0191596	-25.0371
-0.0221338	-25.0252
-0.0249316	-25.0132
-0.0275528	-25.0013
-0.0299971	-24.9892
-0.0322639	-24.9772
-0.0343526	-24.9651
-0.0362625	-24.953
-0.0379928	-24.9409
-0.0395427	-24.9288
-0.0409115	-24.9166
-0.0420985	-24.9044
-0.043103	-24.8922
-0.0439244	-24.8799
-0.0445621	-24.8677
-0.0450156	-24.8554
-0.0452903	-24.8432
-0.0453858	-24.8309
-0.0453019	-24.8187
-0.0450383	-24.8064
-0.0445948	-24.7942
-0.0439712	-24.7819
-0.0431673	-24.7697
-0.0421829	-24.7575
-0.0410181	-24.7453
-0.0396729	-24.7331
-0.0381475	-24.721
-0.0364419	-24.7088
-0.0345565	-24.6967
-0.0324916	-24.6846
-0.0302478	-24.6725
-0.0278253	-24.6605
-0.025225	-24.6484
-0.0224474	-24.6365
-0.0194933	-24.6245
-0.0163634	-24.6126
-0.0130587	-24.6007
-0.00958022	-24.5889
-0.00592886	-24.5771
-0.00210577	-24.5654
0.00187695	-24.5537
0.0057244	-24.5421
0.00943719	-24.5304
0.0130155	-24.5187
0.0164589	-24.5069
0.0197671	-24.4951
0.0229391	-24.4833
0.0259741	-24.4715
0.0288709	-24.4596
0.0316284	-24.4477
0.0342454	-24.4358
0.0367205	-24.4238
0.0390524	-24.4118
0.0412398	-24.3998
0.0432815	-24.3878
0.045176	-24.3757
0.046922	-24.3636
0.0485183	-24.3515
0.0499637	-24.3393
0.0512568	-24.3272
0.0523965	-24.315
0.0533816	-24.3028
0.054211	-24.2905
0.0548837	-24.2783
0.0553986	-24.2661
0.0557507	-24.2538
0.0559395	-24.2416
0.0559642	-24.2294
0.055824	-24.2172
0.0555181	-24.205
0.0550457	-24.1929
0.054406	-24.1807
0.0535982	-24.1686
0.0526216	-24.1564
0.0514754	-24.1443
0.0501592	-24.1322
0.0486723	-24.1201
0.0470142	-24.108
0.0451846	-24.0959
0.043183	-24.0839
0.0410093	-24.0719
0.0386633	-24.0599
0.0361448	-24.048
0.0334537	-24.036
0.0305903	-24.0241
0.0275546	-24.0123
0.0243467	-24.0005
0.020967	-23.9887
0.0174159	-23.977
0.0137049	-23.9653
0.00983267	-23.9538
0.00579844	-23.9423
0.00160161	-23.9309
-0.00275813	-23.9195
-0.00696575	-23.9082
-0.0110311	-23.897
-0.0149614	-23.8859
-0.0187622	-23.8748
-0.0224373	-23.8637
-0.0259895	-23.8526
-0.0294204	-23.8415
-0.0327312	-23.8303
-0.0359222	-23.8192
-0.0389935	-23.8081
-0.0419447	-23.7969
-0.0447751	-23.7857
-0.0474839	-23.7745
-0.0500701	-23.7633
-0.0525326	-23.752
-0.0548702	-23.7407
-0.0570816	-23.7294
-0.0591654	-23.7181
-0.0611202	-23.7067
-0.0629448	-23.6953
-0.0646279	-23.684
-0.0661712	-23.6727
-0.0675756	-23.6614
-0.0688417	-23.6502
-0.0699693	-23.6389
-0.0709582	-23.6277
-0.0718079	-23.6164
-0.0725177	-23.6052
-0.0730868	-23.5939
-0.0735144	-23.5827
-0.0737994	-23.5714
-0.0739411	-23.5602
-0.0739384	-23.5489
-0.0737903	-23.5376
-0.0734961	-23.5264
-0.0730548	-23.5151
-0.0724656	-23.5039
-0.0717276	-23.4926
-0.0708401	-23.4814
-0.0698024	-23.4701
-0.0686139	-23.4589
-0.0672739	-23.4476
-0.0657818	-23.4364
-0.0641373	-23.4252
-0.0623398	-23.4141
-0.060389	-23.4029
-0.0582926	-23.3918
-0.0560492	-23.3808
-0.0536579	-23.3699
-0.0511176	-23.359
-0.0484278	-23.3481
-0.045588	-23.3373
-0.0425979	-23.3266
-0.0394573	-23.3159
-0.0361664	-23.3053
-0.0327254	-23.2947
-0.0291345	-23.2841
-0.0253943	-23.2736
-0.0215052	-23.2632
-0.017468	-23.2528
-0.0132835	-23.2424
-0.00895248	-23.2321
-0.00447587	-23.2219
0.000145306	-23.2117
0.00469025	-23.2014
0.00915318	-23.1911
0.0135293	-23.1806
0.0178147	-23.1701
0.0220059	-23.1595
0.0261002	-23.1489
0.0300951	-23.1382
0.0339883	-23.1275
0.0377781	-23.1167
0.0414724	-23.1058
0.0450696	-23.0949
0.0485681	-23.084
0.0519669	-23.073
0.0552649	-23.0619
0.0584612	-23.0509
0.0615552	-23.0397
0.0645461	-23.0286
0.0674333	-23.0174
0.0702164	-23.0062
0.072895	-22.995
0.0754685	-22.9837
0.0779367	-22.9724
0.0802993	-22.9611
0.0825558	-22.9497
0.0847061	-22.9383
0.08675	-22.9269
0.0886872	-22.9155
0.0905175	-22.9041
0.0922407	-22.8926
0.0938568	-22.8811
0.0953656	-22.8696
0.096767	-22.8581
0.0980609	-22.8465
0.0992473	-22.835
0.100326	-22.8234
0.101315	-22.8118
0.102214	-22.8002
0.103023	-22.7885
0.10374	-22.7768
0.104367	-22.765
0.104903	-22.7533
0.105349	-22.7415
0.105704	-22.7298
0.105969	-22.718
0.106144	-22.7062
0.106229	-22.6944
0.106225	-22.6826
0.106132	-22.6708
0.105951	-22.659
0.105681	-22.6472
0.105324	-22.6354
0.104879	-22.6236
0.104347	-22.6117
0.103728	-22.5999
0.103023	-22.5881
0.102233	-22.5763
0.101357	-22.5645
0.100396	-22.5527
0.0993509	-22.5409
0.0982284	-22.5291
0.0970296	-22.5173
0.0957552	-22.5054
0.0944062	-22.4935
0.0929832	-22.4816
0.091487	-22.4698
0.0899183	-22.4579
0.0882776	-22.446
0.0865657	-22.4341
0.0847831	-22.4222
0.0829304	-22.4104
0.0810082	-22.3985
0.079017	-22.3866
0.0769573	-22.3748
0.0748296	-22.3629
0.0726346	-22.3511
0.0703726	-22.3393
0.0680441	-22.3275
0.0656498	-22.3157
0.06319	-22.3039
0.0606652	-22.2921
0.058076	-22.2804
0.0554227	-22.2686
0.052706	-22.2569
0.0499262	-22.2452
0.0470778	-22.2334
0.0441626	-22.2217
0.0411819	-22.2099
0.038137	-22.1982
0.035029	-22.1865
0.0318589	-22.1747
0.0286275	-22.163
0.0253357	-22.1513
0.0219841	-22.1396
0.0185735	-22.1279
0.0151046	-22.1162
0.0115778	-22.1045
0.00799376	-22.0929
0.00435303	-22.0812
0.000656125	-22.0696
-0.00309647	-22.058
-0.00654777	-22.0465
-0.00971431	-22.0351
-0.0126086	-22.0238
-0.0152399	-22.0125
-0.0176153	-22.0012
-0.0197401	-21.99
-0.0216183	-21.9787
-0.0232531	-21.9674
-0.0246468	-21.9561
-0.025805	-21.9447
-0.0267274	-21.9333
-0.0274143	-21.9219
-0.027866	-21.9104
-0.0280835	-21.8988
-0.0280679	-21.8873
-0.0278205	-21.8757
-0.027343	-21.8641
-0.026637	-21.8525
-0.0257045	-21.8409
-0.0245477	-21.8292
-0.0231687	-21.8176
-0.02157	-21.8061
-0.019754	-21.7945
-0.0177233	-21.7829
-0.0154806	-21.7714
-0.0130287	-21.7599
-0.0103705	-21.7484
-0.00750887	-21.737
-0.00444681	-21.7256
-0.00118737	-21.7142
0.00226633	-21.7029
0.0056487	-21.6915
0.00895522	-21.68
0.0121824	-21.6685
0.0153234	-21.6569
0.0183752	-21.6451
0.0213355	-21.6334
0.0242024	-21.6216
0.0269745	-21.6097
0.0296508	-21.5978
0.0322304	-21.5859
0.0347127	-21.5739
0.0370972	-21.5619
0.0393835	-21.5499
0.0415715	-21.5379
0.0436609	-21.5258
0.0456516	-21.5137
0.0475437	-21.5016
0.0493371	-21.4894
0.0510319	-21.4773
0.0526281	-21.4651
0.0541259	-21.4529
0.0555254	-21.4407
0.0568267	-21.4285
0.05803	-21.4163
0.0591354	-21.404
0.0601433	-21.3918
0.0610538	-21.3795
0.0618555	-21.3673
0.0625485	-21.355
0.0631329	-21.3426
0.0636088	-21.3303
0.0639764	-21.318
0.0642359	-21.3057
0.0643875	-21.2933
0.0644315	-21.281
0.0643683	-21.2686
0.0641981	-21.2563
0.0639213	-21.2439
0.0635383	-21.2316
0.0630493	-21.2192
0.0624548	-21.2069
0.0617552	-21.1945
0.0609509	-21.1822
0.0600423	-21.1698
0.0590298	-21.1575
0.057914	-21.1452
0.0566952	-21.1328
0.055374	-21.1205
0.0539508	-21.1082
0.0524261	-21.0959
0.0507851	-21.0837
0.0490285	-21.0714
0.0471569	-21.0591
0.0451709	-21.0469
0.0430712	-21.0346
0.0408584	-21.0224
0.0385333	-21.0102
0.0360965	-20.998
0.0335486	-20.9859
0.0308905	-20.9737
0.0281227	-20.9616
0.0252459	-20.9495
0.022261	-20.9374
0.0191686	-20.9254
0.0159695	-20.9133
0.0126643	-20.9013
0.00925391	-20.8894
0.00573902	-20.8774
0.0021204	-20.8655
-0.00160116	-20.8536
-0.00509611	-20.8418
-0.00837182	-20.83
-0.0114338	-20.8181
-0.0142863	-20.8063
-0.0169562	-20.7945
-0.0194449	-20.7826
-0.0217532	-20.7708
-0.0238818	-20.7588
-0.025831	-20.7469
-0.0276012	-20.735
-0.0291926	-20.723
-0.0306056	-20.711
-0.0318403	-20.6989
-0.0328969	-20.6869
-0.0337757	-20.6748
-0.0344771	-20.6628
-0.0350014	-20.6507
-0.0353489	-20.6386
-0.0355202	-20.6264
-0.0355158	-20.6143
-0.0353364	-20.6022
-0.0349824	-20.59
-0.0344548	-20.5779
-0.0337542	-20.5658
-0.0328815	-20.5537
-0.0318376	-20.5415
-0.0306235	-20.5294
-0.0292401	-20.5173
-0.0277025	-20.5053
-0.0260115	-20.4932
-0.0241682	-20.4811
-0.0221734	-20.4691
-0.0200284	-20.457
-0.0177341	-20.445
-0.0152916	-20.433
-0.0127021	-20.4211
-0.00996671	-20.4091
-0.00708663	-20.3972
-0.00406305	-20.3853
-0.000897191	-20.3735
0.0024097	-20.3617
0.00557677	-20.3498
0.00860307	-20.3379
0.0114877	-20.326
0.01423	-20.314
0.0168292	-20.3019
0.0192847	-20.2899
0.0215959	-20.2778
0.0237624	-20.2657
0.0257837	-20.2535
0.0276595	-20.2413
0.0293894	-20.2291
0.0309652	-20.2169
0.0323865	-20.2046
0.0336532	-20.1923
0.0347651	-20.18
0.0357221	-20.1676
0.0365242	-20.1553
0.0371715	-20.1429
0.0376641	-20.1305
0.0380022	-20.1181
0.038186	-20.1057
0.0382158	-20.0933
0.0380919	-20.0809
0.0378147	-20.0685
0.0373846	-20.0561
0.0368021	-20.0437
0.0360678	-20.0313
0.0351821	-20.0189
0.0341456	-20.0065
0.0329591	-19.9941
0.0316232	-19.9817
0.0301385	-19.9694
0.0285059	-19.957
0.0267262	-19.9447
0.0248001	-19.9324
0.0227265	-19.9201
0.0205068	-19.9078
0.0181422	-19.8955
0.015634	-19.8833
0.0129836	-19.871
0.0101921	-19.8588
0.00726104	-19.8467
0.00419158	-19.8345
0.000985094	-19.8224
-0.00235711	-19.8103
-0.00553555	-19.7982
-0.00855464	-19.7862
-0.0114177	-19.7742
-0.0141272	-19.7621
-0.0166851	-19.7501
-0.0190927	-19.738
-0.0213511	-19.726
-0.0234612	-19.7139
-0.0254234	-19.7018
-0.0272382	-19.6897
-0.0289061	-19.6776
-0.0304273	-19.6654
-0.0318021	-19.6533
-0.0330307	-19.6411
-0.0341106	-19.6289
-0.0350417	-19.6167
-0.0358242	-19.6044
-0.0364582	-19.5921
-0.036944	-19.5798
-0.037282	-19.5675
-0.0374725	-19.5552
-0.0375161	-19.5429
-0.0374133	-19.5306
-0.0371647	-19.5183
-0.0367709	-19.5059
-0.0362326	-19.4936
-0.0355505	-19.4813
-0.0347253	-19.4689
-0.0337578	-19.4566
-0.0326488	-19.4443
-0.0313992	-19.432
-0.0300097	-19.4197
-0.0284814	-19.4074
-0.0268152	-19.3952
-0.0250119	-19.3829
-0.0230725	-19.3707
-0.0209981	-19.3585
-0.0187795	-19.3463
-0.0164181	-19.3341
-0.0139154	-19.3219
-0.0112729	-19.3098
-0.00849195	-19.2976
-0.0055741	-19.2855
-0.00252072	-19.2734
0.000666753	-19.2614
0.0036953	-19.2493
0.00656453	-19.2371
0.00927413	-19.2249
0.0118239	-19.2127
0.0142137	-19.2004
0.0164435	-19.1881
0.0185133	-19.1757
0.0204231	-19.1634
0.0221732	-19.151
0.0237638	-19.1385
0.025195	-19.1261
0.0264673	-19.1136
0.0275809	-19.1011
0.0285364	-19.0886
0.0293342	-19.0761
0.0299748	-19.0635
0.0304604	-19.051
0.0307913	-19.0384
0.0309681	-19.0259
0.0309912	-19.0133
0.0308612	-19.0007
0.0305788	-18.9881
0.0301446	-18.9755
0.0295594	-18.9629
0.0288239	-18.9503
0.0279389	-18.9378
0.0269052	-18.9252
0.0257237	-18.9126
0.0243952	-18.9001
0.0229208	-18.8875
0.0213014	-18.875
0.0195378	-18.8625
0.0176313	-18.85
0.0155828	-18.8376
0.0133933	-18.8251
0.011064	-18.8127
0.00859595	-18.8003
0.00599031	-18.7879
0.00324823	-18.7755
0.000368216	-18.7632
-0.00264881	-18.7509
-0.00547487	-18.7387
-0.00811323	-18.7264
-0.0105663	-18.7141
-0.0128357	-18.7019
-0.0149228	-18.6896
-0.0168284	-18.6773
-0.018553	-18.665
-0.0200972	-18.6527
-0.0214611	-18.6404
-0.0226451	-18.628
-0.0236494	-18.6156
-0.024474	-18.6033
-0.0251193	-18.5909
-0.0255855	-18.5785
-0.0258728	-18.5661
-0.0259815	-18.5536
-0.0259121	-18.5412
-0.025665	-18.5288
-0.0252406	-18.5164
-0.0246395	-18.504
-0.0238623	-18.4916
-0.0228962	-18.4792
-0.0217415	-18.4668
-0.0203988	-18.4544
-0.0188689	-18.4421
-0.0171524	-18.4298
-0.01525	-18.4175
-0.0131627	-18.4052
-0.0108915	-18.393
-0.00843722	-18.3808
-0.00580111	-18.3686
-0.00298431	-18.3565
1.19474e-05	-18.3444
0.00286495	-18.3322
0.00557398	-18.3201
0.00813834	-18.3079
0.0105574	-18.2956
0.0128304	-18.2833
0.014957	-18.271
0.0169364	-18.2587
0.0187681	-18.2464
0.0204518	-18.234
0.0219869	-18.2216
0.0233731	-18.2091
0.0246101	-18.1967
0.0257007	-18.1842
0.0266447	-18.1718
0.0274419	-18.1593
0.0280919	-18.1469
0.0285945	-18.1344
0.0289492	-18.1219
0.0291559	-18.1094
0.0292143	-18.0969
0.029124	-18.0845
0.0288849	-18.072
0.0284968	-18.0595
0.0279596	-18.047
0.027273	-18.0345
0.0264372	-18.0221
0.0254519	-18.0096
0.0243174	-17.9971
0.0230336	-17.9847
0.0216006	-17.9723
0.0200185	-17.9598
0.0182877	-17.9474
0.0164082	-17.9351
0.0143805	-17.9227
0.0122047	-17.9104
0.00988069	-17.8981
0.00740815	-17.8858
0.00478693	-17.8736
0.00201697	-17.8614
-0.000901731	-17.8492
-0.003601	-17.8371
-0.00608422	-17.825
-0.0083535	-17.8129
-0.01041	-17.8009
-0.0122543	-17.7888
-0.0138862	-17.7767
-0.0153055	-17.7646
-0.0165116	-17.7525
-0.0175036	-17.7403
-0.0182809	-17.7282
-0.0188425	-17.716
-0.0191877	-17.7039
-0.0193157	-17.6917
-0.0192259	-17.6795
-0.0189177	-17.6673
-0.0183906	-17.6552
-0.0176443	-17.643
-0.0166787	-17.6308
-0.0154935	-17.6187
-0.0140817	-17.6066
-0.0124429	-17.5945
-0.0105771	-17.5825
-0.00848447	-17.5705
-0.00616521	-17.5586
-0.00361973	-17.5467
-0.000848642	-17.5349
0.00214729	-17.5231
0.00502396	-17.5112
0.00777932	-17.4994
0.0104115	-17.4875
0.0129187	-17.4755
0.0152993	-17.4635
0.0175518	-17.4515
0.0196746	-17.4395
0.0216664	-17.4274
0.0235258	-17.4153
0.0252513	-17.4032
0.0268418	-17.391
0.028296	-17.3789
0.0296128	-17.3667
0.0307908	-17.3545
0.0318291	-17.3423
0.0327264	-17.33
0.0334803	-17.3178
0.0340903	-17.3056
0.0345557	-17.2934
0.0348757	-17.2812
0.0350495	-17.269
0.0350763	-17.2568
0.0349551	-17.2446
0.0346851	-17.2324
0.0342655	-17.2202
0.0336954	-17.2081
0.0329739	-17.1959
0.0321004	-17.1837
0.0310741	-17.1716
0.0298943	-17.1594
0.0285605	-17.1473
0.0270719	-17.1352
0.0254281	-17.1231
0.0236286	-17.111
0.021673	-17.0989
0.019561	-17.0869
0.0172921	-17.0749
0.0148663	-17.0629
0.0122832	-17.0509
0.00954969	-17.039
0.00666463	-17.0272
0.00362708	-17.0154
0.000436263	-17.0036
-0.0029084	-16.992
-0.00601695	-16.9804
-0.0088986	-16.9689
-0.0115598	-16.9574
-0.0140049	-16.946
-0.0162365	-16.9346
-0.0182562	-16.9232
-0.0200644	-16.9118
-0.0216611	-16.9004
-0.0230457	-16.889
-0.0242173	-16.8776
-0.0251747	-16.8662
-0.0259167	-16.8547
-0.026442	-16.8433
-0.0267494	-16.8318
-0.0268376	-16.8203
-0.0267054	-16.8088
-0.0263519	-16.7973
-0.025776	-16.7858
-0.0249771	-16.7743
-0.0239544	-16.7628
-0.02273	-16.7514
-0.0213033	-16.74
-0.0196737	-16.7287
-0.0178409	-16.7175
-0.0158044	-16.7063
-0.0135641	-16.6952
-0.0111198	-16.6841
-0.0084718	-16.673
-0.00562031	-16.662
-0.00256585	-16.6511
0.000690912	-16.6402
0.00385174	-16.6292
0.00691153	-16.6181
0.00986601	-16.6069
0.0127115	-16.5957
0.0154449	-16.5845
0.0180634	-16.5732
0.0205646	-16.5618
0.0229462	-16.5504
0.0252062	-16.539
0.0273428	-16.5275
0.0293541	-16.516
0.0312386	-16.5045
0.0329947	-16.493
0.0346209	-16.4814
0.0361157	-16.4698
0.0374767	-16.4582
0.0387047	-16.4466
0.0397998	-16.4351
0.0407621	-16.4236
0.0415911	-16.412
0.0422864	-16.4005
0.0428475	-16.389
0.0432737	-16.3775
0.0435642	-16.3659
0.0437184	-16.3544
0.0437354	-16.3429
0.0436146	-16.3313
0.0433552	-16.3198
0.0429565	-16.3083
0.0424177	-16.2968
0.0417384	-16.2852
0.0409177	-16.2737
0.0399552	-16.2622
0.0388504	-16.2507
0.0376026	-16.2392
0.0362115	-16.2277
0.0346767	-16.2163
0.0329978	-16.2048
0.0311744	-16.1934
0.0292065	-16.182
0.0271156	-16.1706
0.0249003	-16.1593
0.0225592	-16.1481
0.0200912	-16.137
0.0174953	-16.1258
0.0147707	-16.1148
0.0119168	-16.1037
0.00893305	-16.0927
0.0058192	-16.0818
0.00257498	-16.0709
-0.000799727	-16.06
-0.00395373	-16.0493
-0.00690382	-16.0388
-0.00966256	-16.0284
-0.0122392	-16.0181
-0.0146405	-16.0078
-0.0168712	-15.9976
-0.0189344	-15.9874
-0.0208322	-15.9772
-0.0225659	-15.9671
-0.0241358	-15.9569
-0.0255421	-15.9467
-0.0267843	-15.9365
-0.0278619	-15.9263
-0.028774	-15.9161
-0.0295198	-15.9058
-0.0300984	-15.8956
-0.0305125	-15.8854
-0.0307636	-15.8753
-0.0308524	-15.8652
-0.0307792	-15.8552
-0.0305439	-15.8452
-0.0301463	-15.8353
-0.029586	-15.8253
-0.0288624	-15.8154
-0.0279751	-15.8055
-0.0269237	-15.7956
-0.0257077	-15.7857
-0.0243267	-15.7759
-0.0227806	-15.766
-0.0210691	-15.7562
-0.0191921	-15.7464
-0.0171498	-15.7366
-0.0149421	-15.7269
-0.0125695	-15.7171
-0.0100321	-15.7074
-0.00733047	-15.6977
-0.00446511	-15.6881
-0.00143665	-15.6785
0.00175416	-15.6689
0.004897	-15.6592
0.00798216	-15.6494
0.0110018	-15.6394
0.0139497	-15.6294
0.0168207	-15.6192
0.0196104	-15.609
0.0223155	-15.5988
0.0249159	-15.5886
0.027415	-15.5784
0.0298149	-15.5682
0.0321171	-15.5581
0.0343227	-15.548
0.0364321	-15.5378
0.0384456	-15.5277
0.0403629	-15.5175
0.0421839	-15.5074
0.043908	-15.4972
0.0455347	-15.487
0.0470634	-15.4768
0.0484933	-15.4666
0.0498235	-15.4564
0.0510534	-15.4461
0.052182	-15.4359
0.0532085	-15.4256
0.054132	-15.4153
0.0549517	-15.405
0.0556667	-15.3947
0.056276	-15.3844
0.056779	-15.374
0.0571747	-15.3637
0.0574623	-15.3534
0.057641	-15.343
0.05771	-15.3326
0.0576685	-15.3223
0.0575157	-15.3119
0.0572582	-15.3017
0.0568958	-15.2915
0.0564282	-15.2815
0.0558545	-15.2715
0.055174	-15.2616
0.0543857	-15.2517
0.0534887	-15.2419
0.052482	-15.2321
0.0513645	-15.2224
0.0501353	-15.2126
0.0487935	-15.2029
0.0473382	-15.1932
0.0457686	-15.1835
0.044084	-15.1739
0.0422835	-15.1642
0.0403665	-15.1546
0.0383325	-15.145
0.0361808	-15.1354
0.033911	-15.1259
0.0315226	-15.1163
0.0290151	-15.1068
0.0263883	-15.0973
0.0236419	-15.0879
0.0207755	-15.0784
0.017789	-15.069
0.0146822	-15.0597
0.0114549	-15.0503
0.00810722	-15.041
0.00463901	-15.0318
0.00105032	-15.0225
-0.0025811	-15.0135
-0.005934	-15.0049
-0.00905195	-14.9967
-0.011969	-14.9889
-0.0147116	-14.9812
-0.0173002	-14.9737
-0.0197504	-14.9664
-0.0220742	-14.9592
-0.0242805	-14.952
-0.0263758	-14.9449
-0.0283648	-14.9378
-0.030251	-14.9308
-0.0320363	-14.9238
-0.0337221	-14.9168
-0.035309	-14.9097
-0.036797	-14.9027
-0.0381857	-14.8957
-0.0394744	-14.8886
-0.0406622	-14.8815
-0.0417479	-14.8744
-0.0427303	-14.8673
-0.0436081	-14.8602
-0.0443797	-14.8531
-0.0450437	-14.8459
-0.0455986	-14.8387
-0.0460429	-14.8315
-0.046375	-14.8243
-0.0465934	-14.817
-0.0466965	-14.8098
-0.046683	-14.8025
-0.0465514	-14.7952
-0.0463002	-14.7879
-0.0459282	-14.7806
-0.0454339	-14.7733
-0.0448161	-14.766
-0.0440737	-14.7587
-0.0432053	-14.7513
-0.0422101	-14.744
-0.0410869	-14.7367
-0.0398781	-14.7296
-0.0385786	-14.7228
-0.0371834	-14.7161
-0.035688	-14.7095
-0.0340882	-14.7031
-0.0323804	-14.6967
-0.030561	-14.6905
-0.0286271	-14.6843
-0.0265762	-14.6781
-0.0244062	-14.672
-0.0221151	-14.666
-0.0197015	-14.66
-0.0171642	-14.6541
-0.0145025	-14.6482
-0.0117156	-14.6423
-0.00880339	-14.6365
-0.00576563	-14.6307
-0.00260251	-14.625
0.000685654	-14.6193
0.00407317	-14.6134
0.0075347	-14.6074
0.0110501	-14.6011
0.0146032	-14.5948
0.0181812	-14.5883
0.0217739	-14.5818
0.025373	-14.5752
0.0289719	-14.5685
0.0325655	-14.5618
0.0361493	-14.555
0.0397199	-14.5482
0.0432747	-14.5414
0.0468112	-14.5345
0.0503276	-14.5277
0.0538223	-14.5207
0.0572942	-14.5138
0.060742	-14.5069
0.0641649	-14.4999
0.0675621	-14.4929
0.0709329	-14.4859
0.0742766	-14.4789
0.0775927	-14.4718
0.0808808	-14.4648
0.0841403	-14.4577
0.0873708	-14.4506
0.0905856	-14.4435
0.093785	-14.4364
0.0969695	-14.4293
0.100139	-14.4222
0.103295	-14.4151
0.106436	-14.408
0.109563	-14.4009
0.112676	-14.3938
0.115775	-14.3866
0.118861	-14.3795
0.121932	-14.3724
0.12499	-14.3652
0.128035	-14.3581
0.131066	-14.3509
0.134083	-14.3438
0.137087	-14.3366
0.140077	-14.3294
0.143054	-14.3223
0.146018	-14.3151
0.148968	-14.3079
0.151904	-14.3007
0.154828	-14.2935
0.157738	-14.2863
0.160634	-14.2791
0.163518	-14.2719
0.166388	-14.2646
0.169245	-14.2574
0.172088	-14.2502
0.174918	-14.2429
0.177735	-14.2357
0.180539	-14.2284
0.18333	-14.2212
0.186107	-14.2139
0.188871	-14.2067
0.191622	-14.1994
0.19436	-14.1921
0.197085	-14.1848
0.199797	-14.1776
0.202495	-14.1703
0.205181	-14.163
0.207853	-14.1557
0.210585	-14.1482
0.213366	-14.1406
0.216186	-14.133
0.219038	-14.1252
0.221917	-14.1174
0.224818	-14.1096
0.227737	-14.1017
0.230672	-14.0937
0.23362	-14.0858
0.236578	-14.0778
0.239546	-14.0698
0.242522	-14.0618
0.245506	-14.0538
0.248496	-14.0458
0.251491	-14.0378
0.254492	-14.0298
0.257497	-14.0218
0.260507	-14.0137
0.263522	-14.0057
0.26654	-13.9977
0.269562	-13.9897
0.272587	-13.9816
0.275616	-13.9736
0.278648	-13.9656
0.281683	-13.9575
0.284721	-13.9495
0.287763	-13.9415
0.290807	-13.9334
0.293848	-13.9253
0.296879	-13.9171
0.299896	-13.9089
0.302895	-13.9006
0.305873	-13.8922
0.308829	-13.8838
0.31176	-13.8754
0.314666	-13.867
0.317599	-13.8583
0.320548	-13.8495
0.323501	-13.8406
0.326452	-13.8315
0.329392	-13.8224
0.332318	-13.8132
0.335226	-13.8039
0.338112	-13.7946
0.340975	-13.7852
0.343812	-13.7759
0.346622	-13.7664
0.349404	-13.757
0.352158	-13.7475
0.354882	-13.738
0.357576	-13.7285
0.360241	-13.719
0.362875	-13.7094
0.365479	-13.6999
0.368052	-13.6903
0.370596	-13.6807
0.373109	-13.6711
0.375592	-13.6615
0.378045	-13.6519
0.380468	-13.6423
0.382861	-13.6327
0.385225	-13.623
0.387559	-13.6134
0.389864	-13.6037
0.39214	-13.5941
0.394388	-13.5844
0.396606	-13.5747
0.398808	-13.5649
0.400987	-13.5551
0.403142	-13.5451
0.405268	-13.5351
0.407364	-13.5251
0.409428	-13.515
0.411459	-13.5048
0.413455	-13.4947
0.415416	-13.4845
0.417341	-13.4743
0.41923	-13.4641
0.421082	-13.4538
0.422898	-13.4436
0.424677	-13.4333
0.426419	-13.423
0.428124	-13.4127
0.429792	-13.4024
0.431424	-13.3921
0.433018	-13.3818
0.434576	-13.3715
0.436097	-13.3611
0.437581	-13.3508
0.439029	-13.3405
0.440441	-13.3301
0.441816	-13.3198
0.443155	-13.3094
0.444458	-13.299
0.445726	-13.2886
0.446942	-13.2782
0.448107	-13.2678
0.44922	-13.2573
0.45028	-13.2468
0.451287	-13.2363
0.452241	-13.2258
0.453141	-13.2153
0.453987	-13.2047
0.45478	-13.1941
0.455518	-13.1836
0.456202	-13.173
0.456832	-13.1624
0.457408	-13.1518
0.457929	-13.1412
0.458397	-13.1306
0.45881	-13.12
0.459169	-13.1094
0.459474	-13.0988
0.459725	-13.0882
0.459921	-13.0775
0.460064	-13.0669
0.460152	-13.0563
0.460187	-13.0457
0.460167	-13.035
0.460094	-13.0244
0.459967	-13.0138
0.459785	-13.0031
0.459527	-12.9925
0.459192	-12.9819
0.458779	-12.9713
0.458289	-12.9608
0.457722	-12.9502
0.457076	-12.9397
0.456353	-12.9291
0.455552	-12.9186
0.454672	-12.908
0.453715	-12.8975
0.452679	-12.887
0.451565	-12.8765
0.450372	-12.866
0.449101	-12.8555
0.447751	-12.845
0.446322	-12.8345
0.444815	-12.8241
0.443229	-12.8136
0.441564	-12.8031
0.43982	-12.7927
0.437998	-12.7823
0.436097	-12.7718
0.434117	-12.7614
0.432059	-12.751
0.429922	-12.7407
0.427707	-12.7303
0.425413	-12.7199
0.423041	-12.7096
0.42058	-12.6993
0.41803	-12.6891
0.415389	-12.679
0.412655	-12.6688
0.409828	-12.6588
0.406906	-12.6487
0.403889	-12.6387
0.400777	-12.6288
0.39757	-12.6189
0.394266	-12.609
0.390866	-12.5991
0.38737	-12.5893
0.383779	-12.5795
0.380091	-12.5697
0.376307	-12.56
0.372428	-12.5503
0.368453	-12.5406
0.364383	-12.531
0.360218	-12.5214
0.355959	-12.5119
0.351606	-12.5024
0.347159	-12.4929
0.342619	-12.4835
0.337985	-12.4741
0.33326	-12.4647
0.328443	-12.4554
0.323534	-12.4461
0.318534	-12.4369
0.313445	-12.4277
0.308286	-12.4186
0.303055	-12.4096
0.297747	-12.4007
0.29236	-12.3919
0.286892	-12.3831
0.281281	-12.3743
0.27554	-12.3654
0.26968	-12.3565
0.26371	-12.3476
0.257638	-12.3387
0.25147	-12.3298
0.245211	-12.3209
0.238865	-12.312
0.232437	-12.3032
0.225927	-12.2944
0.219341	-12.2857
0.212679	-12.277
0.205944	-12.2683
0.199137	-12.2597
0.192259	-12.2511
0.185313	-12.2425
0.178299	-12.2341
0.171218	-12.2256
0.164071	-12.2172
0.15686	-12.2089
0.149584	-12.2006
0.142246	-12.1923
0.134845	-12.1842
0.127383	-12.176
0.11986	-12.1679
0.112277	-12.1599
0.104635	-12.1519
0.0969335	-12.144
0.0891744	-12.1361
0.0813691	-12.1283
0.0735155	-12.1206
0.0656123	-12.1129
0.0576587	-12.1053
0.0496539	-12.0977
0.0415976	-12.0902
0.0334897	-12.0828
0.0253302	-12.0754
0.0171192	-12.0681
0.00885698	-12.0608
0.000543928	-12.0536
-0.00781956	-12.0465
-0.0156496	-12.0396
-0.0230397	-12.033
-0.030064	-12.0265
-0.0367805	-12.0202
-0.0432347	-12.0139
-0.049462	-12.0076
-0.0554898	-12.0014
-0.0613392	-11.9951
-0.067026	-11.9888
-0.072562	-11.9825
-0.0779559	-11.9761
-0.0832138	-11.9696
-0.0883395	-11.963
-0.0933355	-11.9564
-0.0982029	-11.9497
-0.102942	-11.9429
-0.107551	-11.936
-0.11203	-11.9291
-0.116377	-11.922
-0.120589	-11.9148
-0.124664	-11.9075
-0.128599	-11.9002
-0.132391	-11.8927
-0.136037	-11.8851
-0.139534	-11.8775
-0.14288	-11.8697
-0.146071	-11.8619
-0.149103	-11.854
-0.151975	-11.846
-0.154671	-11.8379
-0.157193	-11.8298
-0.159541	-11.8217
-0.161715	-11.8135
-0.163712	-11.8052
-0.165533	-11.7969
-0.167176	-11.7885
-0.168639	-11.7801
-0.16992	-11.7717
-0.171019	-11.7631
-0.171933	-11.7546
-0.172662	-11.746
-0.173204	-11.7373
-0.173558	-11.7287
-0.173723	-11.7199
-0.173699	-11.7112
-0.173484	-11.7024
-0.173078	-11.6936
-0.172482	-11.6848
-0.171694	-11.676
-0.170715	-11.6672
-0.169546	-11.6583
-0.168186	-11.6495
-0.166637	-11.6407
-0.164898	-11.6318
-0.162972	-11.623
-0.160859	-11.6142
-0.15856	-11.6054
-0.156077	-11.5967
-0.153412	-11.588
-0.150565	-11.5793
-0.147539	-11.5706
-0.144337	-11.562
-0.140959	-11.5534
-0.137408	-11.5449
-0.133686	-11.5364
-0.129792	-11.5281
-0.125727	-11.5198
-0.121493	-11.5116
-0.117092	-11.5035
-0.112525	-11.4955
-0.107795	-11.4875
-0.102905	-11.4796
-0.0978564	-11.4718
-0.0926528	-11.4641
-0.0872971	-11.4564
-0.0817922	-11.4488
-0.0761414	-11.4414
-0.0703478	-11.434
-0.0644147	-11.4266
-0.0583454	-11.4194
-0.0521432	-11.4123
-0.0458113	-11.4052
-0.0393532	-11.3983
-0.0327721	-11.3914
-0.0260714	-11.3847
-0.0192542	-11.378
-0.0123238	-11.3714
-0.00528339	-11.3649
0.00186384	-11.3585
0.00906246	-11.352
0.0162931	-11.3454
0.0235403	-11.3386
0.0307917	-11.3318
0.0380371	-11.3249
0.0452685	-11.3179
0.0524795	-11.3108
0.0596646	-11.3037
0.0668195	-11.2965
0.0739408	-11.2893
0.0810253	-11.282
0.0880706	-11.2746
0.0950748	-11.2672
0.10207	-11.2597
0.109049	-11.2522
0.116006	-11.2446
0.122938	-11.2369
0.129841	-11.2292
0.136711	-11.2214
0.143547	-11.2136
0.150347	-11.2057
0.157109	-11.1978
0.163831	-11.1898
0.170513	-11.1818
0.177154	-11.1738
0.183753	-11.1657
0.190308	-11.1576
0.196821	-11.1494
0.203289	-11.1412
0.209712	-11.133
0.216091	-11.1247
0.222424	-11.1164
0.228711	-11.108
0.234953	-11.0996
0.241147	-11.0912
0.247295	-11.0827
0.253395	-11.0742
0.259448	-11.0657
0.265454	-11.0571
0.271411	-11.0485
0.277319	-11.0399
0.283179	-11.0312
0.28899	-11.0225
0.294752	-11.0137
0.300401	-11.005
0.305946	-10.9963
0.311393	-10.9875
0.316748	-10.9788
0.322073	-10.9699
0.327361	-10.961
0.332606	-10.952
0.337804	-10.9429
0.342952	-10.9338
0.348047	-10.9246
0.353087	-10.9154
0.35807	-10.9061
0.362994	-10.8968
0.367859	-10.8874
0.372663	-10.878
0.377406	-10.8686
0.382088	-10.8591
0.386707	-10.8496
0.391264	-10.84
0.395758	-10.8304
0.400189	-10.8208
0.404557	-10.8111
0.408861	-10.8014
0.413102	-10.7917
0.41728	-10.7819
0.421394	-10.7721
0.425444	-10.7623
0.42943	-10.7525
0.433353	-10.7426
0.437212	-10.7327
0.441007	-10.7228
0.444739	-10.7128
0.448407	-10.7028
0.452011	-10.6928
0.455581	-10.6827
0.459112	-10.6725
0.462599	-10.6623
0.46604	-10.652
0.469432	-10.6417
0.472773	-10.6313
0.476062	-10.6209
0.479297	-10.6104
0.482478	-10.5999
0.485604	-10.5894
0.488674	-10.5789
0.491689	-10.5683
0.494648	-10.5577
0.49755	-10.5471
0.500396	-10.5365
0.503185	-10.5258
0.505918	-10.5152
0.508595	-10.5045
0.511214	-10.4938
0.513778	-10.4831
0.516285	-10.4723
0.518736	-10.4616
0.521131	-10.4508
0.523469	-10.4401
0.525752	-10.4293
0.527979	-10.4185
0.53015	-10.4077
0.532266	-10.3968
0.534333	-10.3859
0.536349	-10.375
0.538313	-10.364
0.540223	-10.353
0.542079	-10.3419
0.543879	-10.3308
0.545624	-10.3197
0.547313	-10.3086
0.548946	-10.2975
0.550522	-10.2863
0.552042	-10.2751
0.553505	-10.2639
0.554912	-10.2527
0.556263	-10.2415
0.557557	-10.2303
0.558795	-10.2191
0.559977	-10.2078
0.561103	-10.1966
0.562173	-10.1853
0.563188	-10.174
0.564147	-10.1628
0.565051	-10.1515
0.565899	-10.1402
0.566693	-10.1289
0.567431	-10.1176
0.568116	-10.1063
0.568736	-10.095
0.569294	-10.0836
0.569787	-10.0722
0.570217	-10.0608
0.570582	-10.0493
0.570883	-10.0379
0.571121	-10.0264
0.571294	-10.0149
0.571404	-10.0034
0.57145	-9.9919
0.571432	-9.98039
0.571352	-9.96887
0.571209	-9.95736
0.571003	-9.94584
0.570734	-9.93432
0.570403	-9.9228
0.57001	-9.91128
0.569555	-9.89976
0.569039	-9.88824
0.568462	-9.87672
0.567823	-9.8652
0.567124	-9.85368
0.566364	-9.84217
0.565544	-9.83066
0.564664	-9.81915
0.563705	-9.80762
0.562669	-9.79607
0.561556	-9.78451
0.560367	-9.77294
0.559101	-9.76137
0.55776	-9.7498
0.556344	-9.73822
0.554854	-9.72665
0.553289	-9.71507
0.551651	-9.70351
0.549939	-9.69195
0.548154	-9.6804
0.546297	-9.66885
0.544368	-9.65732
0.542368	-9.64579
0.540296	-9.63427
0.538153	-9.62277
0.53594	-9.61127
0.533656	-9.59979
0.531303	-9.58832
0.528881	-9.57686
0.526389	-9.56541
0.523829	-9.55398
0.521201	-9.54256
0.518505	-9.53116
0.51572	-9.51976
0.512847	-9.50836
0.509887	-9.49697
0.506841	-9.48559
0.50371	-9.47423
0.500495	-9.46288
0.497196	-9.45155
0.493814	-9.44023
0.490351	-9.42894
0.486806	-9.41767
0.48318	-9.40642
0.479474	-9.39519
0.475689	-9.38398
0.471824	-9.3728
0.467882	-9.36164
0.463862	-9.35051
0.459764	-9.33941
0.45559	-9.32833
0.45134	-9.31727
0.447015	-9.30625
0.442615	-9.29525
0.43814	-9.28428
0.433592	-9.27333
0.42897	-9.26242
0.424276	-9.25154
0.41951	-9.24068
0.414653	-9.22985
0.409706	-9.21906
0.404672	-9.20829
0.39955	-9.19756
0.394342	-9.18687
0.389049	-9.17621
0.383672	-9.16559
0.378211	-9.155
0.372668	-9.14446
0.367044	-9.13395
0.361339	-9.12349
0.355555	-9.11306
0.349691	-9.10268
0.343749	-9.09234
0.337729	-9.08204
0.331633	-9.07178
0.325461	-9.06156
0.319213	-9.05139
0.312891	-9.04127
0.306496	-9.03118
0.300027	-9.02114
0.293487	-9.01115
0.286874	-9.0012
0.2802	-8.99124
0.273467	-8.98127
0.266681	-8.97131
0.259845	-8.96136
0.252961	-8.95141
0.24601	-8.94149
0.238995	-8.93159
0.231918	-8.92171
0.224782	-8.91186
0.217588	-8.90204
0.210338	-8.89225
0.203032	-8.88249
0.195673	-8.87277
0.188261	-8.86308
0.180797	-8.85342
0.173282	-8.84381
0.165716	-8.83422
0.158101	-8.82468
0.150436	-8.81517
0.142723	-8.8057
0.134961	-8.79626
0.127153	-8.78687
0.119297	-8.77751
0.111395	-8.76818
0.103446	-8.7589
0.0954527	-8.74965
0.0874138	-8.74044
0.0793303	-8.73127
0.0712027	-8.72214
0.0630312	-8.71305
0.0548164	-8.70399
0.0465588	-8.69497
0.0382586	-8.68599
0.0299163	-8.67705
0.0215324	-8.66814
0.0130946	-8.65928
0.00460417	-8.65047
-0.00393812	-8.6417
