0.1	0.2
0.0914023	0.182782
0.0845253	0.169006
0.0790249	0.157985
0.0746259	0.149168
0.0711081	0.142113
0.0682954	0.136469
0.0660467	0.131953
0.0642494	0.128339
0.0628131	0.125447
0.0616658	0.123133
0.0607496	0.12128
0.0600185	0.119798
0.0594352	0.118611
0.0589705	0.11766
0.0586004	0.116899
0.0583062	0.116289
0.0580726	0.1158
0.0578875	0.115408
0.0577413	0.115093
0.0576261	0.114841
0.0575358	0.114638
0.0574654	0.114475
0.0574109	0.114343
0.0573691	0.114237
0.0573375	0.114151
0.0573141	0.114081
0.0572972	0.114025
0.0572855	0.113979
0.057278	0.113941
0.0572739	0.113909
0.0572724	0.113884
0.057273	0.113862
0.0572754	0.113844
0.0572792	0.113828
0.057284	0.113815
0.0572897	0.113803
0.0572961	0.113793
0.0573031	0.113784
0.0573105	0.113776
0.0573183	0.113768
0.0573264	0.113761
0.0573347	0.113755
0.0573432	0.113749
0.0573518	0.113743
0.0573606	0.113737
0.0573694	0.113732
0.0573783	0.113727
0.0573873	0.113721
0.0573961	0.11372
0.0574047	0.113717
0.0574132	0.113715
0.0574214	0.113712
0.0574296	0.113709
0.0574377	0.113706
0.0574457	0.113702
0.0574537	0.113699
0.0574616	0.113695
0.0574695	0.113692
0.0574774	0.113688
0.0574852	0.113684
0.057493	0.11368
0.0575008	0.113677
0.0575086	0.113673
0.0575164	0.113669
0.0575242	0.113665
0.0575319	0.113661
0.0575397	0.113657
0.0575475	0.113653
0.0575552	0.11365
0.057563	0.113646
0.0575707	0.113642
0.0575874	0.113637
0.0576038	0.113631
0.05762	0.113626
0.0576359	0.113619
0.0576518	0.113613
0.0576675	0.113606
0.0576831	0.113599
0.0576986	0.113592
0.0577141	0.113585
0.0577295	0.113577
0.0577449	0.11357
0.0577603	0.113562
0.0577756	0.113555
0.0577909	0.113547
0.0578062	0.113539
0.0578215	0.113532
0.0578367	0.113524
0.057852	0.113516
0.0578672	0.113509
0.0578825	0.113501
0.0578977	0.113493
0.0579129	0.113486
0.0579282	0.113478
0.0579434	0.11347
0.0579586	0.113462
0.0579738	0.113455
0.0579891	0.113447
0.0580043	0.113439
0.0580199	0.113435
