1.10715
1.1071
1.10704
1.10699
1.10692
1.10686
1.10679
1.10672
1.10665
1.10658
1.1065
1.10643
1.10635
1.10627
1.10619
1.10612
1.10604
1.10596
1.10588
1.1058
1.10572
1.10564
1.10556
1.10548
1.10539
1.10531
1.10523
1.10515
1.10507
1.10499
1.10491
1.10483
1.10475
1.10467
1.10459
1.10451
1.10442
1.10434
1.10426
1.10418
1.1041
1.10402
1.10394
1.10386
1.10378
1.10369
1.10361
1.10353
1.10345
1.10338
1.10331
1.10325
1.10318
1.10311
1.10304
1.10297
1.10291
1.10284
1.10277
1.1027
1.10263
1.10257
1.1025
1.10243
1.10236
1.10229
1.10222
1.10216
1.10209
1.10202
1.10195
1.10188
1.10175
1.10162
1.10148
1.10135
1.10121
1.10108
1.10095
1.10081
1.10068
1.10054
1.10041
1.10027
1.10014
1.10001
1.09987
1.09974
1.0996
1.09947
1.09934
1.0992
1.09907
1.09893
1.0988
1.09867
1.09853
1.0984
1.09826
1.09813
1.09801
