0.223607
0.204361
0.188965
0.176647
0.166794
0.158911
0.152604
0.147559
0.143523
0.140294
0.137711
0.135645
0.133991
0.132669
0.131611
0.130764
0.130087
0.129545
0.129112
0.128765
0.128488
0.128266
0.128089
0.127947
0.127833
0.127742
0.127669
0.127611
0.127565
0.127528
0.127498
0.127474
0.127455
0.12744
0.127427
0.127418
0.12741
0.127404
0.127399
0.127395
0.127391
0.127389
0.127387
0.127385
0.127384
0.127383
0.127382
0.127381
0.127381
0.127383
0.127385
0.127387
0.127388
0.127389
0.127389
0.12739
0.127391
0.127391
0.127391
0.127392
0.127392
0.127392
0.127392
0.127392
0.127392
0.127392
0.127392
0.127392
0.127392
0.127392
0.127392
0.127392
0.127396
0.127398
0.1274
0.127402
0.127403
0.127404
0.127405
0.127406
0.127406
0.127407
0.127407
0.127407
0.127408
0.127408
0.127408
0.127408
0.127408
0.127408
0.127408
0.127408
0.127408
0.127408
0.127408
0.127408
0.127408
0.127408
0.127408
0.127408
0.127412
