###  Units are X_hat = 1.73cm.
0	0
0.05	0.0129797
0.1	0.0265561
0.15	0.0404896
0.2	0.0541371
0.25	0.0684927
0.3	0.0832653
0.35	0.0986145
0.4	0.114247
0.45	0.12922
0.5	0.144611
0.55	0.160057
0.6	0.175983
0.65	0.192565
0.7	0.209242
0.75	0.225919
0.8	0.24217
0.85	0.258253
0.9	0.275719
0.95	0.293017
1	0.30993
1.05	0.327127
1.1	0.343455
1.15	0.360087
1.2	0.376429
1.25	0.393823
1.3	0.410921
1.35	0.42737
1.4	0.442711
1.45	0.458631
1.5	0.474288
1.55	0.490121
1.6	0.506535
1.65	0.52298
1.7	0.540653
1.75	0.557881
1.8	0.574975
1.85	0.591369
1.9	0.607743
1.95	0.623997
2	0.640361
2.05	0.657201
2.1	0.673072
2.15	0.689168
2.2	0.705527
2.25	0.72224
2.3	0.73934
2.35	0.75581
2.4	0.772192
2.45	0.788466
2.5	0.803879
2.55	0.820184
2.6	0.835052
2.65	0.850026
2.7	0.866399
2.75	0.882594
2.8	0.89947
2.85	0.916216
2.9	0.932575
2.95	0.948846
3	0.966019
3.05	0.983492
3.1	0.999904
3.15	1.01637
3.2	1.03283
3.25	1.04898
3.3	1.0653
3.35	1.08189
3.4	1.09802
3.45	1.11339
3.5	1.12879
3.55	1.14468
3.6	1.16069
3.65	1.17692
3.7	1.19283
3.75	1.2096
3.8	1.22594
3.85	1.24155
3.9	1.25676
3.95	1.27254
4	1.28819
4.05	1.30392
4.1	1.31947
4.15	1.33501
4.2	1.34996
4.25	1.36515
4.3	1.38055
4.35	1.39717
4.4	1.41299
4.45	1.42892
4.5	1.44496
4.55	1.46138
4.6	1.47845
4.65	1.49694
4.7	1.51519
4.75	1.53262
4.8	1.54986
4.85	1.56706
4.9	1.58374
4.95	1.60103
5	1.61769
5.05	1.63416
5.1	1.6507
5.15	1.66703
5.2	1.68352
5.25	1.69974
5.3	1.71616
5.35	1.73287
5.4	1.74983
5.45	1.7663
5.5	1.78387
5.55	1.80143
5.6	1.81959
5.65	1.8376
5.7	1.85541
5.75	1.87282
5.8	1.88972
5.85	1.9069
5.9	1.92376
5.95	1.94055
6	1.95787
6.05	1.97495
6.1	1.99138
6.15	2.00766
6.2	2.0243
6.25	2.04224
6.3	2.0601
6.35	2.07769
6.4	2.09512
6.45	2.11251
6.5	2.13017
6.55	2.14778
6.6	2.16549
6.65	2.18287
6.7	2.20055
6.75	2.218
6.8	2.23516
6.85	2.25226
6.9	2.26919
6.95	2.28574
7	2.30232
7.05	2.31835
7.1	2.33404
7.15	2.34968
7.2	2.36545
7.25	2.38127
7.3	2.39722
7.35	2.41233
7.4	2.42788
7.45	2.44418
7.5	2.46058
7.55	2.47698
7.6	2.49398
7.65	2.50953
7.7	2.52548
7.75	2.54162
7.8	2.55758
7.85	2.57229
7.9	2.58729
7.95	2.60289
8	2.61857
8.05	2.6344
8.1	2.64974
8.15	2.66483
8.2	2.6802
8.25	2.69539
8.3	2.7106
8.35	2.72508
8.4	2.74049
8.45	2.75654
8.5	2.77261
8.55	2.78968
8.6	2.80661
8.65	2.82353
8.7	2.84
8.75	2.85683
8.8	2.87307
8.85	2.88914
8.9	2.90444
8.95	2.91967
9	2.93507
9.05	2.95155
9.1	2.96796
9.15	2.98465
9.2	3.0015
9.25	3.0184
9.3	3.03525
9.35	3.05245
9.4	3.06906
9.45	3.08592
9.5	3.1029
9.55	3.12001
9.6	3.13696
9.65	3.15378
9.7	3.17019
9.75	3.18696
9.8	3.20416
9.85	3.22169
9.9	3.23896
9.95	3.25593
10	3.27343
10.05	3.28941
10.1	3.30549
10.15	3.32102
10.2	3.33662
10.25	3.35236
10.3	3.36791
10.35	3.3829
10.4	3.39809
10.45	3.4139
10.5	3.43007
10.55	3.44617
10.6	3.46238
10.65	3.47901
10.7	3.49561
10.75	3.51207
10.8	3.52928
10.85	3.54622
10.9	3.56328
10.95	3.58048
11	3.59739
11.05	3.6144
11.1	3.63135
11.15	3.64803
11.2	3.66445
11.25	3.68078
11.3	3.69702
11.35	3.71322
11.4	3.73064
11.45	3.74767
11.5	3.76386
11.55	3.78017
11.6	3.79646
11.65	3.81329
11.7	3.82968
11.75	3.84773
11.8	3.8653
11.85	3.88255
11.9	3.8998
11.95	3.91729
12	3.9346
12.05	3.95189
12.1	3.97017
12.15	3.98768
12.2	4.00452
12.25	4.02137
12.3	4.0385
12.35	4.05576
12.4	4.07291
12.45	4.09171
12.5	4.10984
12.55	4.12761
12.6	4.14415
12.65	4.16068
12.7	4.17775
12.75	4.19497
12.8	4.21183
12.85	4.2273
12.9	4.24219
12.95	4.2578
13	4.27358
13.05	4.28927
13.1	4.30534
13.15	4.32258
13.2	4.33947
13.25	4.35495
13.3	4.37147
13.35	4.38847
13.4	4.40519
13.45	4.42109
13.5	4.43715
13.55	4.45333
13.6	4.46971
13.65	4.48585
13.7	4.50204
13.75	4.51812
13.8	4.53462
13.85	4.55181
13.9	4.56935
13.95	4.58601
14	4.60273
14.05	4.62063
14.1	4.63805
14.15	4.65572
14.2	4.67328
14.25	4.68851
14.3	4.70363
14.35	4.71863
14.4	4.7341
14.45	4.74992
14.5	4.76601
14.55	4.78228
14.6	4.79785
14.65	4.8136
14.7	4.82861
14.75	4.84396
14.8	4.85992
14.85	4.87583
14.9	4.89151
14.95	4.90689
15	4.92349
15.05	4.94076
15.1	4.95826
15.15	4.97584
15.2	4.99435
15.25	5.01146
15.3	5.02845
15.35	5.04571
15.4	5.06233
15.45	5.07911
15.5	5.09639
15.55	5.1134
15.6	5.13063
15.65	5.14799
15.7	5.16505
15.75	5.18155
15.8	5.19799
15.85	5.2145
15.9	5.2311
15.95	5.24762
16	5.26493
16.05	5.28374
16.1	5.30173
16.15	5.31954
16.2	5.33703
16.25	5.35381
16.3	5.37045
16.35	5.38661
16.4	5.40291
16.45	5.41933
16.5	5.43616
16.55	5.45333
16.6	5.47049
16.65	5.48765
16.7	5.50497
16.75	5.52174
16.8	5.53849
16.85	5.55528
16.9	5.57199
16.95	5.58792
17	5.60353
17.05	5.61919
17.1	5.63546
17.15	5.65161
17.2	5.66836
17.25	5.685
17.3	5.70164
17.35	5.71757
17.4	5.7327
17.45	5.74861
17.5	5.76455
17.55	5.78056
17.6	5.79679
17.65	5.81392
17.7	5.83096
17.75	5.84867
17.8	5.86652
17.85	5.88425
17.9	5.90251
17.95	5.92128
18	5.94011
18.05	5.95809
18.1	5.97577
18.15	5.99316
18.2	6.01023
18.25	6.02676
18.3	6.04321
18.35	6.0599
18.4	6.07707
18.45	6.09427
18.5	6.11134
18.55	6.12869
18.6	6.14595
18.65	6.1632
18.7	6.18035
18.75	6.19754
18.8	6.21462
18.85	6.23141
18.9	6.24784
18.95	6.26297
19	6.27801
19.05	6.29368
19.1	6.30971
19.15	6.32601
19.2	6.3429
19.25	6.35899
19.3	6.37519
19.35	6.39136
19.4	6.4066
19.45	6.42181
19.5	6.43782
19.55	6.45339
19.6	6.46876
19.65	6.48498
19.7	6.50163
19.75	6.51843
19.8	6.53552
19.85	6.55247
19.9	6.56956
19.95	6.58706
20	6.6046
20.05	6.62202
20.1	6.63862
20.15	6.65517
20.2	6.67216
20.25	6.68833
20.3	6.705
20.35	6.72233
20.4	6.73999
20.45	6.75805
20.5	6.77585
20.55	6.79342
20.6	6.81147
20.65	6.82993
20.7	6.84858
20.75	6.86618
20.8	6.88323
20.85	6.90019
20.9	6.91719
20.95	6.93483
21	6.9524
21.05	6.96907
21.1	6.98623
21.15	7.00335
21.2	7.02075
21.25	7.03806
21.3	7.05564
21.35	7.07324
21.4	7.09114
21.45	7.10893
21.5	7.12602
21.55	7.14397
21.6	7.16296
21.65	7.18175
21.7	7.19975
21.75	7.21709
21.8	7.23519
21.85	7.25239
21.9	7.26929
21.95	7.28546
22	7.30256
22.05	7.31893
22.1	7.33542
22.15	7.35176
22.2	7.36821
22.25	7.38482
22.3	7.40173
22.35	7.41883
22.4	7.43638
22.45	7.45346
22.5	7.47
22.55	7.48708
22.6	7.5043
22.65	7.52156
22.7	7.53896
22.75	7.55605
22.8	7.57275
22.85	7.58947
22.9	7.60505
22.95	7.62025
23	7.63594
23.05	7.65141
23.1	7.66717
23.15	7.68268
23.2	7.69868
23.25	7.7142
23.3	7.73037
23.35	7.74639
23.4	7.76315
23.45	7.77971
23.5	7.79677
23.55	7.81425
23.6	7.8313
23.65	7.84834
23.7	7.86535
23.75	7.88246
23.8	7.89884
23.85	7.91489
23.9	7.93147
23.95	7.94736
24	7.96359
24.05	7.9797
24.1	7.99595
24.15	8.01221
24.2	8.02928
24.25	8.0448
24.3	8.06055
24.35	8.07593
24.4	8.09118
24.45	8.10683
24.5	8.12257
24.55	8.13837
24.6	8.15391
24.65	8.16979
24.7	8.18716
24.75	8.20533
24.8	8.2232
24.85	8.24099
24.9	8.25913
24.95	8.27652
25	8.29419
25.05	8.31209
25.1	8.33087
25.15	8.34971
25.2	8.36866
25.25	8.38742
25.3	8.40653
25.35	8.42542
25.4	8.44402
25.45	8.46247
25.5	8.48192
25.55	8.5007
25.6	8.51917
25.65	8.53741
25.7	8.55572
25.75	8.57288
25.8	8.59022
25.85	8.60752
25.9	8.6249
25.95	8.64287
26	8.66006
26.05	8.67771
26.1	8.69508
26.15	8.7126
26.2	8.73011
26.25	8.74747
26.3	8.76358
26.35	8.7799
26.4	8.79642
26.45	8.81231
26.5	8.82808
26.55	8.84409
26.6	8.8605
26.65	8.87681
26.7	8.89343
26.75	8.91009
26.8	8.92677
26.85	8.94321
26.9	8.96091
26.95	8.97922
27	8.99712
27.05	9.01466
27.1	9.03211
27.15	9.04918
27.2	9.06587
27.25	9.08258
27.3	9.09971
27.35	9.11665
27.4	9.13365
27.45	9.15105
27.5	9.16856
27.55	9.18522
27.6	9.20182
27.65	9.2189
27.7	9.23533
27.75	9.25231
27.8	9.27027
27.85	9.28846
27.9	9.30639
27.95	9.32433
28	9.34249
28.05	9.36101
28.1	9.37921
28.15	9.39721
28.2	9.415
28.25	9.43208
28.3	9.44904
28.35	9.46688
28.4	9.48444
28.45	9.50189
28.5	9.51937
28.55	9.53678
28.6	9.5536
28.65	9.57076
28.7	9.58747
28.75	9.60432
28.8	9.62133
28.85	9.63826
28.9	9.65519
28.95	9.67368
29	9.69188
29.05	9.71005
29.1	9.72735
29.15	9.74484
29.2	9.76242
29.25	9.77998
29.3	9.79745
29.35	9.81524
29.4	9.83341
29.45	9.85123
29.5	9.86868
29.55	9.88592
29.6	9.90209
29.65	9.91796
29.7	9.93366
29.75	9.94999
29.8	9.96612
29.85	9.98183
29.9	9.99756
29.95	10.0137
30	10.0301
30.05	10.0458
30.1	10.0625
30.15	10.0779
30.2	10.0941
30.25	10.1102
30.3	10.1264
30.35	10.1435
30.4	10.1601
30.45	10.1766
30.5	10.1936
30.55	10.2101
30.6	10.2263
30.65	10.2431
30.7	10.2599
30.75	10.2763
30.8	10.293
30.85	10.3097
30.9	10.3258
30.95	10.3409
31	10.3562
31.05	10.3718
31.1	10.3878
31.15	10.4039
31.2	10.42
31.25	10.4363
31.3	10.4524
31.35	10.4685
31.4	10.4841
31.45	10.5008
31.5	10.5172
31.55	10.5336
31.6	10.5498
31.65	10.5652
31.7	10.5807
31.75	10.5962
31.8	10.612
31.85	10.6277
31.9	10.6433
31.95	10.6589
32	10.6745
32.05	10.6906
32.1	10.7061
32.15	10.7215
32.2	10.7372
32.25	10.7529
32.3	10.7686
32.35	10.7849
32.4	10.8018
32.45	10.8186
32.5	10.8353
32.55	10.8517
32.6	10.8678
32.65	10.8839
32.7	10.8998
32.75	10.9158
32.8	10.9313
32.85	10.9472
32.9	10.9632
32.95	10.979
33	10.9954
33.05	11.0114
33.1	11.0274
33.15	11.0424
33.2	11.0577
33.25	11.0726
33.3	11.0873
33.35	11.1021
33.4	11.1168
33.45	11.1322
33.5	11.1483
33.55	11.1645
33.6	11.1806
33.65	11.1967
33.7	11.2127
33.75	11.2289
33.8	11.2444
33.85	11.2594
33.9	11.2738
33.95	11.2875
34	11.3019
34.05	11.3163
34.1	11.3307
34.15	11.3453
34.2	11.3602
34.25	11.3758
34.3	11.3911
34.35	11.4058
34.4	11.4212
34.45	11.4372
34.5	11.4527
34.55	11.468
34.6	11.4845
34.65	11.501
34.7	11.5176
34.75	11.5346
34.8	11.5513
34.85	11.5677
34.9	11.584
34.95	11.6008
35	11.617
35.05	11.6339
35.1	11.6507
35.15	11.6669
35.2	11.6822
35.25	11.6964
35.3	11.711
35.35	11.7252
35.4	11.7399
35.45	11.7547
35.5	11.769
35.55	11.7841
35.6	11.7997
35.65	11.8152
35.7	11.8304
35.75	11.8472
35.8	11.8635
35.85	11.8798
35.9	11.8958
35.95	11.9115
36	11.9281
36.05	11.9455
36.1	11.9634
36.15	11.9813
36.2	11.9979
36.25	12.0145
36.3	12.0311
36.35	12.0474
36.4	12.062
36.45	12.0773
36.5	12.0929
36.55	12.1085
36.6	12.1243
36.65	12.1403
36.7	12.1566
36.75	12.1727
36.8	12.1889
36.85	12.2049
36.9	12.2208
36.95	12.2363
37	12.2518
37.05	12.2673
37.1	12.283
37.15	12.2985
37.2	12.3146
37.25	12.331
37.3	12.3469
37.35	12.3629
37.4	12.3794
37.45	12.3953
37.5	12.4111
37.55	12.4265
37.6	12.4427
37.65	12.459
37.7	12.4751
37.75	12.4919
37.8	12.5077
37.85	12.5243
37.9	12.54
37.95	12.5557
38	12.5712
38.05	12.5871
38.1	12.6028
38.15	12.6189
38.2	12.6347
38.25	12.6515
38.3	12.6691
38.35	12.6865
38.4	12.7037
38.45	12.7209
38.5	12.738
38.55	12.7544
38.6	12.7708
38.65	12.7872
38.7	12.8035
38.75	12.8187
38.8	12.8339
38.85	12.8487
38.9	12.8622
38.95	12.876
39	12.8904
39.05	12.9053
39.1	12.921
39.15	12.9365
39.2	12.9525
39.25	12.969
39.3	12.9854
39.35	13.0012
39.4	13.0171
39.45	13.0336
39.5	13.0508
39.55	13.0682
39.6	13.0859
39.65	13.1026
39.7	13.1195
39.75	13.1361
39.8	13.1535
39.85	13.1706
39.9	13.1876
39.95	13.2053
40	13.2234
40.05	13.2415
40.1	13.2593
40.15	13.2765
40.2	13.2935
40.25	13.3101
40.3	13.3267
40.35	13.3433
40.4	13.36
40.45	13.3767
40.5	13.3936
40.55	13.4104
40.6	13.4264
40.65	13.4421
40.7	13.4582
40.75	13.4725
40.8	13.487
40.85	13.5029
40.9	13.5175
40.95	13.5325
41	13.5478
41.05	13.5634
41.1	13.5791
41.15	13.5948
41.2	13.6099
41.25	13.6246
41.3	13.6388
41.35	13.6538
41.4	13.6691
41.45	13.6845
41.5	13.7003
41.55	13.7173
41.6	13.7347
41.65	13.7518
41.7	13.7692
41.75	13.787
41.8	13.8044
41.85	13.8223
41.9	13.8403
41.95	13.8586
42	13.8765
42.05	13.8938
42.1	13.9111
42.15	13.9283
42.2	13.9454
42.25	13.9627
42.3	13.98
42.35	13.997
42.4	14.0138
42.45	14.0308
42.5	14.0467
42.55	14.0626
42.6	14.0777
42.65	14.0932
42.7	14.1084
42.75	14.1233
42.8	14.1386
42.85	14.1537
42.9	14.1701
42.95	14.1868
43	14.204
43.05	14.2211
43.1	14.2386
43.15	14.256
43.2	14.2731
43.25	14.2902
43.3	14.3066
43.35	14.3229
43.4	14.3383
43.45	14.354
43.5	14.3698
43.55	14.3867
43.6	14.4033
43.65	14.4202
43.7	14.4379
43.75	14.4559
43.8	14.4726
43.85	14.4899
43.9	14.5073
43.95	14.5244
44	14.5411
44.05	14.558
44.1	14.5757
44.15	14.5924
44.2	14.6085
44.25	14.6251
44.3	14.6418
44.35	14.6585
44.4	14.6755
44.45	14.6922
44.5	14.7088
44.55	14.7237
44.6	14.7388
44.65	14.7544
44.7	14.7699
44.75	14.7859
44.8	14.8019
44.85	14.8178
44.9	14.8344
44.95	14.851
45	14.8673
45.05	14.8832
45.1	14.8986
45.15	14.9151
45.2	14.9325
45.25	14.9499
45.3	14.9672
45.35	14.9849
45.4	15.0026
45.45	15.0207
45.5	15.0393
45.55	15.0577
45.6	15.0761
45.65	15.0942
45.7	15.1119
45.75	15.1295
45.8	15.1471
45.85	15.1643
45.9	15.182
45.95	15.1997
46	15.2173
46.05	15.2346
46.1	15.2524
46.15	15.2712
46.2	15.2907
46.25	15.3096
46.3	15.3276
46.35	15.3448
46.4	15.362
46.45	15.379
46.5	15.3957
46.55	15.4126
46.6	15.4294
46.65	15.4459
46.7	15.4627
46.75	15.479
46.8	15.4955
46.85	15.5115
46.9	15.5278
46.95	15.5441
47	15.5604
47.05	15.577
47.1	15.5948
47.15	15.6125
47.2	15.6309
47.25	15.6513
47.3	15.671
47.35	15.6897
47.4	15.7087
47.45	15.7264
47.5	15.7435
47.55	15.7609
47.6	15.7783
47.65	15.7957
47.7	15.8133
47.75	15.8308
47.8	15.8482
47.85	15.8659
47.9	15.8835
47.95	15.9006
48	15.9176
48.05	15.934
48.1	15.9505
48.15	15.9671
48.2	15.9843
48.25	16.0014
48.3	16.0185
48.35	16.0346
48.4	16.0514
48.45	16.0682
48.5	16.0855
48.55	16.1022
48.6	16.1188
48.65	16.1355
48.7	16.1521
48.75	16.1685
48.8	16.1857
48.85	16.2031
48.9	16.2211
48.95	16.2387
49	16.2562
49.05	16.2733
49.1	16.2894
49.15	16.3051
49.2	16.3205
49.25	16.336
49.3	16.3526
49.35	16.3691
49.4	16.3862
49.45	16.4019
49.5	16.4178
49.55	16.4338
49.6	16.4488
49.65	16.4641
49.7	16.4796
49.75	16.4967
49.8	16.5138
49.85	16.531
49.9	16.5481
49.95	16.5658
50	16.5836
50.05	16.6016
50.1	16.6198
50.15	16.6374
50.2	16.6543
50.25	16.6708
50.3	16.687
50.35	16.7022
50.4	16.7172
50.45	16.7324
50.5	16.7482
50.55	16.763
50.6	16.778
50.65	16.7934
50.7	16.8088
50.75	16.8244
50.8	16.8399
50.85	16.8561
50.9	16.8724
50.95	16.889
51	16.9051
51.05	16.9207
51.1	16.9367
51.15	16.9534
51.2	16.9698
51.25	16.9864
51.3	17.0029
51.35	17.0194
51.4	17.0355
51.45	17.0506
51.5	17.0654
51.55	17.0793
51.6	17.095
51.65	17.1103
51.7	17.1258
51.75	17.141
51.8	17.1564
51.85	17.1716
51.9	17.187
51.95	17.2029
52	17.2191
52.05	17.2348
52.1	17.2505
52.15	17.2663
52.2	17.2818
52.25	17.2978
52.3	17.3146
52.35	17.3327
52.4	17.3496
52.45	17.3668
52.5	17.3837
52.55	17.4009
52.6	17.4191
52.65	17.4366
52.7	17.4542
52.75	17.4713
52.8	17.4886
52.85	17.5056
52.9	17.5227
52.95	17.5391
53	17.5557
53.05	17.5719
53.1	17.5891
53.15	17.6055
53.2	17.6221
53.25	17.639
53.3	17.6553
53.35	17.6715
53.4	17.6872
53.45	17.7028
53.5	17.7184
53.55	17.7332
53.6	17.7482
53.65	17.7632
53.7	17.7782
53.75	17.7931
53.8	17.8078
53.85	17.8218
53.9	17.8362
53.95	17.851
54	17.8667
54.05	17.8823
54.1	17.8984
54.15	17.9126
54.2	17.9273
54.25	17.9418
54.3	17.9566
54.35	17.9708
54.4	17.9855
54.45	18.0007
54.5	18.0156
54.55	18.0303
54.6	18.0451
54.65	18.0596
54.7	18.0745
54.75	18.0897
54.8	18.1057
54.85	18.1218
54.9	18.1375
54.95	18.1534
55	18.1694
55.05	18.1858
55.1	18.2013
55.15	18.2169
55.2	18.2324
55.25	18.2483
55.3	18.2644
55.35	18.2807
55.4	18.2972
55.45	18.313
55.5	18.3298
55.55	18.3462
55.6	18.3627
55.65	18.3792
55.7	18.3949
55.75	18.4103
55.8	18.4259
55.85	18.4429
55.9	18.4602
55.95	18.4774
56	18.4954
56.05	18.5131
56.1	18.5296
56.15	18.5463
56.2	18.5632
56.25	18.5798
56.3	18.5964
56.35	18.6131
56.4	18.6303
56.45	18.6474
56.5	18.6656
56.55	18.6843
56.6	18.7029
56.65	18.7209
56.7	18.7386
56.75	18.7574
56.8	18.7757
56.85	18.7936
56.9	18.8113
56.95	18.8293
57	18.8465
57.05	18.8638
57.1	18.8809
57.15	18.8978
57.2	18.9155
57.25	18.9315
57.3	18.9469
57.35	18.9621
57.4	18.9772
57.45	18.9941
57.5	19.0119
57.55	19.0304
57.6	19.0491
57.65	19.0668
57.7	19.0844
57.75	19.1017
57.8	19.1182
57.85	19.1346
57.9	19.1504
57.95	19.1662
58	19.1823
58.05	19.198
58.1	19.2145
58.15	19.2323
58.2	19.25
58.25	19.2682
58.3	19.2853
58.35	19.3028
58.4	19.3208
58.45	19.3389
58.5	19.3567
58.55	19.3743
58.6	19.3906
58.65	19.4073
58.7	19.424
58.75	19.4414
58.8	19.4602
58.85	19.4783
58.9	19.4967
58.95	19.5144
59	19.5321
59.05	19.5501
59.1	19.5678
59.15	19.5854
59.2	19.6038
59.25	19.6211
59.3	19.6371
59.35	19.6533
59.4	19.6696
59.45	19.6859
59.5	19.7024
59.55	19.7187
59.6	19.7333
59.65	19.7484
59.7	19.764
59.75	19.7789
59.8	19.7941
59.85	19.8095
59.9	19.8243
59.95	19.8397
60	19.8551
60.05	19.8694
60.1	19.8842
60.15	19.8989
60.2	19.9131
60.25	19.9277
60.3	19.9426
60.35	19.9577
60.4	19.9729
60.45	19.989
60.5	20.0061
60.55	20.023
60.6	20.0398
60.65	20.0563
60.7	20.0725
60.75	20.0895
60.8	20.1068
60.85	20.1234
60.9	20.1399
60.95	20.1551
61	20.1699
61.05	20.1853
61.1	20.2005
61.15	20.2156
61.2	20.2323
61.25	20.2507
61.3	20.2681
61.35	20.2869
61.4	20.3053
61.45	20.3233
61.5	20.3416
61.55	20.3588
61.6	20.3762
61.65	20.3936
61.7	20.4109
61.75	20.4282
61.8	20.445
61.85	20.4621
61.9	20.4785
61.95	20.4952
62	20.5115
62.05	20.5284
62.1	20.5453
62.15	20.5622
62.2	20.5789
62.25	20.5955
62.3	20.6119
62.35	20.6288
62.4	20.6457
62.45	20.6621
62.5	20.6787
62.55	20.6953
62.6	20.7118
62.65	20.7291
62.7	20.7463
62.75	20.763
62.8	20.7802
62.85	20.7971
62.9	20.8139
62.95	20.8308
63	20.8474
63.05	20.8642
63.1	20.881
63.15	20.8984
63.2	20.9155
63.25	20.9343
63.3	20.9528
63.35	20.9713
63.4	20.9888
63.45	21.0064
63.5	21.0244
63.55	21.0416
63.6	21.0595
63.65	21.0772
63.7	21.0949
63.75	21.1125
63.8	21.1299
63.85	21.1472
63.9	21.1638
63.95	21.1799
64	21.1968
64.05	21.2143
64.1	21.2316
64.15	21.2482
64.2	21.2651
64.25	21.2826
64.3	21.3
64.35	21.3173
64.4	21.334
64.45	21.3503
64.5	21.3664
64.55	21.3826
64.6	21.3986
64.65	21.4142
64.7	21.4299
64.75	21.4464
64.8	21.462
64.85	21.4768
64.9	21.4922
64.95	21.5076
65	21.5234
65.05	21.5386
65.1	21.5533
65.15	21.5677
65.2	21.583
65.25	21.5983
65.3	21.6142
65.35	21.6303
65.4	21.6461
65.45	21.6623
65.5	21.6778
65.55	21.6928
65.6	21.7081
65.65	21.7239
65.7	21.7401
65.75	21.7561
65.8	21.7726
65.85	21.7885
65.9	21.8045
65.95	21.8203
66	21.8376
66.05	21.8548
66.1	21.8717
66.15	21.8897
66.2	21.9077
66.25	21.9252
66.3	21.9421
66.35	21.9586
66.4	21.9743
66.45	21.99
66.5	22.0064
66.55	22.0232
66.6	22.041
66.65	22.0588
66.7	22.0763
66.75	22.0943
66.8	22.1119
66.85	22.1304
66.9	22.149
66.95	22.1668
67	22.184
67.05	22.201
67.1	22.2176
67.15	22.2348
67.2	22.2522
67.25	22.2692
67.3	22.2861
67.35	22.3032
67.4	22.3203
67.45	22.3373
67.5	22.3545
67.55	22.3718
67.6	22.3887
67.65	22.4056
67.7	22.4235
67.75	22.4411
67.8	22.4595
67.85	22.4767
67.9	22.4939
67.95	22.5098
68	22.5254
68.05	22.5404
68.1	22.5558
68.15	22.5711
68.2	22.5873
68.25	22.604
68.3	22.6206
68.35	22.637
68.4	22.6532
68.45	22.671
68.5	22.6889
68.55	22.7078
68.6	22.726
68.65	22.7439
68.7	22.7616
68.75	22.7791
68.8	22.7964
68.85	22.8142
68.9	22.8317
68.95	22.8491
69	22.8652
69.05	22.8821
69.1	22.8985
69.15	22.9152
69.2	22.9313
69.25	22.948
69.3	22.9642
69.35	22.9808
69.4	22.9972
69.45	23.0133
69.5	23.0294
69.55	23.0456
69.6	23.0613
69.65	23.0781
69.7	23.0944
69.75	23.111
69.8	23.1279
69.85	23.1447
69.9	23.1611
69.95	23.1777
70	23.195
70.05	23.2124
70.1	23.2296
70.15	23.2467
70.2	23.264
70.25	23.2814
70.3	23.299
70.35	23.3171
70.4	23.335
70.45	23.3527
70.5	23.3702
70.55	23.387
70.6	23.4034
70.65	23.4196
70.7	23.4359
70.75	23.4526
70.8	23.4692
70.85	23.4859
70.9	23.503
70.95	23.5197
71	23.5357
71.05	23.5515
71.1	23.5676
71.15	23.5836
71.2	23.5989
71.25	23.6146
71.3	23.6306
71.35	23.6468
71.4	23.6635
71.45	23.68
71.5	23.6975
71.55	23.714
71.6	23.7302
71.65	23.7464
71.7	23.7625
71.75	23.7787
71.8	23.7949
71.85	23.8114
71.9	23.8275
71.95	23.8439
72	23.8599
72.05	23.8762
72.1	23.8924
72.15	23.9085
72.2	23.9243
72.25	23.9401
72.3	23.9559
72.35	23.9719
72.4	23.9884
72.45	24.0057
72.5	24.0235
72.55	24.0417
72.6	24.0597
72.65	24.0778
72.7	24.096
72.75	24.1138
72.8	24.1315
72.85	24.1496
72.9	24.1676
72.95	24.1847
73	24.2026
73.05	24.2203
73.1	24.2376
73.15	24.2548
73.2	24.2712
73.25	24.2879
73.3	24.3049
73.35	24.3223
73.4	24.3394
73.45	24.3566
73.5	24.3742
73.55	24.3916
73.6	24.4094
73.65	24.4271
73.7	24.4453
73.75	24.4626
73.8	24.4798
73.85	24.4975
73.9	24.5149
73.95	24.5319
74	24.5493
74.05	24.567
74.1	24.5855
74.15	24.6039
74.2	24.6215
74.25	24.639
74.3	24.6562
74.35	24.6734
74.4	24.6906
74.45	24.7077
74.5	24.7248
74.55	24.7418
74.6	24.7583
74.65	24.7742
74.7	24.7917
74.75	24.8078
74.8	24.824
74.85	24.8402
74.9	24.8559
74.95	24.8714
75	24.8872
75.05	24.9029
75.1	24.9188
75.15	24.9349
75.2	24.9506
75.25	24.9662
75.3	24.9821
75.35	24.9971
75.4	25.0124
75.45	25.0278
75.5	25.0438
75.55	25.0605
75.6	25.0772
75.65	25.0938
75.7	25.1103
75.75	25.1271
75.8	25.1437
75.85	25.1604
75.9	25.1775
75.95	25.1934
76	25.2099
76.05	25.2251
76.1	25.2403
76.15	25.256
76.2	25.2725
76.25	25.2895
76.3	25.306
76.35	25.3234
76.4	25.3409
76.45	25.3576
76.5	25.3738
76.55	25.3902
76.6	25.406
76.65	25.4214
76.7	25.4364
76.75	25.4522
76.8	25.4678
76.85	25.4833
76.9	25.4987
76.95	25.5139
77	25.5291
77.05	25.5446
77.1	25.5599
77.15	25.576
77.2	25.5925
77.25	25.6084
77.3	25.6244
77.35	25.64
77.4	25.6566
77.45	25.6727
77.5	25.689
77.55	25.7053
77.6	25.7215
77.65	25.738
77.7	25.7544
77.75	25.7704
77.8	25.7862
77.85	25.8035
77.9	25.8216
77.95	25.839
78	25.8571
78.05	25.8748
78.1	25.8924
78.15	25.9103
78.2	25.9287
78.25	25.947
78.3	25.9644
78.35	25.9816
78.4	25.9987
78.45	26.0158
78.5	26.0327
78.55	26.0498
78.6	26.0665
78.65	26.0833
78.7	26.0999
78.75	26.1165
78.8	26.133
78.85	26.149
78.9	26.1651
78.95	26.1796
79	26.1944
79.05	26.209
79.1	26.2237
79.15	26.2384
79.2	26.2537
79.25	26.2684
79.3	26.2835
79.35	26.2987
79.4	26.3136
79.45	26.3292
79.5	26.3454
79.55	26.3618
79.6	26.3785
79.65	26.394
79.7	26.4106
79.75	26.4276
79.8	26.4444
79.85	26.4611
79.9	26.478
79.95	26.4949
80	26.5116
80.05	26.5281
80.1	26.5448
80.15	26.5614
80.2	26.578
80.25	26.5958
80.3	26.6134
80.35	26.6308
80.4	26.6476
80.45	26.6643
80.5	26.6811
80.55	26.6984
80.6	26.7156
80.65	26.7333
80.7	26.7509
80.75	26.7685
80.8	26.7858
80.85	26.803
80.9	26.8195
80.95	26.8362
81	26.8533
81.05	26.87
81.1	26.8861
81.15	26.9026
81.2	26.9194
81.25	26.9361
81.3	26.9528
81.35	26.9687
81.4	26.9852
81.45	27.0023
81.5	27.0193
81.55	27.0363
81.6	27.0537
81.65	27.0716
81.7	27.0892
81.75	27.1071
81.8	27.1255
81.85	27.144
81.9	27.1627
81.95	27.1818
82	27.2003
82.05	27.2187
82.1	27.2376
82.15	27.2561
82.2	27.2729
82.25	27.2897
82.3	27.3068
82.35	27.3239
82.4	27.3408
82.45	27.3577
82.5	27.3732
82.55	27.3876
82.6	27.4023
82.65	27.4173
82.7	27.4324
82.75	27.4472
82.8	27.462
82.85	27.4767
82.9	27.4913
82.95	27.5056
83	27.52
83.05	27.5347
83.1	27.5478
83.15	27.5614
83.2	27.5747
83.25	27.59
83.3	27.6054
83.35	27.6207
83.4	27.6362
83.45	27.6523
83.5	27.6679
83.55	27.6842
83.6	27.7004
83.65	27.7164
83.7	27.7324
83.75	27.7484
83.8	27.764
83.85	27.778
83.9	27.7915
83.95	27.8054
84	27.8203
84.05	27.8355
84.1	27.8504
84.15	27.8655
84.2	27.8808
84.25	27.8969
84.3	27.9126
84.35	27.9283
84.4	27.9442
84.45	27.9593
84.5	27.9749
84.55	27.9905
84.6	28.0071
84.65	28.0241
84.7	28.0404
84.75	28.0571
84.8	28.0727
84.85	28.0886
84.9	28.1046
84.95	28.1216
85	28.1375
85.05	28.1529
85.1	28.1676
85.15	28.1839
85.2	28.2003
85.25	28.2162
85.3	28.2313
85.35	28.2464
85.4	28.2617
85.45	28.2767
85.5	28.292
85.55	28.3081
85.6	28.3235
85.65	28.3395
85.7	28.3561
85.75	28.3727
85.8	28.3886
85.85	28.4044
85.9	28.421
85.95	28.437
86	28.4527
86.05	28.4687
86.1	28.4848
86.15	28.5008
86.2	28.5169
86.25	28.5332
86.3	28.5495
86.35	28.566
86.4	28.5824
86.45	28.5998
86.5	28.6171
86.55	28.6333
86.6	28.65
86.65	28.6673
86.7	28.685
86.75	28.7018
86.8	28.7184
86.85	28.7347
86.9	28.7511
86.95	28.7678
87	28.7851
87.05	28.8016
87.1	28.8182
87.15	28.8356
87.2	28.8534
87.25	28.871
87.3	28.8882
87.35	28.9047
87.4	28.9209
87.45	28.9373
87.5	28.9538
87.55	28.9707
87.6	28.9874
87.65	29.005
87.7	29.0231
87.75	29.0408
87.8	29.0587
87.85	29.0762
87.9	29.0932
87.95	29.11
88	29.1266
88.05	29.1442
88.1	29.1617
88.15	29.178
88.2	29.1956
88.25	29.2127
88.3	29.2297
88.35	29.2465
88.4	29.2629
88.45	29.2795
88.5	29.2964
88.55	29.3134
88.6	29.3298
88.65	29.3458
88.7	29.3609
88.75	29.3774
88.8	29.3941
88.85	29.4106
88.9	29.4262
88.95	29.4427
89	29.4601
89.05	29.478
89.1	29.4948
89.15	29.5119
89.2	29.529
89.25	29.5466
89.3	29.564
89.35	29.5818
89.4	29.5989
89.45	29.6157
89.5	29.6324
89.55	29.6489
89.6	29.6657
89.65	29.6823
89.7	29.6989
89.75	29.7163
89.8	29.7336
89.85	29.7507
89.9	29.7673
89.95	29.784
90	29.8007
90.05	29.8178
90.1	29.835
90.15	29.8524
90.2	29.8696
90.25	29.8862
90.3	29.9021
90.35	29.9172
90.4	29.9324
90.45	29.9487
90.5	29.9651
90.55	29.9826
90.6	29.9995
90.65	30.0162
90.7	30.0331
90.75	30.0502
90.8	30.0682
90.85	30.0864
90.9	30.1044
90.95	30.1215
91	30.1387
91.05	30.155
91.1	30.1714
91.15	30.1874
91.2	30.2022
91.25	30.2168
91.3	30.2313
91.35	30.2461
91.4	30.2622
91.45	30.2786
91.5	30.2944
91.55	30.3101
91.6	30.3256
91.65	30.3413
91.7	30.357
91.75	30.3735
91.8	30.3905
91.85	30.4075
91.9	30.4242
91.95	30.4408
92	30.4571
92.05	30.4732
92.1	30.489
92.15	30.5048
92.2	30.5207
92.25	30.5367
92.3	30.5528
92.35	30.5694
92.4	30.5861
92.45	30.6029
92.5	30.6192
92.55	30.6349
92.6	30.6509
92.65	30.6675
92.7	30.6838
92.75	30.7002
92.8	30.7168
92.85	30.7344
92.9	30.7518
92.95	30.769
93	30.7862
93.05	30.8029
93.1	30.8189
93.15	30.835
93.2	30.8525
93.25	30.8702
93.3	30.8885
93.35	30.9066
93.4	30.9246
93.45	30.9425
93.5	30.9606
93.55	30.9786
93.6	30.9962
93.65	31.014
93.7	31.0315
93.75	31.0499
93.8	31.0676
93.85	31.0861
93.9	31.1049
93.95	31.1237
94	31.1425
94.05	31.1622
94.1	31.1816
94.15	31.2011
94.2	31.2201
94.25	31.2386
94.3	31.2572
94.35	31.276
94.4	31.2942
94.45	31.3119
94.5	31.3294
94.55	31.3473
94.6	31.3652
94.65	31.3828
94.7	31.4013
94.75	31.4192
94.8	31.437
94.85	31.4545
94.9	31.472
94.95	31.4905
95	31.5084
95.05	31.5259
95.1	31.5429
95.15	31.5607
95.2	31.5778
95.25	31.5945
95.3	31.6108
95.35	31.6277
95.4	31.6444
95.45	31.6614
95.5	31.6781
95.55	31.6947
95.6	31.711
95.65	31.7276
95.7	31.7443
95.75	31.7608
95.8	31.7776
95.85	31.7944
95.9	31.8113
95.95	31.8281
96	31.8451
96.05	31.8622
96.1	31.8783
96.15	31.8957
96.2	31.9118
96.25	31.9272
96.3	31.9428
96.35	31.9587
96.4	31.9742
96.45	31.9897
96.5	32.0054
96.55	32.021
96.6	32.0374
96.65	32.0538
96.7	32.0701
96.75	32.0867
96.8	32.1027
96.85	32.118
96.9	32.1342
96.95	32.1503
97	32.1657
97.05	32.1814
97.1	32.1972
97.15	32.2139
97.2	32.2302
97.25	32.247
97.3	32.2629
97.35	32.2797
97.4	32.2965
97.45	32.3122
97.5	32.3285
97.55	32.345
97.6	32.3615
97.65	32.3784
97.7	32.3952
97.75	32.4112
97.8	32.4273
97.85	32.4448
97.9	32.4616
97.95	32.4782
98	32.4955
98.05	32.5128
98.1	32.531
98.15	32.549
98.2	32.5668
98.25	32.5841
98.3	32.6016
98.35	32.6187
98.4	32.6353
98.45	32.6523
98.5	32.6697
98.55	32.687
98.6	32.7039
98.65	32.7211
98.7	32.7385
98.75	32.756
98.8	32.7732
98.85	32.7906
98.9	32.8081
98.95	32.8254
99	32.8425
99.05	32.8596
99.1	32.8761
99.15	32.8924
99.2	32.9085
99.25	32.925
99.3	32.9414
99.35	32.9579
99.4	32.9736
99.45	32.9893
99.5	33.0046
99.55	33.0202
99.6	33.0361
99.65	33.0518
99.7	33.0683
99.75	33.0846
99.8	33.1013
99.85	33.1179
99.9	33.1359
99.95	33.1537
100	33.1707
100.05	33.1877
100.1	33.2041
100.15	33.2208
100.2	33.2376
100.25	33.2542
100.3	33.2715
100.35	33.2888
100.4	33.3066
100.45	33.3242
100.5	33.3419
100.55	33.3598
100.6	33.3773
100.65	33.3947
100.7	33.4127
100.75	33.4292
100.8	33.4457
100.85	33.4624
100.9	33.4794
100.95	33.4962
101	33.5129
101.05	33.5302
101.1	33.5475
101.15	33.5651
101.2	33.5826
101.25	33.5995
101.3	33.6166
101.35	33.6342
101.4	33.6513
101.45	33.6683
101.5	33.6864
101.55	33.7044
101.6	33.7222
101.65	33.7399
101.7	33.7574
101.75	33.7745
101.8	33.7917
101.85	33.8088
101.9	33.8259
101.95	33.8418
102	33.8576
102.05	33.8742
102.1	33.8908
102.15	33.9074
102.2	33.924
102.25	33.9409
102.3	33.9579
102.35	33.9747
102.4	33.9912
102.45	34.0077
102.5	34.0239
102.55	34.0403
102.6	34.0566
102.65	34.0729
102.7	34.0905
102.75	34.1079
102.8	34.1252
102.85	34.1416
102.9	34.158
102.95	34.1745
103	34.191
103.05	34.2079
103.1	34.2241
103.15	34.2406
103.2	34.2568
103.25	34.2733
103.3	34.2904
103.35	34.3075
103.4	34.3245
103.45	34.3418
103.5	34.3589
103.55	34.3759
103.6	34.3929
103.65	34.41
103.7	34.427
103.75	34.4451
103.8	34.4632
103.85	34.4811
103.9	34.4983
103.95	34.5168
104	34.5351
104.05	34.5533
104.1	34.5717
104.15	34.5899
104.2	34.6074
104.25	34.6248
104.3	34.642
104.35	34.6588
104.4	34.6761
104.45	34.6932
104.5	34.7105
104.55	34.7278
104.6	34.7459
104.65	34.7634
104.7	34.7803
104.75	34.7964
104.8	34.8125
104.85	34.8291
104.9	34.845
104.95	34.8597
105	34.8743
105.05	34.8881
105.1	34.9029
105.15	34.9172
105.2	34.9319
105.25	34.9477
105.3	34.9636
105.35	34.9796
105.4	34.9958
105.45	35.0117
105.5	35.0282
105.55	35.0448
105.6	35.0612
105.65	35.0783
105.7	35.0953
105.75	35.112
105.8	35.1285
105.85	35.1442
105.9	35.1603
105.95	35.1764
106	35.1919
106.05	35.2078
106.1	35.2236
106.15	35.2395
106.2	35.256
106.25	35.2731
106.3	35.2901
106.35	35.3072
106.4	35.3247
106.45	35.3418
106.5	35.3581
106.55	35.3746
106.6	35.391
106.65	35.4069
106.7	35.4223
106.75	35.4361
106.8	35.4493
106.85	35.4628
106.9	35.4768
106.95	35.4916
107	35.5056
107.05	35.5194
107.1	35.5333
107.15	35.5479
107.2	35.5625
107.25	35.5783
107.3	35.5948
107.35	35.6115
107.4	35.6278
107.45	35.644
107.5	35.6605
107.55	35.6774
107.6	35.6944
107.65	35.7116
107.7	35.7294
107.75	35.747
107.8	35.7646
107.85	35.7817
107.9	35.7984
107.95	35.8152
108	35.8309
108.05	35.847
108.1	35.8632
108.15	35.8795
108.2	35.8963
108.25	35.9137
108.3	35.9311
108.35	35.9476
108.4	35.9632
108.45	35.9789
108.5	35.9952
108.55	36.0123
108.6	36.0291
108.65	36.046
108.7	36.0627
108.75	36.0793
108.8	36.0969
108.85	36.1138
108.9	36.1307
108.95	36.148
109	36.1654
109.05	36.1837
109.1	36.2012
109.15	36.2193
109.2	36.2378
109.25	36.2557
109.3	36.2738
109.35	36.2922
109.4	36.31
109.45	36.3282
109.5	36.3463
109.55	36.3646
109.6	36.3818
109.65	36.399
109.7	36.4154
109.75	36.4317
109.8	36.4479
109.85	36.4636
109.9	36.4794
109.95	36.4951
110	36.511
110.05	36.5269
110.1	36.5428
110.15	36.5588
110.2	36.5753
110.25	36.5917
110.3	36.6072
110.35	36.6225
110.4	36.6379
110.45	36.6535
110.5	36.6693
110.55	36.6849
110.6	36.7004
110.65	36.716
110.7	36.732
110.75	36.749
110.8	36.766
110.85	36.7833
110.9	36.7989
110.95	36.8149
111	36.8312
111.05	36.8471
111.1	36.8627
111.15	36.8785
111.2	36.894
111.25	36.91
111.3	36.9263
111.35	36.9428
111.4	36.9591
111.45	36.9758
111.5	36.9936
111.55	37.0111
111.6	37.0285
111.65	37.0458
111.7	37.063
111.75	37.0796
111.8	37.0958
111.85	37.1116
111.9	37.1284
111.95	37.1443
112	37.1609
112.05	37.1772
112.1	37.1937
112.15	37.2096
112.2	37.226
112.25	37.2427
112.3	37.2594
112.35	37.2766
112.4	37.2939
112.45	37.3113
112.5	37.328
112.55	37.3438
112.6	37.3593
112.65	37.3759
112.7	37.3921
112.75	37.4083
112.8	37.4244
112.85	37.4401
112.9	37.4561
112.95	37.4731
113	37.4898
113.05	37.5074
113.1	37.5248
113.15	37.5421
113.2	37.5602
113.25	37.5783
113.3	37.5957
113.35	37.6127
113.4	37.6295
113.45	37.6473
113.5	37.6653
113.55	37.6831
113.6	37.7007
113.65	37.7175
113.7	37.7344
113.75	37.7513
113.8	37.7685
113.85	37.7869
113.9	37.8047
113.95	37.822
114	37.8388
114.05	37.8565
114.1	37.8738
114.15	37.8905
114.2	37.9069
114.25	37.9241
114.3	37.9407
114.35	37.9575
114.4	37.9731
114.45	37.9887
114.5	38.0043
114.55	38.02
114.6	38.0349
114.65	38.0487
114.7	38.063
114.75	38.0778
114.8	38.0925
114.85	38.1077
114.9	38.1234
114.95	38.1399
115	38.1567
115.05	38.1728
115.1	38.1889
115.15	38.2046
115.2	38.2205
115.25	38.2368
115.3	38.2529
115.35	38.2688
115.4	38.2859
115.45	38.3031
115.5	38.3194
115.55	38.3359
115.6	38.3521
115.65	38.369
115.7	38.3849
115.75	38.4009
115.8	38.4177
115.85	38.4345
115.9	38.4512
115.95	38.4679
116	38.4846
116.05	38.5013
116.1	38.5181
116.15	38.535
116.2	38.5518
116.25	38.5679
116.3	38.5841
116.35	38.6002
116.4	38.6161
116.45	38.6322
116.5	38.6484
116.55	38.6647
116.6	38.681
116.65	38.6974
116.7	38.7143
116.75	38.7308
116.8	38.7477
116.85	38.7644
116.9	38.7812
116.95	38.799
117	38.817
117.05	38.8351
117.1	38.8526
117.15	38.8701
117.2	38.8878
117.25	38.9053
117.3	38.9226
117.35	38.94
117.4	38.9575
117.45	38.975
117.5	38.9926
117.55	39.0103
117.6	39.0281
117.65	39.0452
117.7	39.0626
117.75	39.0799
117.8	39.0975
117.85	39.1149
117.9	39.1323
117.95	39.1495
118	39.1669
118.05	39.1842
118.1	39.2021
118.15	39.2199
118.2	39.2375
118.25	39.2543
118.3	39.271
118.35	39.2889
118.4	39.3063
118.45	39.3238
118.5	39.3411
118.55	39.3585
118.6	39.3759
118.65	39.3936
118.7	39.4111
118.75	39.4283
118.8	39.4448
118.85	39.4614
118.9	39.4777
118.95	39.4939
119	39.5092
119.05	39.5243
119.1	39.5416
119.15	39.5588
119.2	39.576
119.25	39.5932
119.3	39.6112
119.35	39.6289
119.4	39.6456
119.45	39.6617
119.5	39.6777
119.55	39.6933
119.6	39.709
119.65	39.7249
119.7	39.7409
119.75	39.7565
119.8	39.7723
119.85	39.7881
119.9	39.8039
119.95	39.8192
120	39.8346
120.05	39.8505
120.1	39.8667
120.15	39.8827
120.2	39.8976
120.25	39.912
120.3	39.9268
120.35	39.942
120.4	39.9569
120.45	39.9721
120.5	39.9874
120.55	40.0026
120.6	40.0185
120.65	40.0347
120.7	40.051
120.75	40.067
120.8	40.0831
120.85	40.0997
120.9	40.1168
120.95	40.1337
121	40.1513
121.05	40.1686
121.1	40.1862
121.15	40.203
121.2	40.2195
121.25	40.236
121.3	40.2529
121.35	40.2697
121.4	40.2864
121.45	40.3031
121.5	40.3192
121.55	40.3355
121.6	40.3521
121.65	40.3692
121.7	40.3872
121.75	40.4036
121.8	40.42
121.85	40.4373
121.9	40.4552
121.95	40.4739
122	40.4914
122.05	40.5087
122.1	40.5257
122.15	40.5433
122.2	40.5609
122.25	40.5784
122.3	40.596
122.35	40.6146
122.4	40.6329
122.45	40.6515
122.5	40.6699
122.55	40.6882
122.6	40.7062
122.65	40.7235
122.7	40.7411
122.75	40.7588
122.8	40.7764
122.85	40.7946
122.9	40.8126
122.95	40.8302
123	40.848
123.05	40.8658
123.1	40.884
123.15	40.9013
123.2	40.9198
123.25	40.9379
123.3	40.9565
123.35	40.9738
123.4	40.9916
123.45	41.0093
123.5	41.0266
123.55	41.0439
123.6	41.0612
123.65	41.0781
123.7	41.0957
123.75	41.1132
123.8	41.1303
123.85	41.1472
123.9	41.1642
123.95	41.1803
124	41.1971
124.05	41.2138
124.1	41.2308
124.15	41.247
124.2	41.2638
124.25	41.2807
124.3	41.2976
124.35	41.3146
124.4	41.3311
124.45	41.3474
124.5	41.3635
124.55	41.3797
124.6	41.3946
124.65	41.4104
124.7	41.4259
124.75	41.4416
124.8	41.4577
124.85	41.4748
124.9	41.4917
124.95	41.5093
125	41.5268
125.05	41.5444
125.1	41.562
125.15	41.579
125.2	41.5966
125.25	41.613
125.3	41.6298
125.35	41.6465
125.4	41.6623
125.45	41.6776
125.5	41.693
125.55	41.7075
125.6	41.7222
125.65	41.7358
125.7	41.7502
125.75	41.7648
125.8	41.7796
125.85	41.794
125.9	41.8086
125.95	41.8244
126	41.8404
126.05	41.857
126.1	41.874
126.15	41.8908
126.2	41.9067
126.25	41.9232
126.3	41.9388
126.35	41.9548
126.4	41.9708
126.45	41.9866
126.5	42.0039
126.55	42.0211
126.6	42.0381
126.65	42.055
126.7	42.0719
126.75	42.0886
126.8	42.105
126.85	42.1215
126.9	42.138
126.95	42.1543
127	42.1703
127.05	42.1858
127.1	42.2019
127.15	42.2181
127.2	42.2347
127.25	42.2514
127.3	42.2688
127.35	42.2863
127.4	42.3033
127.45	42.3201
127.5	42.3366
127.55	42.3527
127.6	42.3697
127.65	42.3866
127.7	42.4028
127.75	42.4191
127.8	42.4355
127.85	42.452
127.9	42.4687
127.95	42.4855
128	42.5022
128.05	42.5193
128.1	42.5365
128.15	42.5538
128.2	42.5717
128.25	42.5891
128.3	42.6063
128.35	42.6235
128.4	42.6391
128.45	42.655
128.5	42.6709
128.55	42.6869
128.6	42.7029
128.65	42.719
128.7	42.7349
128.75	42.7514
128.8	42.768
128.85	42.7836
128.9	42.7993
128.95	42.8155
129	42.832
129.05	42.848
129.1	42.8651
129.15	42.882
129.2	42.8973
129.25	42.9129
129.3	42.9287
129.35	42.9441
129.4	42.9593
129.45	42.9748
129.5	42.9905
129.55	43.0056
129.6	43.0202
129.65	43.0341
129.7	43.0484
129.75	43.0631
129.8	43.0779
129.85	43.0931
129.9	43.1085
129.95	43.1241
130	43.1396
130.05	43.1555
130.1	43.1715
130.15	43.1871
130.2	43.2028
130.25	43.2188
130.3	43.2347
130.35	43.2512
130.4	43.2676
130.45	43.2841
130.5	43.3017
130.55	43.3194
130.6	43.3375
130.65	43.3545
130.7	43.3707
130.75	43.3873
130.8	43.4044
130.85	43.4211
130.9	43.4376
130.95	43.4536
131	43.4698
131.05	43.4847
131.1	43.5005
131.15	43.5162
131.2	43.5319
131.25	43.5482
131.3	43.5644
131.35	43.5814
131.4	43.5985
131.45	43.6162
131.5	43.6338
131.55	43.6511
131.6	43.6677
131.65	43.6842
131.7	43.7004
131.75	43.7167
131.8	43.7329
131.85	43.7487
131.9	43.7655
131.95	43.7828
132	43.7989
132.05	43.8157
132.1	43.8322
132.15	43.8481
132.2	43.8643
132.25	43.8805
132.3	43.8964
132.35	43.9131
132.4	43.9295
132.45	43.9468
132.5	43.9623
132.55	43.9785
132.6	43.9943
132.65	44.0102
132.7	44.0268
132.75	44.0445
132.8	44.0623
132.85	44.08
132.9	44.0979
132.95	44.1154
133	44.1329
133.05	44.1501
133.1	44.1667
133.15	44.1832
133.2	44.199
133.25	44.2151
133.3	44.2314
133.35	44.2473
133.4	44.2633
133.45	44.2795
133.5	44.2957
133.55	44.3125
133.6	44.3297
133.65	44.3469
133.7	44.3641
133.75	44.3812
133.8	44.3979
133.85	44.4143
133.9	44.4306
133.95	44.4466
134	44.463
134.05	44.4783
134.1	44.4935
134.15	44.5086
134.2	44.5235
134.25	44.5385
134.3	44.5536
134.35	44.5688
134.4	44.584
134.45	44.6001
134.5	44.6168
134.55	44.6335
134.6	44.649
134.65	44.6641
134.7	44.6794
134.75	44.6952
134.8	44.7118
134.85	44.7288
134.9	44.7466
134.95	44.7639
135	44.7808
135.05	44.7971
135.1	44.8148
135.15	44.8331
135.2	44.8512
135.25	44.8691
135.3	44.8861
135.35	44.9029
135.4	44.9196
135.45	44.9356
135.5	44.9523
135.55	44.9688
135.6	44.9854
135.65	45.0018
135.7	45.0182
135.75	45.0341
135.8	45.0493
135.85	45.0654
135.9	45.0818
135.95	45.0984
136	45.1143
136.05	45.1308
136.1	45.1478
136.15	45.1658
136.2	45.1835
136.25	45.201
136.3	45.2184
136.35	45.2359
136.4	45.2531
136.45	45.2704
136.5	45.2874
136.55	45.305
136.6	45.3219
136.65	45.3388
136.7	45.3545
136.75	45.3698
136.8	45.3851
136.85	45.4013
136.9	45.4186
136.95	45.4358
137	45.4538
137.05	45.4704
137.1	45.4876
137.15	45.5053
137.2	45.5227
137.25	45.5396
137.3	45.5571
137.35	45.575
137.4	45.5924
137.45	45.6093
137.5	45.6256
137.55	45.6421
137.6	45.6587
137.65	45.6759
137.7	45.6934
137.75	45.7108
137.8	45.7278
137.85	45.7446
137.9	45.7613
137.95	45.7782
138	45.7952
138.05	45.8116
138.1	45.8282
138.15	45.845
138.2	45.8624
138.25	45.8794
138.3	45.8967
138.35	45.9134
138.4	45.9301
138.45	45.9462
138.5	45.9635
138.55	45.981
138.6	45.9984
138.65	46.0157
138.7	46.0327
138.75	46.05
138.8	46.0669
138.85	46.0839
138.9	46.1007
138.95	46.1167
139	46.1334
139.05	46.1503
139.1	46.1671
139.15	46.1838
139.2	46.2008
139.25	46.2176
139.3	46.2345
139.35	46.2521
139.4	46.2694
139.45	46.2867
139.5	46.304
139.55	46.3207
139.6	46.3376
139.65	46.355
139.7	46.3704
139.75	46.3863
139.8	46.4032
139.85	46.4195
139.9	46.436
139.95	46.4518
140	46.4677
140.05	46.4836
140.1	46.4989
140.15	46.5146
140.2	46.5303
140.25	46.546
140.3	46.5621
140.35	46.5782
140.4	46.5957
140.45	46.6132
140.5	46.6308
140.55	46.649
140.6	46.6675
140.65	46.686
140.7	46.7042
140.75	46.7224
140.8	46.74
140.85	46.7578
140.9	46.7752
140.95	46.7924
141	46.8099
141.05	46.8273
141.1	46.8446
141.15	46.8616
141.2	46.8782
141.25	46.8943
141.3	46.9106
141.35	46.9274
141.4	46.9442
141.45	46.961
141.5	46.9778
141.55	46.995
141.6	47.0119
141.65	47.0298
141.7	47.0479
141.75	47.068
141.8	47.0875
141.85	47.1063
141.9	47.1249
141.95	47.1431
142	47.1611
142.05	47.179
142.1	47.1966
142.15	47.2141
142.2	47.2314
142.25	47.2491
142.3	47.2666
142.35	47.284
142.4	47.3003
142.45	47.3166
142.5	47.3329
142.55	47.3494
142.6	47.3653
142.65	47.3813
142.7	47.3964
142.75	47.4117
142.8	47.4284
142.85	47.4443
142.9	47.4604
142.95	47.4769
143	47.494
143.05	47.5097
143.1	47.5256
143.15	47.543
143.2	47.5616
143.25	47.5798
143.3	47.5989
143.35	47.6181
143.4	47.6372
143.45	47.6561
143.5	47.6744
143.55	47.6923
143.6	47.7088
143.65	47.7255
143.7	47.7421
143.75	47.7588
143.8	47.7747
143.85	47.7909
143.9	47.807
143.95	47.823
144	47.8393
144.05	47.8557
144.1	47.8719
144.15	47.8883
144.2	47.9049
144.25	47.9212
144.3	47.9375
144.35	47.9542
144.4	47.9702
144.45	47.9862
144.5	48.0023
144.55	48.0169
144.6	48.0319
144.65	48.0473
144.7	48.0628
144.75	48.0785
144.8	48.0949
144.85	48.1113
144.9	48.1279
144.95	48.1438
145	48.1594
145.05	48.1764
145.1	48.1935
145.15	48.2105
145.2	48.2278
145.25	48.2448
145.3	48.2619
145.35	48.2787
145.4	48.296
145.45	48.3128
145.5	48.3297
145.55	48.3468
145.6	48.364
145.65	48.3805
145.7	48.3986
145.75	48.4164
145.8	48.434
145.85	48.4516
145.9	48.469
145.95	48.4853
146	48.5018
146.05	48.5185
146.1	48.5346
146.15	48.5503
146.2	48.5664
146.25	48.5827
146.3	48.5997
146.35	48.617
146.4	48.634
146.45	48.6498
146.5	48.6641
146.55	48.6789
146.6	48.6939
146.65	48.7094
146.7	48.7251
146.75	48.7418
146.8	48.7582
146.85	48.7751
146.9	48.7918
146.95	48.809
147	48.8261
147.05	48.8441
147.1	48.8614
147.15	48.8782
147.2	48.8944
147.25	48.9105
147.3	48.927
147.35	48.9442
147.4	48.962
147.45	48.9794
147.5	48.9969
147.55	49.0132
147.6	49.0302
147.65	49.0471
147.7	49.0641
147.75	49.0816
147.8	49.0988
147.85	49.1163
147.9	49.1335
147.95	49.1506
148	49.1674
148.05	49.1843
148.1	49.2009
148.15	49.2177
148.2	49.2345
148.25	49.2513
148.3	49.2688
148.35	49.2863
148.4	49.3039
148.45	49.3214
148.5	49.3387
148.55	49.3555
148.6	49.3733
148.65	49.391
148.7	49.4081
148.75	49.4254
148.8	49.4435
148.85	49.4603
148.9	49.477
148.95	49.4937
149	49.5104
149.05	49.527
149.1	49.5445
149.15	49.5627
149.2	49.5807
149.25	49.5984
149.3	49.6153
149.35	49.6313
149.4	49.6464
149.45	49.6622
149.5	49.6778
149.55	49.694
149.6	49.7113
149.65	49.7288
149.7	49.746
149.75	49.7631
149.8	49.7796
149.85	49.7967
149.9	49.8137
149.95	49.8299
150	49.8463
150.05	49.8629
150.1	49.8783
150.15	49.8928
150.2	49.9076
150.25	49.9232
150.3	49.9378
150.35	49.953
150.4	49.9673
150.45	49.9829
150.5	49.9973
150.55	50.0116
150.6	50.0262
150.65	50.0408
150.7	50.0558
150.75	50.0707
150.8	50.0853
150.85	50.1002
150.9	50.1152
150.95	50.1306
151	50.1454
151.05	50.1604
151.1	50.1754
151.15	50.1915
151.2	50.2075
151.25	50.2235
151.3	50.239
151.35	50.2553
151.4	50.2717
151.45	50.2881
151.5	50.3043
151.55	50.3203
151.6	50.3366
151.65	50.3533
151.7	50.3699
151.75	50.3876
151.8	50.405
151.85	50.422
151.9	50.4395
151.95	50.4576
152	50.4757
152.05	50.4926
152.1	50.5091
152.15	50.5248
152.2	50.54
152.25	50.5559
152.3	50.5722
152.35	50.5886
152.4	50.6047
152.45	50.6208
152.5	50.6378
152.55	50.6555
152.6	50.673
152.65	50.6904
152.7	50.7071
152.75	50.7238
152.8	50.7406
152.85	50.757
152.9	50.7735
152.95	50.7888
153	50.805
153.05	50.8214
153.1	50.8382
153.15	50.855
153.2	50.872
153.25	50.8882
153.3	50.9046
153.35	50.9212
153.4	50.937
153.45	50.9524
153.5	50.9683
153.55	50.9837
153.6	50.9981
153.65	51.0135
153.7	51.0286
153.75	51.0439
153.8	51.0592
153.85	51.0752
153.9	51.0917
153.95	51.1084
154	51.1248
154.05	51.1416
154.1	51.1584
154.15	51.1753
154.2	51.1921
154.25	51.2093
154.3	51.2273
154.35	51.2457
154.4	51.264
154.45	51.2821
154.5	51.3
154.55	51.3174
154.6	51.3354
154.65	51.3534
154.7	51.3711
154.75	51.388
154.8	51.4047
154.85	51.422
154.9	51.4391
154.95	51.4562
155	51.4727
155.05	51.4893
155.1	51.5065
155.15	51.5238
155.2	51.5409
155.25	51.5576
155.3	51.5744
155.35	51.5912
155.4	51.608
155.45	51.6248
155.5	51.6431
155.55	51.6611
155.6	51.6789
155.65	51.6966
155.7	51.714
155.75	51.7312
155.8	51.7484
155.85	51.7651
155.9	51.7821
155.95	51.7995
156	51.8158
156.05	51.8317
156.1	51.8476
156.15	51.8637
156.2	51.8794
156.25	51.8952
156.3	51.9111
156.35	51.9274
156.4	51.9433
156.45	51.9595
156.5	51.9756
156.55	51.9923
156.6	52.0096
156.65	52.0264
156.7	52.0432
156.75	52.0593
156.8	52.076
156.85	52.0927
156.9	52.1093
156.95	52.126
157	52.1427
157.05	52.1599
157.1	52.1767
157.15	52.194
157.2	52.2114
157.25	52.2283
157.3	52.245
157.35	52.2617
157.4	52.2786
157.45	52.2944
157.5	52.3103
157.55	52.3254
157.6	52.3413
157.65	52.3564
157.7	52.3716
157.75	52.3859
157.8	52.4006
157.85	52.4153
157.9	52.43
157.95	52.445
158	52.4594
158.05	52.474
158.1	52.4889
158.15	52.5045
158.2	52.5213
158.25	52.5388
158.3	52.5562
158.35	52.5741
158.4	52.5918
158.45	52.6101
158.5	52.6285
158.55	52.6466
158.6	52.6636
158.65	52.681
158.7	52.6981
158.75	52.7152
158.8	52.7314
158.85	52.7476
158.9	52.7644
158.95	52.781
159	52.7981
159.05	52.8146
159.1	52.8314
159.15	52.8481
159.2	52.8654
159.25	52.8824
159.3	52.8995
159.35	52.9166
159.4	52.9338
159.45	52.9498
159.5	52.9658
159.55	52.9809
159.6	52.9958
159.65	53.0111
159.7	53.0265
159.75	53.0419
159.8	53.0575
159.85	53.0732
159.9	53.0888
159.95	53.1049
160	53.1205
160.05	53.1355
160.1	53.1508
160.15	53.1662
160.2	53.182
160.25	53.1978
160.3	53.214
160.35	53.2303
160.4	53.2478
160.45	53.2643
160.5	53.2814
160.55	53.2987
160.6	53.3158
160.65	53.3333
160.7	53.3507
160.75	53.3685
160.8	53.3864
160.85	53.4037
160.9	53.4208
160.95	53.4378
161	53.4546
161.05	53.4715
161.1	53.4886
161.15	53.5061
161.2	53.5233
161.25	53.5406
161.3	53.5578
161.35	53.5751
161.4	53.5928
161.45	53.61
161.5	53.6263
161.55	53.6428
161.6	53.6594
161.65	53.6756
161.7	53.6915
161.75	53.7077
161.8	53.7232
161.85	53.7388
161.9	53.7545
161.95	53.7695
162	53.7847
162.05	53.7999
162.1	53.8152
162.15	53.8309
162.2	53.8465
162.25	53.8623
162.3	53.8779
162.35	53.8936
162.4	53.9096
162.45	53.9259
162.5	53.9414
162.55	53.9565
162.6	53.9715
162.65	53.9866
162.7	54.0015
162.75	54.0169
162.8	54.0328
162.85	54.0487
162.9	54.0644
162.95	54.0799
163	54.0955
163.05	54.1118
163.1	54.1288
163.15	54.1462
163.2	54.1633
163.25	54.1801
163.3	54.1973
163.35	54.2141
163.4	54.2309
163.45	54.2476
163.5	54.2653
163.55	54.2826
163.6	54.2996
163.65	54.3165
163.7	54.3343
163.75	54.3514
163.8	54.3683
163.85	54.3849
163.9	54.4017
163.95	54.418
164	54.4341
164.05	54.4506
164.1	54.4658
164.15	54.4805
164.2	54.4955
164.25	54.5108
164.3	54.5256
164.35	54.5401
164.4	54.5552
164.45	54.571
164.5	54.5866
164.55	54.6025
164.6	54.6181
164.65	54.634
164.7	54.6499
164.75	54.6653
164.8	54.6811
164.85	54.6974
164.9	54.7141
164.95	54.7305
165	54.7482
165.05	54.7661
165.1	54.7842
165.15	54.8017
165.2	54.8182
165.25	54.8352
165.3	54.8514
165.35	54.8672
165.4	54.8843
165.45	54.9012
165.5	54.918
165.55	54.9348
165.6	54.9515
165.65	54.9684
165.7	54.9848
165.75	55.0014
165.8	55.0179
165.85	55.0345
165.9	55.0511
165.95	55.0675
166	55.0837
166.05	55.1017
166.1	55.1194
166.15	55.1369
166.2	55.1542
166.25	55.1718
166.3	55.1885
166.35	55.2046
166.4	55.2208
166.45	55.2369
166.5	55.2522
166.55	55.2676
166.6	55.2831
166.65	55.2986
166.7	55.3145
166.75	55.3306
166.8	55.3471
166.85	55.3628
166.9	55.3779
166.95	55.3935
167	55.4093
167.05	55.4241
167.1	55.4383
167.15	55.4538
167.2	55.469
167.25	55.485
167.3	55.5007
167.35	55.5168
167.4	55.5324
167.45	55.5484
167.5	55.5646
167.55	55.5807
167.6	55.5968
167.65	55.6139
167.7	55.6303
167.75	55.6467
167.8	55.6626
167.85	55.6783
167.9	55.6942
167.95	55.711
168	55.7272
168.05	55.7435
168.1	55.7605
168.15	55.7779
168.2	55.7952
168.25	55.8123
168.3	55.8282
168.35	55.8449
168.4	55.8616
168.45	55.8781
168.5	55.8946
168.55	55.9114
168.6	55.9302
168.65	55.9487
168.7	55.9671
168.75	55.9854
168.8	56.0034
168.85	56.0212
168.9	56.0384
168.95	56.0552
169	56.0714
169.05	56.0872
169.1	56.1025
169.15	56.1183
169.2	56.1337
169.25	56.1491
169.3	56.1648
169.35	56.1815
169.4	56.1978
169.45	56.2143
169.5	56.2303
169.55	56.2465
169.6	56.2629
169.65	56.2795
169.7	56.2957
169.75	56.3119
169.8	56.3293
169.85	56.3467
169.9	56.364
169.95	56.3819
170	56.3996
170.05	56.4176
170.1	56.4354
170.15	56.4544
170.2	56.474
170.25	56.493
170.3	56.5104
170.35	56.5282
170.4	56.5459
170.45	56.5631
170.5	56.5804
170.55	56.5976
170.6	56.6145
170.65	56.6313
170.7	56.648
170.75	56.6646
170.8	56.6812
170.85	56.6978
170.9	56.7136
170.95	56.7295
171	56.7465
171.05	56.7632
171.1	56.7792
171.15	56.795
171.2	56.8115
171.25	56.8279
171.3	56.8447
171.35	56.8614
171.4	56.8781
171.45	56.8951
171.5	56.9126
171.55	56.93
171.6	56.9474
171.65	56.9649
171.7	56.9824
171.75	57
171.8	57.017
171.85	57.033
171.9	57.0495
171.95	57.0661
172	57.0826
172.05	57.1
172.1	57.1176
172.15	57.1349
172.2	57.1522
172.25	57.1701
172.3	57.1882
172.35	57.2065
172.4	57.2249
172.45	57.2428
172.5	57.2609
172.55	57.2783
172.6	57.295
172.65	57.3119
172.7	57.3274
172.75	57.3427
172.8	57.3589
172.85	57.3754
172.9	57.3921
172.95	57.4086
173	57.4268
173.05	57.445
173.1	57.4628
173.15	57.4805
173.2	57.498
173.25	57.5156
173.3	57.5333
173.35	57.5509
173.4	57.569
173.45	57.5868
173.5	57.6044
173.55	57.6217
173.6	57.6385
173.65	57.6552
173.7	57.6719
173.75	57.6884
173.8	57.7047
173.85	57.72
173.9	57.7363
173.95	57.7524
174	57.7693
174.05	57.7863
174.1	57.8012
174.15	57.8165
174.2	57.8319
174.25	57.8474
174.3	57.8633
174.35	57.8801
174.4	57.8961
174.45	57.912
174.5	57.9269
174.55	57.9417
174.6	57.9573
174.65	57.9731
174.7	57.989
174.75	58.0054
174.8	58.0218
174.85	58.0382
174.9	58.0544
174.95	58.0712
175	58.0882
175.05	58.1063
175.1	58.1235
175.15	58.1411
175.2	58.1585
175.25	58.1757
175.3	58.1925
175.35	58.2093
175.4	58.2258
175.45	58.2428
175.5	58.2602
175.55	58.2776
175.6	58.2957
175.65	58.3137
175.7	58.3321
175.75	58.3495
175.8	58.3667
175.85	58.383
175.9	58.3993
175.95	58.4152
176	58.4304
176.05	58.4463
176.1	58.463
176.15	58.4793
176.2	58.4956
176.25	58.511
176.3	58.527
176.35	58.5431
176.4	58.5593
176.45	58.5756
176.5	58.5923
176.55	58.6086
176.6	58.625
176.65	58.6418
176.7	58.6583
176.75	58.6747
176.8	58.6913
176.85	58.7077
176.9	58.7239
176.95	58.7396
177	58.7546
177.05	58.7694
177.1	58.7846
177.15	58.7999
177.2	58.8159
177.25	58.8322
177.3	58.8491
177.35	58.8661
177.4	58.8833
177.45	58.9009
177.5	58.9183
177.55	58.9355
177.6	58.9523
177.65	58.9691
177.7	58.986
177.75	59.0037
177.8	59.0211
177.85	59.0381
177.9	59.0547
177.95	59.0716
178	59.0885
178.05	59.1055
178.1	59.1221
178.15	59.1383
178.2	59.1538
178.25	59.1696
178.3	59.1855
178.35	59.2011
178.4	59.2174
178.45	59.234
178.5	59.2503
178.55	59.2668
178.6	59.2831
178.65	59.2995
178.7	59.3162
178.75	59.3324
178.8	59.3493
178.85	59.3661
178.9	59.383
178.95	59.4002
179	59.418
179.05	59.4351
179.1	59.4523
179.15	59.4701
179.2	59.4879
179.25	59.5055
179.3	59.523
179.35	59.5403
179.4	59.5575
179.45	59.5751
179.5	59.5924
179.55	59.6099
179.6	59.6279
179.65	59.6447
179.7	59.6618
179.75	59.678
179.8	59.6942
179.85	59.7116
179.9	59.7291
179.95	59.7466
180	59.7629
180.05	59.7793
180.1	59.7951
180.15	59.8118
180.2	59.829
180.25	59.8457
180.3	59.8624
180.35	59.8801
180.4	59.8984
180.45	59.9166
180.5	59.9341
180.55	59.952
180.6	59.9695
180.65	59.9869
180.7	60.0053
180.75	60.0229
180.8	60.0406
180.85	60.058
180.9	60.0747
180.95	60.0917
181	60.1072
181.05	60.1209
181.1	60.135
181.15	60.1497
181.2	60.1654
181.25	60.1816
181.3	60.1978
181.35	60.2148
181.4	60.2316
181.45	60.2497
181.5	60.2676
181.55	60.2847
181.6	60.3014
181.65	60.318
181.7	60.3349
181.75	60.3515
181.8	60.3686
181.85	60.3855
181.9	60.4022
181.95	60.4192
182	60.4355
182.05	60.4524
182.1	60.4696
182.15	60.486
182.2	60.5024
182.25	60.5179
182.3	60.533
182.35	60.5485
182.4	60.5642
182.45	60.5799
182.5	60.5953
182.55	60.6113
182.6	60.6274
182.65	60.6437
182.7	60.6599
182.75	60.6763
182.8	60.6924
182.85	60.7079
182.9	60.7231
182.95	60.739
183	60.7539
183.05	60.7689
183.1	60.7842
183.15	60.7993
183.2	60.8154
183.25	60.8316
183.3	60.8478
183.35	60.8646
183.4	60.8814
183.45	60.8975
183.5	60.9131
183.55	60.9292
183.6	60.9458
183.65	60.9623
183.7	60.9798
183.75	60.9979
183.8	61.0159
183.85	61.0334
183.9	61.0501
183.95	61.067
184	61.0832
184.05	61.0993
184.1	61.1161
184.15	61.1337
184.2	61.1511
184.25	61.1683
184.3	61.1859
184.35	61.2036
184.4	61.2215
184.45	61.2401
184.5	61.2584
184.55	61.2765
184.6	61.2945
184.65	61.3119
184.7	61.3292
184.75	61.3473
184.8	61.3647
184.85	61.3821
184.9	61.3994
184.95	61.4167
185	61.4338
185.05	61.4507
185.1	61.4686
185.15	61.4863
185.2	61.5044
185.25	61.5238
185.3	61.5425
185.35	61.5606
185.4	61.5785
185.45	61.5959
185.5	61.6124
185.55	61.6297
185.6	61.6466
185.65	61.6635
185.7	61.6804
185.75	61.6977
185.8	61.7147
185.85	61.7317
185.9	61.7481
185.95	61.7639
186	61.7784
186.05	61.7943
186.1	61.8103
186.15	61.8269
186.2	61.8436
186.25	61.8607
186.3	61.8777
186.35	61.8947
186.4	61.9137
186.45	61.9324
186.5	61.9507
186.55	61.9688
186.6	61.9867
186.65	62.0046
186.7	62.0222
186.75	62.0398
186.8	62.0563
186.85	62.0735
186.9	62.0905
186.95	62.1072
187	62.1242
187.05	62.141
187.1	62.1572
187.15	62.1734
187.2	62.1901
187.25	62.2073
187.3	62.2249
187.35	62.2429
187.4	62.2605
187.45	62.2786
187.5	62.2969
187.55	62.3149
187.6	62.3321
187.65	62.3495
187.7	62.3666
187.75	62.3836
187.8	62.4005
187.85	62.4166
187.9	62.4331
187.95	62.4496
188	62.4663
188.05	62.4831
188.1	62.5006
188.15	62.5181
188.2	62.5357
188.25	62.5536
188.3	62.5719
188.35	62.5904
188.4	62.6087
188.45	62.6267
188.5	62.6455
188.55	62.6636
188.6	62.6817
188.65	62.6995
188.7	62.7173
188.75	62.7349
188.8	62.7522
188.85	62.7694
188.9	62.7865
188.95	62.8042
189	62.8218
189.05	62.839
189.1	62.8557
189.15	62.8724
189.2	62.8889
189.25	62.9051
189.3	62.9214
189.35	62.9381
189.4	62.9548
189.45	62.9715
189.5	62.9884
189.55	63.0052
189.6	63.0226
189.65	63.0398
189.7	63.0568
189.75	63.0745
189.8	63.0924
189.85	63.11
189.9	63.1274
189.95	63.1448
190	63.1626
190.05	63.1801
190.1	63.1979
190.15	63.2156
190.2	63.2331
190.25	63.2499
190.3	63.2669
190.35	63.2835
190.4	63.3001
190.45	63.3163
190.5	63.3331
190.55	63.3494
190.6	63.3656
190.65	63.3814
190.7	63.3976
190.75	63.4141
190.8	63.4307
190.85	63.4468
190.9	63.4631
190.95	63.4796
191	63.496
191.05	63.5119
191.1	63.5281
191.15	63.544
191.2	63.5598
191.25	63.5756
191.3	63.5916
191.35	63.6077
191.4	63.6236
191.45	63.6395
191.5	63.6558
191.55	63.6715
191.6	63.6878
191.65	63.7048
191.7	63.7219
191.75	63.739
191.8	63.7562
191.85	63.7728
191.9	63.7896
191.95	63.807
192	63.8257
192.05	63.8446
192.1	63.863
192.15	63.8808
192.2	63.899
192.25	63.9164
192.3	63.9337
192.35	63.949
192.4	63.9646
192.45	63.9796
192.5	63.9955
192.55	64.0101
192.6	64.0251
192.65	64.0404
192.7	64.0564
192.75	64.0729
192.8	64.0893
192.85	64.1056
192.9	64.1215
192.95	64.1382
193	64.1549
193.05	64.1704
193.1	64.1861
193.15	64.2028
193.2	64.2192
193.25	64.2355
193.3	64.2519
193.35	64.2686
193.4	64.2851
193.45	64.3019
193.5	64.3184
193.55	64.3347
193.6	64.351
193.65	64.3673
193.7	64.3836
193.75	64.4012
193.8	64.419
193.85	64.4371
193.9	64.4554
193.95	64.474
194	64.492
194.05	64.5098
194.1	64.5252
194.15	64.5409
194.2	64.556
194.25	64.5715
194.3	64.5882
194.35	64.6053
194.4	64.6228
194.45	64.6403
194.5	64.6581
194.55	64.6753
194.6	64.6924
194.65	64.7095
194.7	64.7279
194.75	64.7463
194.8	64.7638
194.85	64.7804
194.9	64.797
194.95	64.8139
195	64.8306
195.05	64.8473
195.1	64.8639
195.15	64.8803
195.2	64.8971
195.25	64.9131
195.3	64.9292
195.35	64.9454
195.4	64.9618
195.45	64.9782
195.5	64.9954
195.55	65.0125
195.6	65.0302
195.65	65.0474
195.7	65.0644
195.75	65.0809
195.8	65.0973
195.85	65.1135
195.9	65.1297
195.95	65.146
196	65.1625
196.05	65.1787
196.1	65.1942
196.15	65.2092
196.2	65.2245
196.25	65.2404
196.3	65.2565
196.35	65.2726
196.4	65.2888
196.45	65.306
196.5	65.322
196.55	65.3378
196.6	65.3539
196.65	65.3703
196.7	65.3863
196.75	65.402
196.8	65.4174
196.85	65.4323
196.9	65.4478
196.95	65.4631
197	65.4783
197.05	65.4939
197.1	65.5096
197.15	65.5253
197.2	65.5413
197.25	65.5574
197.3	65.5737
197.35	65.5892
197.4	65.6055
197.45	65.6219
197.5	65.6384
197.55	65.6556
197.6	65.6732
197.65	65.6919
197.7	65.7101
197.75	65.7281
197.8	65.7456
197.85	65.7629
197.9	65.78
197.95	65.7971
198	65.8147
198.05	65.8321
198.1	65.8488
198.15	65.8655
198.2	65.8829
198.25	65.9001
198.3	65.9179
198.35	65.935
198.4	65.952
198.45	65.969
198.5	65.9857
198.55	66.0024
198.6	66.0188
198.65	66.0344
198.7	66.0497
198.75	66.0655
198.8	66.0813
198.85	66.0972
198.9	66.1135
198.95	66.1304
199	66.1468
199.05	66.1638
199.1	66.18
199.15	66.1962
199.2	66.2117
199.25	66.2273
199.3	66.2432
199.35	66.2593
199.4	66.2748
199.45	66.2905
199.5	66.3064
199.55	66.3225
199.6	66.3383
199.65	66.3541
199.7	66.37
199.75	66.3859
199.8	66.4023
199.85	66.4186
199.9	66.4345
199.95	66.4506
200	66.4658
200.05	66.4806
200.1	66.4957
200.15	66.511
200.2	66.5267
200.25	66.5424
200.3	66.5586
200.35	66.5748
200.4	66.5904
200.45	66.6063
200.5	66.6226
200.55	66.6388
200.6	66.6557
200.65	66.6739
200.7	66.6921
200.75	66.7103
200.8	66.7287
200.85	66.7462
200.9	66.7636
200.95	66.7812
201	66.7986
201.05	66.8157
201.1	66.8328
201.15	66.8501
201.2	66.866
201.25	66.8824
201.3	66.8989
201.35	66.9157
201.4	66.9318
201.45	66.9477
201.5	66.9635
201.55	66.9788
201.6	66.9945
201.65	67.0107
201.7	67.0257
201.75	67.041
201.8	67.0562
201.85	67.0721
201.9	67.0878
201.95	67.1022
202	67.1174
202.05	67.1328
202.1	67.1486
202.15	67.1657
202.2	67.1823
202.25	67.199
202.3	67.2149
202.35	67.2312
202.4	67.2485
202.45	67.2656
202.5	67.2829
202.55	67.3008
202.6	67.3184
202.65	67.3358
202.7	67.3528
202.75	67.3697
202.8	67.3866
202.85	67.4037
202.9	67.4196
202.95	67.4355
203	67.4516
203.05	67.4676
203.1	67.4839
203.15	67.5003
203.2	67.5167
203.25	67.533
203.3	67.5504
203.35	67.5681
203.4	67.5861
203.45	67.6046
203.5	67.6222
203.55	67.6398
203.6	67.6575
203.65	67.6746
203.7	67.6916
203.75	67.709
203.8	67.7253
203.85	67.7419
203.9	67.7599
203.95	67.7764
204	67.7931
204.05	67.8098
204.1	67.8263
204.15	67.8419
204.2	67.8574
204.25	67.8725
204.3	67.8877
204.35	67.9035
204.4	67.9191
204.45	67.9362
204.5	67.9533
204.55	67.9706
204.6	67.9887
204.65	68.0066
204.7	68.0241
204.75	68.0415
204.8	68.057
204.85	68.0728
204.9	68.0886
204.95	68.1047
205	68.1214
205.05	68.1382
205.1	68.1529
205.15	68.1683
205.2	68.1824
205.25	68.1967
205.3	68.212
205.35	68.2272
205.4	68.2427
205.45	68.2581
205.5	68.2736
205.55	68.2891
205.6	68.3051
205.65	68.3213
205.7	68.3376
205.75	68.3544
205.8	68.3707
205.85	68.3872
205.9	68.4037
205.95	68.42
206	68.4361
206.05	68.4532
206.1	68.4704
206.15	68.4874
206.2	68.5044
206.25	68.5216
206.3	68.5387
206.35	68.556
206.4	68.573
206.45	68.5897
206.5	68.6066
206.55	68.623
206.6	68.6397
206.65	68.6565
206.7	68.6734
206.75	68.6901
206.8	68.7069
206.85	68.7233
206.9	68.7405
206.95	68.7576
207	68.7749
207.05	68.7928
207.1	68.8107
207.15	68.8278
207.2	68.8443
207.25	68.8608
207.3	68.8776
207.35	68.8942
207.4	68.9105
207.45	68.9261
207.5	68.9417
207.55	68.9578
207.6	68.9747
207.65	68.9918
207.7	69.0091
207.75	69.0263
207.8	69.0447
207.85	69.0629
207.9	69.0799
207.95	69.0969
208	69.1138
208.05	69.1306
208.1	69.1471
208.15	69.1636
208.2	69.1798
208.25	69.1965
208.3	69.2122
208.35	69.2281
208.4	69.244
208.45	69.2606
208.5	69.2773
208.55	69.2943
208.6	69.3111
208.65	69.3281
208.7	69.3445
208.75	69.3618
208.8	69.3797
208.85	69.3958
208.9	69.412
208.95	69.4285
209	69.4452
209.05	69.462
209.1	69.4796
209.15	69.4968
209.2	69.5138
209.25	69.5309
209.3	69.5484
209.35	69.5657
209.4	69.5822
209.45	69.5988
209.5	69.614
209.55	69.6294
209.6	69.6452
209.65	69.6616
209.7	69.678
209.75	69.6954
209.8	69.7117
209.85	69.7277
209.9	69.7437
209.95	69.7595
210	69.7754
210.05	69.7912
210.1	69.8071
210.15	69.8232
210.2	69.8394
210.25	69.8555
210.3	69.8717
210.35	69.8869
210.4	69.9018
210.45	69.9174
210.5	69.933
210.55	69.9488
210.6	69.9644
210.65	69.98
210.7	69.9966
210.75	70.0135
210.8	70.0304
210.85	70.0474
210.9	70.0646
210.95	70.0813
211	70.098
211.05	70.1147
211.1	70.1318
211.15	70.1491
211.2	70.1668
211.25	70.1843
211.3	70.2016
211.35	70.2185
211.4	70.2347
211.45	70.2514
211.5	70.2676
211.55	70.2839
211.6	70.3002
211.65	70.3163
211.7	70.3345
211.75	70.3525
211.8	70.3702
211.85	70.3879
211.9	70.4059
211.95	70.4233
212	70.4404
212.05	70.4575
212.1	70.4749
212.15	70.4922
212.2	70.5098
212.25	70.5273
212.3	70.546
212.35	70.5646
212.4	70.5842
212.45	70.6032
212.5	70.6227
212.55	70.641
212.6	70.6589
212.65	70.6766
212.7	70.6927
212.75	70.7086
212.8	70.7247
212.85	70.741
212.9	70.7571
212.95	70.7737
213	70.7902
213.05	70.8066
213.1	70.8231
213.15	70.8397
213.2	70.8562
213.25	70.8725
213.3	70.889
213.35	70.9057
213.4	70.9232
213.45	70.9386
213.5	70.9545
213.55	70.9705
213.6	70.9865
213.65	71.0024
213.7	71.0178
213.75	71.0335
213.8	71.0492
213.85	71.0648
213.9	71.0807
213.95	71.0976
214	71.1147
214.05	71.1313
214.1	71.1479
214.15	71.1638
214.2	71.18
214.25	71.1964
214.3	71.2122
214.35	71.2279
214.4	71.243
214.45	71.2583
214.5	71.2741
214.55	71.2896
214.6	71.3045
214.65	71.3207
214.7	71.3382
214.75	71.3562
214.8	71.374
214.85	71.3914
214.9	71.4087
214.95	71.4257
215	71.4439
215.05	71.4618
215.1	71.4795
215.15	71.4973
215.2	71.5149
215.25	71.5322
215.3	71.5496
215.35	71.567
215.4	71.5855
215.45	71.6039
215.5	71.6209
215.55	71.6368
215.6	71.6523
215.65	71.6685
215.7	71.6851
215.75	71.7017
215.8	71.7185
215.85	71.7349
215.9	71.7521
215.95	71.7691
216	71.7863
216.05	71.8035
216.1	71.8214
216.15	71.8394
216.2	71.8571
216.25	71.8739
216.3	71.8904
216.35	71.9069
216.4	71.9227
216.45	71.9391
216.5	71.9546
216.55	71.9692
216.6	71.9848
216.65	72.0019
216.7	72.0187
216.75	72.0357
216.8	72.0519
216.85	72.0685
216.9	72.0848
216.95	72.1015
217	72.1185
217.05	72.1355
217.1	72.1516
217.15	72.1676
217.2	72.1836
217.25	72.1999
217.3	72.2156
217.35	72.2312
217.4	72.2473
217.45	72.263
217.5	72.279
217.55	72.2956
217.6	72.3121
217.65	72.3291
217.7	72.3463
217.75	72.3634
217.8	72.3805
217.85	72.398
217.9	72.4156
217.95	72.4326
218	72.4494
218.05	72.4667
218.1	72.4839
218.15	72.5012
218.2	72.5182
218.25	72.5354
218.3	72.5517
218.35	72.5676
218.4	72.5834
218.45	72.5999
218.5	72.6162
218.55	72.6331
218.6	72.6505
218.65	72.6677
218.7	72.6847
218.75	72.701
218.8	72.7176
218.85	72.7342
218.9	72.7508
218.95	72.7664
219	72.7824
219.05	72.7989
219.1	72.8153
219.15	72.8316
219.2	72.8475
219.25	72.8637
219.3	72.8802
219.35	72.8958
219.4	72.9119
219.45	72.9289
219.5	72.9459
219.55	72.9631
219.6	72.9805
219.65	72.9982
219.7	73.0138
219.75	73.0299
219.8	73.046
219.85	73.0623
219.9	73.0786
219.95	73.0948
220	73.1108
220.05	73.1256
220.1	73.141
220.15	73.1567
220.2	73.1726
220.25	73.1879
220.3	73.2039
220.35	73.2199
220.4	73.2365
220.45	73.2531
220.5	73.2688
220.55	73.2846
220.6	73.3017
220.65	73.3197
220.7	73.3376
220.75	73.3547
220.8	73.3722
220.85	73.3897
220.9	73.4071
220.95	73.4244
221	73.4412
221.05	73.4578
221.1	73.4744
221.15	73.4913
221.2	73.5078
221.25	73.5249
221.3	73.5417
221.35	73.558
221.4	73.5742
221.45	73.5906
221.5	73.6068
221.55	73.6237
221.6	73.6405
221.65	73.6572
221.7	73.6736
221.75	73.6902
221.8	73.7065
221.85	73.7227
221.9	73.7401
221.95	73.7568
222	73.7734
222.05	73.789
222.1	73.8043
222.15	73.8198
222.2	73.8356
222.25	73.8519
222.3	73.8682
222.35	73.8841
222.4	73.8995
222.45	73.9151
222.5	73.9307
222.55	73.9452
222.6	73.9602
222.65	73.9754
222.7	73.9904
222.75	74.0054
222.8	74.0197
222.85	74.0345
222.9	74.0487
222.95	74.0632
223	74.078
223.05	74.0933
223.1	74.1087
223.15	74.1246
223.2	74.1418
223.25	74.1597
223.3	74.1772
223.35	74.1948
223.4	74.2117
223.45	74.2278
223.5	74.2446
223.55	74.2618
223.6	74.2794
223.65	74.2973
223.7	74.3146
223.75	74.3321
223.8	74.3493
223.85	74.3666
223.9	74.384
223.95	74.4002
224	74.4164
224.05	74.4324
224.1	74.4492
224.15	74.4654
224.2	74.4812
224.25	74.4971
224.3	74.5136
224.35	74.5309
224.4	74.5479
224.45	74.5648
224.5	74.582
224.55	74.5997
224.6	74.6185
224.65	74.6375
224.7	74.6562
224.75	74.6742
224.8	74.6927
224.85	74.7109
224.9	74.7279
224.95	74.7445
225	74.761
225.05	74.7781
225.1	74.7952
225.15	74.8124
225.2	74.8295
225.25	74.8464
225.3	74.8633
225.35	74.88
225.4	74.8965
225.45	74.9129
225.5	74.9295
225.55	74.946
225.6	74.962
225.65	74.9782
225.7	74.9949
225.75	75.0117
225.8	75.0291
225.85	75.0464
225.9	75.0633
225.95	75.0803
226	75.0972
226.05	75.114
226.1	75.1309
226.15	75.1482
226.2	75.1662
226.25	75.184
226.3	75.2015
226.35	75.2193
226.4	75.2375
226.45	75.2549
226.5	75.2733
226.55	75.2907
226.6	75.308
226.65	75.325
226.7	75.3421
226.75	75.3589
226.8	75.3759
226.85	75.393
226.9	75.41
226.95	75.427
227	75.444
227.05	75.4616
227.1	75.4793
227.15	75.4973
227.2	75.5154
227.25	75.5331
227.3	75.5514
227.35	75.5702
227.4	75.5891
227.45	75.6086
227.5	75.6272
227.55	75.6446
227.6	75.6605
227.65	75.6771
227.7	75.6939
227.75	75.7108
227.8	75.7278
227.85	75.7441
227.9	75.7604
227.95	75.7772
228	75.7934
228.05	75.8101
228.1	75.8265
228.15	75.843
228.2	75.8598
228.25	75.8768
228.3	75.8936
228.35	75.9103
228.4	75.9275
228.45	75.9443
228.5	75.9608
228.55	75.9772
228.6	75.9941
228.65	76.0116
228.7	76.029
228.75	76.0462
228.8	76.063
228.85	76.0779
228.9	76.093
228.95	76.1085
229	76.1249
229.05	76.1411
229.1	76.1573
229.15	76.1734
229.2	76.19
229.25	76.2066
229.3	76.2228
229.35	76.2388
229.4	76.2553
229.45	76.2717
229.5	76.2875
229.55	76.3036
229.6	76.3198
229.65	76.3359
229.7	76.3515
229.75	76.3666
229.8	76.3824
229.85	76.3987
229.9	76.4158
229.95	76.4328
230	76.4495
230.05	76.4658
230.1	76.4825
230.15	76.4983
230.2	76.5142
230.25	76.5313
230.3	76.5493
230.35	76.5671
230.4	76.5846
230.45	76.6016
230.5	76.618
230.55	76.6341
230.6	76.6503
230.65	76.6656
230.7	76.6822
230.75	76.699
230.8	76.7164
230.85	76.7337
230.9	76.7506
230.95	76.7673
231	76.7838
231.05	76.8006
231.1	76.8173
231.15	76.8344
231.2	76.8516
231.25	76.8687
231.3	76.8856
231.35	76.9027
231.4	76.9193
231.45	76.9358
231.5	76.9528
231.55	76.9696
231.6	76.987
231.65	77.0042
231.7	77.022
231.75	77.0392
231.8	77.0564
231.85	77.0735
231.9	77.091
231.95	77.1083
232	77.1255
232.05	77.1428
232.1	77.1596
232.15	77.1761
232.2	77.1925
232.25	77.2089
232.3	77.2262
232.35	77.2426
232.4	77.2589
232.45	77.2749
232.5	77.2911
232.55	77.3073
232.6	77.324
232.65	77.3415
232.7	77.3585
232.75	77.3761
232.8	77.3931
232.85	77.4117
232.9	77.43
232.95	77.4478
233	77.4652
233.05	77.4826
233.1	77.5004
233.15	77.5179
233.2	77.5357
233.25	77.5531
233.3	77.5697
233.35	77.5873
233.4	77.6046
233.45	77.6225
233.5	77.6397
233.55	77.6565
233.6	77.6738
233.65	77.6909
233.7	77.7081
233.75	77.7251
233.8	77.7409
233.85	77.7562
233.9	77.7712
233.95	77.7863
234	77.8017
234.05	77.8162
234.1	77.831
234.15	77.846
234.2	77.8616
234.25	77.8773
234.3	77.8935
234.35	77.9094
234.4	77.9244
234.45	77.9397
234.5	77.9554
234.55	77.9703
234.6	77.9856
234.65	78.0011
234.7	78.0179
234.75	78.0344
234.8	78.051
234.85	78.0676
234.9	78.0841
234.95	78.1013
235	78.1192
235.05	78.1374
235.1	78.1559
235.15	78.1739
235.2	78.1914
235.25	78.2088
235.3	78.2259
235.35	78.243
235.4	78.2589
235.45	78.2749
235.5	78.2908
235.55	78.3069
235.6	78.3223
235.65	78.3385
235.7	78.3541
235.75	78.3698
235.8	78.3854
235.85	78.4013
235.9	78.4173
235.95	78.4328
236	78.4478
236.05	78.4625
236.1	78.4768
236.15	78.4915
236.2	78.5075
236.25	78.5229
236.3	78.5387
236.35	78.5538
236.4	78.5692
236.45	78.5841
236.5	78.5995
236.55	78.6149
236.6	78.6304
236.65	78.6465
236.7	78.6627
236.75	78.679
236.8	78.6954
236.85	78.7107
236.9	78.7259
236.95	78.7415
237	78.7573
237.05	78.7738
237.1	78.79
237.15	78.8063
237.2	78.8226
237.25	78.8388
237.3	78.8552
237.35	78.872
237.4	78.8874
237.45	78.9033
237.5	78.9204
237.55	78.9378
237.6	78.955
237.65	78.9723
237.7	78.9893
237.75	79.0062
237.8	79.024
237.85	79.0424
237.9	79.0613
237.95	79.0807
238	79.0999
238.05	79.1189
238.1	79.137
238.15	79.1559
238.2	79.1744
238.25	79.1926
238.3	79.2114
238.35	79.2309
238.4	79.2499
238.45	79.2679
238.5	79.2852
238.55	79.3022
238.6	79.3191
238.65	79.3354
238.7	79.3517
238.75	79.3677
238.8	79.3836
238.85	79.3995
238.9	79.4161
238.95	79.4322
239	79.4488
239.05	79.4654
239.1	79.4826
239.15	79.4995
239.2	79.5168
239.25	79.5331
239.3	79.5494
239.35	79.5653
239.4	79.581
239.45	79.5968
239.5	79.6127
239.55	79.6281
239.6	79.6434
239.65	79.6586
239.7	79.6745
239.75	79.6906
239.8	79.7064
239.85	79.7225
239.9	79.7389
239.95	79.7545
240	79.7707
240.05	79.7883
240.1	79.8056
240.15	79.8222
240.2	79.8386
240.25	79.856
240.3	79.8734
240.35	79.8906
240.4	79.9063
240.45	79.922
240.5	79.9378
240.55	79.9543
240.6	79.9712
240.65	79.9882
240.7	80.0053
240.75	80.0216
240.8	80.038
240.85	80.0552
240.9	80.0723
240.95	80.0894
241	80.1061
241.05	80.1228
241.1	80.1395
241.15	80.1563
241.2	80.1732
241.25	80.19
241.3	80.2059
241.35	80.2226
241.4	80.2391
241.45	80.2552
241.5	80.2714
241.55	80.2875
241.6	80.3034
241.65	80.3193
241.7	80.3355
241.75	80.3519
241.8	80.3689
241.85	80.3853
241.9	80.4016
241.95	80.4181
242	80.4351
242.05	80.4521
242.1	80.47
242.15	80.4879
242.2	80.5056
242.25	80.5228
242.3	80.5396
242.35	80.5558
242.4	80.572
242.45	80.5881
242.5	80.6044
242.55	80.6213
242.6	80.6376
242.65	80.6542
242.7	80.6706
242.75	80.6865
242.8	80.7025
242.85	80.7191
242.9	80.7361
242.95	80.7531
243	80.7698
243.05	80.7861
243.1	80.8024
243.15	80.8191
243.2	80.8362
243.25	80.8532
243.3	80.8703
243.35	80.8882
243.4	80.9058
243.45	80.9227
243.5	80.9395
243.55	80.9562
243.6	80.9732
243.65	80.99
243.7	81.0071
243.75	81.0235
243.8	81.0397
243.85	81.0553
243.9	81.071
243.95	81.0868
244	81.1029
244.05	81.1193
244.1	81.1355
244.15	81.1515
244.2	81.1671
244.25	81.1829
244.3	81.1989
244.35	81.2151
244.4	81.2318
244.45	81.2483
244.5	81.2649
244.55	81.2812
244.6	81.2972
244.65	81.3125
244.7	81.328
244.75	81.3436
244.8	81.3585
244.85	81.3737
244.9	81.389
244.95	81.4045
245	81.4211
245.05	81.4375
245.1	81.4542
245.15	81.4708
245.2	81.4862
245.25	81.5021
245.3	81.5185
245.35	81.535
245.4	81.5516
245.45	81.5671
245.5	81.5826
245.55	81.5993
245.6	81.616
245.65	81.6323
245.7	81.6483
245.75	81.6648
245.8	81.6809
245.85	81.697
245.9	81.7137
245.95	81.731
246	81.7482
246.05	81.7654
246.1	81.7811
246.15	81.7967
246.2	81.8131
246.25	81.8303
246.3	81.8473
246.35	81.8643
246.4	81.8813
246.45	81.897
246.5	81.9109
246.55	81.9253
246.6	81.9384
246.65	81.9525
246.7	81.9672
246.75	81.9825
246.8	81.9985
246.85	82.0143
246.9	82.0304
246.95	82.0462
247	82.0622
247.05	82.078
247.1	82.0928
247.15	82.1077
247.2	82.1229
247.25	82.1385
247.3	82.1548
247.35	82.1711
247.4	82.1869
247.45	82.2032
247.5	82.2191
247.55	82.2349
247.6	82.2509
247.65	82.2673
247.7	82.2834
247.75	82.2997
247.8	82.3163
247.85	82.3338
247.9	82.3518
247.95	82.3697
248	82.3888
248.05	82.4076
248.1	82.426
248.15	82.4443
248.2	82.4644
248.25	82.4841
248.3	82.5018
248.35	82.5198
248.4	82.538
248.45	82.5557
248.5	82.573
248.55	82.5898
248.6	82.6075
248.65	82.6257
248.7	82.6435
248.75	82.6607
248.8	82.6782
248.85	82.6957
248.9	82.7129
248.95	82.7301
249	82.7465
249.05	82.7631
249.1	82.7796
249.15	82.7962
249.2	82.8132
249.25	82.8302
249.3	82.8479
249.35	82.8653
249.4	82.8824
249.45	82.8992
249.5	82.9163
249.55	82.9338
249.6	82.9515
249.65	82.9695
249.7	82.9872
249.75	83.0049
249.8	83.0217
249.85	83.0378
249.9	83.0544
249.95	83.071
250	83.0865
250.05	83.1023
250.1	83.1184
250.15	83.1349
250.2	83.1513
250.25	83.1679
250.3	83.1834
250.35	83.1993
250.4	83.2152
250.45	83.2314
250.5	83.2479
250.55	83.2642
250.6	83.2804
250.65	83.2971
250.7	83.3146
250.75	83.3327
250.8	83.3513
250.85	83.3698
250.9	83.3884
250.95	83.4068
251	83.4249
251.05	83.4427
251.1	83.4602
251.15	83.4781
251.2	83.4956
251.25	83.5128
251.3	83.5302
251.35	83.5481
251.4	83.5667
251.45	83.585
251.5	83.603
251.55	83.6215
251.6	83.6384
251.65	83.655
251.7	83.671
251.75	83.6866
251.8	83.7023
251.85	83.7191
251.9	83.7357
251.95	83.7519
252	83.7681
252.05	83.7842
252.1	83.8007
252.15	83.8172
252.2	83.8344
252.25	83.8499
252.3	83.8656
252.35	83.8813
252.4	83.8971
252.45	83.9142
252.5	83.9319
252.55	83.9493
252.6	83.9667
252.65	83.9838
252.7	84.0015
252.75	84.0186
252.8	84.0353
252.85	84.0521
252.9	84.0701
252.95	84.0879
253	84.106
253.05	84.1236
253.1	84.1409
253.15	84.1579
253.2	84.1752
253.25	84.1925
253.3	84.2097
253.35	84.2267
253.4	84.2435
253.45	84.2602
253.5	84.2765
253.55	84.2943
253.6	84.3119
253.65	84.3293
253.7	84.3455
253.75	84.3623
253.8	84.3791
253.85	84.3956
253.9	84.412
253.95	84.4289
254	84.4455
254.05	84.4625
254.1	84.4782
254.15	84.494
254.2	84.5094
254.25	84.5261
254.3	84.543
254.35	84.5599
254.4	84.5764
254.45	84.5927
254.5	84.6096
254.55	84.6268
254.6	84.644
254.65	84.6606
254.7	84.6772
254.75	84.6944
254.8	84.7115
254.85	84.7283
254.9	84.7452
254.95	84.7616
255	84.7769
255.05	84.7923
255.1	84.808
255.15	84.8232
255.2	84.8386
255.25	84.8544
255.3	84.8709
255.35	84.8872
255.4	84.9036
255.45	84.9211
255.5	84.9395
255.55	84.9582
255.6	84.9769
255.65	84.9958
255.7	85.0124
255.75	85.0286
255.8	85.0449
255.85	85.0617
255.9	85.0784
255.95	85.0951
256	85.1118
256.05	85.1277
256.1	85.144
256.15	85.1605
256.2	85.1771
256.25	85.1944
256.3	85.2122
256.35	85.2297
256.4	85.2465
256.45	85.263
256.5	85.2796
256.55	85.296
256.6	85.3137
256.65	85.3315
256.7	85.349
256.75	85.3671
256.8	85.3861
256.85	85.4044
256.9	85.4224
256.95	85.44
257	85.4574
257.05	85.4751
257.1	85.4923
257.15	85.5104
257.2	85.5279
257.25	85.5446
257.3	85.5598
257.35	85.575
257.4	85.591
257.45	85.6076
257.5	85.6242
257.55	85.6408
257.6	85.6581
257.65	85.6745
257.7	85.6904
257.75	85.7069
257.8	85.7229
257.85	85.739
257.9	85.7554
257.95	85.7725
258	85.7893
258.05	85.806
258.1	85.8225
258.15	85.8385
258.2	85.854
258.25	85.8695
258.3	85.8856
258.35	85.902
258.4	85.9188
258.45	85.9346
258.5	85.95
258.55	85.9657
258.6	85.9815
258.65	85.9986
258.7	86.015
258.75	86.0313
258.8	86.0475
258.85	86.063
258.9	86.078
258.95	86.0941
259	86.1102
259.05	86.1266
259.1	86.1438
259.15	86.161
259.2	86.1776
259.25	86.194
259.3	86.2107
259.35	86.227
259.4	86.2433
259.45	86.2598
259.5	86.2762
259.55	86.2934
259.6	86.3106
259.65	86.3281
259.7	86.345
259.75	86.3616
259.8	86.3785
259.85	86.396
259.9	86.4132
259.95	86.4303
260	86.4475
260.05	86.4635
260.1	86.4794
260.15	86.4961
260.2	86.5128
260.25	86.5296
260.3	86.5462
260.35	86.563
260.4	86.5797
260.45	86.5964
260.5	86.6131
260.55	86.6299
260.6	86.6469
260.65	86.6633
260.7	86.6801
260.75	86.6971
260.8	86.7144
260.85	86.7315
260.9	86.7484
260.95	86.7651
261	86.7823
261.05	86.8002
261.1	86.8181
261.15	86.836
261.2	86.8543
261.25	86.8728
261.3	86.891
261.35	86.9077
261.4	86.9241
261.45	86.9409
261.5	86.9577
261.55	86.9745
261.6	86.9908
261.65	87.0071
261.7	87.0239
261.75	87.0408
261.8	87.0577
261.85	87.0743
261.9	87.0907
261.95	87.1071
262	87.1232
262.05	87.139
262.1	87.1551
262.15	87.1716
262.2	87.1882
262.25	87.205
262.3	87.2216
262.35	87.2382
262.4	87.2547
262.45	87.2712
262.5	87.2879
262.55	87.3043
262.6	87.321
262.65	87.338
262.7	87.3548
262.75	87.3719
262.8	87.3872
262.85	87.4009
262.9	87.4145
262.95	87.4291
263	87.4431
263.05	87.4576
263.1	87.4737
263.15	87.4899
263.2	87.5059
263.25	87.5225
263.3	87.5395
263.35	87.5566
263.4	87.5742
263.45	87.5906
263.5	87.6071
263.55	87.6228
263.6	87.6389
263.65	87.6552
263.7	87.6714
263.75	87.688
263.8	87.7044
263.85	87.721
263.9	87.7377
263.95	87.7544
264	87.7718
264.05	87.7898
264.1	87.8074
264.15	87.824
264.2	87.84
264.25	87.8553
264.3	87.8711
264.35	87.8879
264.4	87.9044
264.45	87.9209
264.5	87.9371
264.55	87.9532
264.6	87.9701
264.65	87.9865
264.7	88.0022
264.75	88.0179
264.8	88.0339
264.85	88.0495
264.9	88.0657
264.95	88.082
265	88.0984
265.05	88.1151
265.1	88.1319
265.15	88.1486
265.2	88.1646
265.25	88.1815
265.3	88.1982
265.35	88.2147
265.4	88.2312
265.45	88.2474
265.5	88.2639
265.55	88.2808
265.6	88.2973
265.65	88.3144
265.7	88.3312
265.75	88.3472
265.8	88.3632
265.85	88.3789
265.9	88.3951
265.95	88.4111
266	88.4268
266.05	88.4427
266.1	88.4588
266.15	88.4733
266.2	88.488
266.25	88.5045
266.3	88.5204
266.35	88.5364
266.4	88.5524
266.45	88.568
266.5	88.5838
266.55	88.5993
266.6	88.6159
266.65	88.6327
266.7	88.6506
266.75	88.668
266.8	88.6846
266.85	88.7011
266.9	88.7176
266.95	88.734
267	88.7504
267.05	88.7672
267.1	88.7841
267.15	88.8008
267.2	88.8168
267.25	88.8325
267.3	88.8482
267.35	88.8631
267.4	88.8775
267.45	88.8915
267.5	88.9051
267.55	88.9193
267.6	88.9335
267.65	88.9479
267.7	88.9619
267.75	88.9754
267.8	88.9895
267.85	89.0048
267.9	89.0196
267.95	89.0349
268	89.0511
268.05	89.067
268.1	89.0826
268.15	89.0989
268.2	89.1152
268.25	89.1317
268.3	89.1481
268.35	89.1651
268.4	89.1828
268.45	89.2
268.5	89.2177
268.55	89.235
268.6	89.2525
268.65	89.2709
268.7	89.2885
268.75	89.3057
268.8	89.3217
268.85	89.3382
268.9	89.3546
268.95	89.3713
269	89.3884
269.05	89.4053
269.1	89.4222
269.15	89.4392
269.2	89.456
269.25	89.4727
269.3	89.49
269.35	89.5073
269.4	89.5239
269.45	89.5406
269.5	89.5581
269.55	89.575
269.6	89.5908
269.65	89.6067
269.7	89.6232
269.75	89.6405
269.8	89.6579
269.85	89.6752
269.9	89.6924
269.95	89.7097
270	89.7272
270.05	89.7442
270.1	89.7612
270.15	89.7783
270.2	89.795
270.25	89.8123
270.3	89.8294
270.35	89.8464
270.4	89.863
270.45	89.8797
270.5	89.8965
270.55	89.9132
270.6	89.9307
270.65	89.948
270.7	89.9658
270.75	89.9835
270.8	90.0008
270.85	90.0194
270.9	90.0376
270.95	90.0554
271	90.0724
271.05	90.0893
271.1	90.1067
271.15	90.1245
271.2	90.1412
271.25	90.1584
271.3	90.1755
271.35	90.1932
271.4	90.2108
271.45	90.228
271.5	90.2454
271.55	90.2627
271.6	90.2806
271.65	90.2981
271.7	90.3154
271.75	90.3335
271.8	90.3502
271.85	90.3666
271.9	90.3827
271.95	90.3986
272	90.4146
272.05	90.4308
272.1	90.4468
272.15	90.4624
272.2	90.4788
272.25	90.496
272.3	90.513
272.35	90.5307
272.4	90.5477
272.45	90.5646
272.5	90.5812
272.55	90.596
272.6	90.611
272.65	90.6262
272.7	90.6409
272.75	90.656
272.8	90.6709
272.85	90.6863
272.9	90.7012
272.95	90.7153
273	90.7287
273.05	90.7428
273.1	90.7579
273.15	90.7743
273.2	90.7907
273.25	90.8069
273.3	90.8228
273.35	90.8388
273.4	90.8538
273.45	90.8693
273.5	90.8847
273.55	90.8998
273.6	90.9154
273.65	90.9309
273.7	90.9469
273.75	90.9629
273.8	90.9793
273.85	90.9971
273.9	91.0155
273.95	91.0336
274	91.0512
274.05	91.0687
274.1	91.0856
274.15	91.1018
274.2	91.1181
274.25	91.1348
274.3	91.1516
274.35	91.1685
274.4	91.1848
274.45	91.201
274.5	91.2172
274.55	91.2335
274.6	91.2494
274.65	91.265
274.7	91.2811
274.75	91.2968
274.8	91.3115
274.85	91.3276
274.9	91.344
274.95	91.3601
275	91.3772
275.05	91.3938
275.1	91.4098
275.15	91.4258
275.2	91.4423
275.25	91.4589
275.3	91.4758
275.35	91.4927
275.4	91.5098
275.45	91.527
275.5	91.5439
275.55	91.5603
275.6	91.5761
275.65	91.5921
275.7	91.6077
275.75	91.6235
275.8	91.6398
275.85	91.6562
275.9	91.6731
275.95	91.6887
276	91.7043
276.05	91.7195
276.1	91.7346
276.15	91.75
276.2	91.7652
276.25	91.7806
276.3	91.796
276.35	91.8114
276.4	91.827
276.45	91.8431
276.5	91.86
276.55	91.8778
276.6	91.8946
276.65	91.9112
276.7	91.9276
276.75	91.9442
276.8	91.9611
276.85	91.9778
276.9	91.9952
276.95	92.0124
277	92.029
277.05	92.0454
277.1	92.062
277.15	92.0786
277.2	92.0951
277.25	92.1116
277.3	92.1277
277.35	92.1442
277.4	92.1605
277.45	92.1768
277.5	92.1926
277.55	92.2082
277.6	92.225
277.65	92.2407
277.7	92.2572
277.75	92.2736
277.8	92.2903
277.85	92.3066
277.9	92.3227
277.95	92.3394
278	92.3556
278.05	92.3708
278.1	92.3863
278.15	92.4025
278.2	92.419
278.25	92.4367
278.3	92.4543
278.35	92.4704
278.4	92.4871
278.45	92.5038
278.5	92.5208
278.55	92.5375
278.6	92.5537
278.65	92.5702
278.7	92.5865
278.75	92.6035
278.8	92.6208
278.85	92.6376
278.9	92.6544
278.95	92.6711
279	92.6879
279.05	92.7046
279.1	92.7217
279.15	92.7399
279.2	92.7569
279.25	92.7734
279.3	92.7906
279.35	92.8074
279.4	92.8245
279.45	92.8413
279.5	92.859
279.55	92.8768
279.6	92.8946
279.65	92.9121
279.7	92.9287
279.75	92.9443
279.8	92.9608
279.85	92.9768
279.9	92.992
279.95	93.0075
280	93.0236
280.05	93.0388
280.1	93.0542
280.15	93.0694
280.2	93.0859
280.25	93.1024
280.3	93.1194
280.35	93.1367
280.4	93.1541
280.45	93.1719
280.5	93.1889
280.55	93.2049
280.6	93.2211
280.65	93.2375
280.7	93.2544
280.75	93.2707
280.8	93.2874
280.85	93.3038
280.9	93.3203
280.95	93.3377
281	93.355
281.05	93.3722
281.1	93.3893
281.15	93.4055
281.2	93.4217
281.25	93.4377
281.3	93.4532
281.35	93.4681
281.4	93.483
281.45	93.498
281.5	93.5131
281.55	93.5284
281.6	93.5448
281.65	93.5617
281.7	93.579
281.75	93.5972
281.8	93.6148
281.85	93.6322
281.9	93.6499
281.95	93.6672
282	93.6842
282.05	93.701
282.1	93.7174
282.15	93.7342
282.2	93.7507
282.25	93.7673
282.3	93.7837
282.35	93.8
282.4	93.8163
282.45	93.8332
282.5	93.8501
282.55	93.868
282.6	93.8861
282.65	93.9038
282.7	93.9212
282.75	93.9385
282.8	93.9558
282.85	93.9728
282.9	93.9909
282.95	94.0089
283	94.0276
283.05	94.0455
283.1	94.0633
283.15	94.0808
283.2	94.0979
283.25	94.1152
283.3	94.132
283.35	94.1492
283.4	94.1672
283.45	94.1849
283.5	94.2027
283.55	94.22
283.6	94.2365
283.65	94.2541
283.7	94.272
283.75	94.2894
283.8	94.3067
283.85	94.3249
283.9	94.3429
283.95	94.3608
284	94.3784
284.05	94.3965
284.1	94.4132
284.15	94.4304
284.2	94.4472
284.25	94.4636
284.3	94.4815
284.35	94.4987
284.4	94.516
284.45	94.5328
284.5	94.5493
284.55	94.5666
284.6	94.5835
284.65	94.6009
284.7	94.6176
284.75	94.6342
284.8	94.6509
284.85	94.6676
284.9	94.6844
284.95	94.7013
285	94.7184
285.05	94.7353
285.1	94.7527
285.15	94.7697
285.2	94.7864
285.25	94.8032
285.3	94.8212
285.35	94.8394
285.4	94.8578
285.45	94.8759
285.5	94.8936
285.55	94.911
285.6	94.9293
285.65	94.9472
285.7	94.9649
285.75	94.9828
285.8	95.0004
285.85	95.0172
285.9	95.0338
285.95	95.0506
286	95.0666
286.05	95.0819
286.1	95.0975
286.15	95.1131
286.2	95.1292
286.25	95.1454
286.3	95.1616
286.35	95.1779
286.4	95.194
286.45	95.2101
286.5	95.2255
286.55	95.241
286.6	95.2561
286.65	95.2716
286.7	95.2875
286.75	95.3034
286.8	95.3194
286.85	95.3354
286.9	95.3524
286.95	95.3699
287	95.3867
287.05	95.4036
287.1	95.4199
287.15	95.4362
287.2	95.4543
287.25	95.4728
287.3	95.4909
287.35	95.509
287.4	95.5264
287.45	95.5442
287.5	95.5629
287.55	95.5817
287.6	95.6002
287.65	95.6188
287.7	95.637
287.75	95.655
287.8	95.673
287.85	95.6906
287.9	95.7079
287.95	95.7248
288	95.7419
288.05	95.7582
288.1	95.7756
288.15	95.7928
288.2	95.8104
288.25	95.829
288.3	95.8476
288.35	95.8665
288.4	95.8842
288.45	95.9013
288.5	95.9188
288.55	95.936
288.6	95.9528
288.65	95.9696
288.7	95.9869
288.75	96.0043
288.8	96.0215
288.85	96.0394
288.9	96.0569
288.95	96.0733
289	96.0895
289.05	96.1067
289.1	96.1243
289.15	96.1416
289.2	96.1586
289.25	96.1745
289.3	96.1914
289.35	96.2068
289.4	96.2225
289.45	96.2388
289.5	96.2547
289.55	96.2706
289.6	96.2866
289.65	96.3032
289.7	96.3199
289.75	96.3367
289.8	96.3518
289.85	96.3666
289.9	96.3816
289.95	96.3964
290	96.4114
290.05	96.4269
290.1	96.4438
290.15	96.4606
290.2	96.4766
290.25	96.4929
290.3	96.5085
290.35	96.5255
290.4	96.5432
290.45	96.5609
290.5	96.5782
290.55	96.5954
290.6	96.6115
290.65	96.6277
290.7	96.6438
290.75	96.6601
290.8	96.6767
290.85	96.6936
290.9	96.7094
290.95	96.7244
291	96.7387
291.05	96.7534
291.1	96.7692
291.15	96.7852
291.2	96.8022
291.25	96.8196
291.3	96.8356
291.35	96.8519
291.4	96.8675
291.45	96.8834
291.5	96.8982
291.55	96.9129
291.6	96.9286
291.65	96.9447
291.7	96.9597
291.75	96.9742
291.8	96.9889
291.85	97.0039
291.9	97.0194
291.95	97.0349
292	97.0507
292.05	97.0673
292.1	97.084
292.15	97.1008
292.2	97.1175
292.25	97.1329
292.3	97.1487
292.35	97.1647
292.4	97.1809
292.45	97.1984
292.5	97.215
292.55	97.2312
292.6	97.2474
292.65	97.2642
292.7	97.2806
292.75	97.2975
292.8	97.3144
292.85	97.3313
292.9	97.3473
292.95	97.3631
293	97.3793
293.05	97.3962
293.1	97.4133
293.15	97.4301
293.2	97.4475
293.25	97.4649
293.3	97.4811
293.35	97.4977
293.4	97.515
293.45	97.5319
293.5	97.549
293.55	97.5658
293.6	97.5826
293.65	97.5997
293.7	97.6168
293.75	97.6337
293.8	97.65
293.85	97.6663
293.9	97.6827
293.95	97.6993
294	97.7157
294.05	97.7338
294.1	97.7516
294.15	97.7691
294.2	97.7864
294.25	97.804
294.3	97.8208
294.35	97.8374
294.4	97.8531
294.45	97.8689
294.5	97.8823
294.55	97.8963
294.6	97.9108
294.65	97.9254
294.7	97.9402
294.75	97.9557
294.8	97.9713
294.85	97.9856
294.9	97.9996
294.95	98.0142
295	98.0288
295.05	98.0436
295.1	98.0599
295.15	98.0758
295.2	98.0919
295.25	98.1077
295.3	98.1236
295.35	98.1397
295.4	98.1549
295.45	98.1708
295.5	98.1883
295.55	98.2044
295.6	98.2222
295.65	98.2411
295.7	98.2597
295.75	98.278
295.8	98.2954
295.85	98.3121
295.9	98.3293
295.95	98.3468
296	98.3653
296.05	98.3838
296.1	98.4015
296.15	98.4192
296.2	98.4367
296.25	98.4543
296.3	98.472
296.35	98.4894
296.4	98.5073
296.45	98.5242
296.5	98.5415
296.55	98.5594
296.6	98.5774
296.65	98.5949
296.7	98.6123
296.75	98.6294
296.8	98.6464
296.85	98.6631
296.9	98.6796
296.95	98.696
297	98.7124
297.05	98.7287
297.1	98.7449
297.15	98.7613
297.2	98.7789
297.25	98.7964
297.3	98.8146
297.35	98.8325
297.4	98.8504
297.45	98.8683
297.5	98.8869
297.55	98.9049
297.6	98.9223
297.65	98.9391
297.7	98.9553
297.75	98.972
297.8	98.9882
297.85	99.0046
297.9	99.0217
297.95	99.0392
298	99.056
298.05	99.0731
298.1	99.0902
298.15	99.1071
298.2	99.1249
298.25	99.1418
298.3	99.159
298.35	99.1761
298.4	99.1938
298.45	99.2117
298.5	99.2284
298.55	99.2456
298.6	99.2625
298.65	99.2792
298.7	99.2958
298.75	99.3135
298.8	99.33
298.85	99.3466
298.9	99.3629
298.95	99.379
299	99.3948
299.05	99.411
299.1	99.4271
299.15	99.4423
299.2	99.4576
299.25	99.474
299.3	99.4909
299.35	99.508
299.4	99.5253
299.45	99.5431
299.5	99.5611
299.55	99.5789
299.6	99.5962
299.65	99.6133
299.7	99.6313
299.75	99.6491
299.8	99.6661
299.85	99.6831
299.9	99.7004
299.95	99.7183
300	99.736
