###  Units are X_hat = 1.73cm.
-5	0
-4.99468	0.00531086
-4.98909	0.0108456
-4.98331	0.0163628
-4.97845	0.0219791
-4.97297	0.0278521
-4.96727	0.0339616
-4.96083	0.0400672
-4.95399	0.0460653
-4.94829	0.0520017
-4.94228	0.0582
-4.93659	0.0647028
-4.93067	0.0716669
-4.9249	0.0797141
-4.91927	0.0879548
-4.91351	0.0960395
-4.90802	0.10365
-4.9028	0.111211
-4.89603	0.119502
-4.8899	0.128078
-4.88413	0.136356
-4.87843	0.14509
-4.87264	0.152415
-4.86656	0.159951
-4.8613	0.167738
-4.85465	0.175923
-4.84814	0.183775
-4.84232	0.191241
-4.83717	0.197584
-4.83166	0.204508
-4.82607	0.210941
-4.8204	0.217586
-4.8149	0.225276
-4.80932	0.23294
-4.80228	0.241194
-4.7958	0.249272
-4.78939	0.257201
-4.78379	0.264772
-4.77825	0.272353
-4.77245	0.279521
-4.76654	0.286763
-4.76104	0.295074
-4.75553	0.301898
-4.74941	0.30852
-4.74201	0.314255
-4.73397	0.319871
-4.7256	0.325771
-4.71755	0.330921
-4.7094	0.335747
-4.70132	0.340445
-4.69461	0.345214
-4.68741	0.351001
-4.68131	0.355529
-4.67494	0.359949
-4.66791	0.366041
-4.66095	0.371927
-4.65375	0.378708
-4.64674	0.385475
-4.64008	0.391984
-4.63412	0.399024
-4.62766	0.407023
-4.62022	0.414582
-4.61294	0.420563
-4.60561	0.426574
-4.59869	0.433006
-4.59231	0.439477
-4.58517	0.445447
-4.57795	0.451799
-4.57079	0.457433
-4.56384	0.461979
-4.55672	0.466318
-4.54962	0.471546
-4.54224	0.476659
-4.53491	0.482204
-4.52735	0.486912
-4.5187	0.49183
-4.5104	0.496358
-4.50218	0.49953
-4.49461	0.502712
-4.48689	0.506744
-4.47926	0.510629
-4.47153	0.514538
-4.46395	0.518268
-4.45651	0.522143
-4.44945	0.525411
-4.44262	0.529371
-4.43551	0.533394
-4.42678	0.53766
-4.41841	0.540849
-4.41067	0.544992
-4.4032	0.549685
-4.39537	0.554676
-4.38714	0.560371
-4.37817	0.567728
-4.36921	0.574753
-4.36046	0.580626
-4.35103	0.585337
-4.34177	0.590144
-4.33294	0.594504
-4.32363	0.59937
-4.31523	0.604171
-4.30692	0.608766
-4.29832	0.613117
-4.28944	0.616642
-4.28036	0.620143
-4.27122	0.622913
-4.26193	0.62577
-4.25248	0.628926
-4.2429	0.632345
-4.23355	0.635031
-4.22301	0.638142
-4.21205	0.64041
-4.20037	0.642688
-4.18894	0.644933
-4.17799	0.647473
-4.1676	0.650041
-4.15743	0.651714
-4.14668	0.65281
-4.13643	0.653932
-4.12652	0.655457
-4.11589	0.656827
-4.106	0.659018
-4.0972	0.66162
-4.08876	0.664576
-4.07966	0.667347
-4.06889	0.670292
-4.05807	0.672933
-4.04752	0.675435
-4.03666	0.676837
-4.02618	0.678832
-4.01573	0.681569
-4.00539	0.684413
-3.99475	0.68698
-3.98452	0.689509
-3.97438	0.692933
-3.96449	0.696352
-3.95474	0.699362
-3.94445	0.701193
-3.93443	0.703065
-3.92512	0.70533
-3.91588	0.707785
-3.90772	0.710909
-3.90007	0.714164
-3.8919	0.716535
-3.88354	0.718831
-3.87527	0.721444
-3.86621	0.722869
-3.85821	0.724116
-3.84982	0.725644
-3.84015	0.726459
-3.83047	0.727328
-3.82082	0.728135
-3.81069	0.729487
-3.80173	0.729258
-3.79261	0.729595
-3.78329	0.729873
-3.77413	0.729926
-3.76647	0.729705
-3.75853	0.729497
-3.75026	0.730121
-3.74184	0.730663
-3.7332	0.731201
-3.72615	0.733437
-3.7193	0.73565
-3.71205	0.738054
-3.70495	0.740422
-3.69722	0.742033
-3.69043	0.743558
-3.68271	0.745625
-3.67505	0.749119
-3.66727	0.752659
-3.65783	0.75599
-3.64845	0.759154
-3.63913	0.762442
-3.63031	0.765594
-3.6212	0.769076
-3.61313	0.772882
-3.60558	0.777107
-3.59896	0.781139
-3.59227	0.785059
-3.58494	0.788587
-3.57762	0.794055
-3.56966	0.798769
-3.56135	0.803598
-3.55189	0.807303
-3.54214	0.810603
-3.53243	0.813767
-3.52279	0.817685
-3.51392	0.821482
-3.50462	0.825192
-3.49538	0.829194
-3.48595	0.833205
-3.47669	0.837121
-3.46748	0.840859
-3.45822	0.843667
-3.44908	0.847323
-3.43917	0.850711
-3.42903	0.854438
-3.41898	0.857721
-3.40922	0.860765
-3.39897	0.864182
-3.39056	0.867138
-3.38184	0.869852
-3.37357	0.872055
-3.36556	0.874735
-3.35737	0.877429
-3.34954	0.880264
-3.34214	0.882593
-3.33451	0.884992
-3.32641	0.887928
-3.31826	0.891527
-3.30999	0.894911
-3.30127	0.897896
-3.29211	0.901084
-3.28297	0.90426
-3.27386	0.907185
-3.26441	0.911094
-3.25516	0.914782
-3.24578	0.918565
-3.23701	0.923424
-3.22785	0.927301
-3.21849	0.931147
-3.20936	0.935174
-3.20024	0.938734
-3.19057	0.940878
-3.18104	0.942903
-3.17174	0.944993
-3.16249	0.946962
-3.15242	0.950217
-3.14336	0.954123
-3.1354	0.957967
-3.12732	0.961966
-3.11921	0.965966
-3.11032	0.970042
-3.10177	0.973761
-3.09162	0.978568
-3.08316	0.984589
-3.07496	0.990444
-3.06698	0.996614
-3.05904	1.00329
-3.05153	1.01019
-3.04331	1.01639
-3.0342	1.02335
-3.02555	1.02952
-3.01697	1.03464
-3.0084	1.03975
-2.99951	1.04499
-2.99047	1.05027
-2.98153	1.05545
-2.97097	1.06165
-2.96119	1.0676
-2.95178	1.07332
-2.94347	1.07814
-2.93519	1.08298
-2.92636	1.08813
-2.91792	1.09398
-2.91037	1.10022
-2.90453	1.10594
-2.89791	1.10991
-2.89039	1.11407
-2.88262	1.11822
-2.875	1.12238
-2.86682	1.1265
-2.8575	1.13133
-2.84823	1.13555
-2.83945	1.13755
-2.82922	1.13925
-2.81881	1.14149
-2.80812	1.14238
-2.79787	1.14157
-2.78768	1.14079
-2.77775	1.14053
-2.76788	1.1407
-2.75869	1.14145
-2.74944	1.14219
-2.74012	1.14245
-2.73032	1.14274
-2.72047	1.1446
-2.71036	1.14693
-2.70208	1.15038
-2.69391	1.15429
-2.68417	1.15856
-2.67494	1.16276
-2.66541	1.1672
-2.6553	1.17065
-2.64765	1.17299
-2.64005	1.17517
-2.63249	1.17715
-2.62399	1.17864
-2.61525	1.18041
-2.60637	1.18248
-2.5971	1.18431
-2.58761	1.18389
-2.578	1.18335
-2.56924	1.18221
-2.56017	1.18092
-2.55055	1.17972
-2.54105	1.17833
-2.53178	1.17653
-2.52316	1.17506
-2.51328	1.17398
-2.50271	1.17315
-2.49192	1.1725
-2.48102	1.17187
-2.46912	1.17165
-2.4586	1.1706
-2.4484	1.1699
-2.43803	1.16964
-2.42804	1.16839
-2.41821	1.16789
-2.4079	1.16783
-2.3979	1.16782
-2.38765	1.16792
-2.37707	1.16771
-2.36642	1.16639
-2.35652	1.16507
-2.34662	1.16333
-2.33668	1.16152
-2.32671	1.15971
-2.31688	1.1578
-2.30598	1.15532
-2.29379	1.15437
-2.28251	1.15329
-2.27172	1.15315
-2.26122	1.15292
-2.2516	1.15285
-2.24218	1.15299
-2.23319	1.15291
-2.22426	1.15346
-2.21512	1.15405
-2.20528	1.15434
-2.19523	1.15523
-2.18499	1.15575
-2.17463	1.15607
-2.16394	1.15607
-2.15388	1.15593
-2.14389	1.15584
-2.13386	1.15578
-2.12386	1.15548
-2.11483	1.15516
-2.10619	1.15481
-2.09765	1.15481
-2.08876	1.15576
-2.08003	1.15687
-2.07048	1.15803
-2.06107	1.15929
-2.05138	1.16005
-2.04244	1.16049
-2.03456	1.16102
-2.02614	1.16247
-2.01751	1.16374
-2.00877	1.16504
-1.99948	1.16589
-1.98956	1.1678
-1.97966	1.16961
-1.96867	1.17106
-1.95747	1.17243
-1.94653	1.17405
-1.93517	1.17625
-1.92283	1.17778
-1.91038	1.17918
-1.89886	1.18026
-1.88763	1.18107
-1.87693	1.18222
-1.86683	1.18381
-1.85761	1.18583
-1.84845	1.18782
-1.83949	1.19087
-1.82998	1.19419
-1.82074	1.19814
-1.81117	1.20138
-1.80142	1.20502
-1.79167	1.20853
-1.78185	1.21194
-1.77218	1.21542
-1.76233	1.21871
-1.75255	1.2219
-1.74327	1.22532
-1.7343	1.22844
-1.72699	1.2314
-1.71933	1.23351
-1.71078	1.23537
-1.7017	1.23693
-1.69227	1.23822
-1.68209	1.23934
-1.67278	1.23992
-1.66352	1.24067
-1.65423	1.24107
-1.6457	1.24025
-1.63725	1.23905
-1.62801	1.23793
-1.61924	1.23626
-1.61085	1.23458
-1.6017	1.23343
-1.5919	1.23155
-1.58202	1.22979
-1.57187	1.22804
-1.56198	1.22655
-1.55201	1.22527
-1.54168	1.22444
-1.5314	1.22399
-1.52111	1.22322
-1.51197	1.22299
-1.50284	1.22274
-1.49275	1.22092
-1.48395	1.22009
-1.47453	1.21931
-1.46492	1.22043
-1.45468	1.2212
-1.44382	1.2217
-1.43324	1.22227
-1.42263	1.22181
-1.41143	1.22116
-1.39977	1.22046
-1.38799	1.22019
-1.37748	1.21994
-1.3675	1.21908
-1.35769	1.21843
-1.34787	1.21787
-1.33756	1.21845
-1.32721	1.21865
-1.31791	1.2188
-1.30805	1.21913
-1.29824	1.21955
-1.28823	1.22052
-1.27801	1.2202
-1.2675	1.21987
-1.25698	1.21967
-1.24616	1.21963
-1.23552	1.21994
-1.22584	1.22085
-1.21506	1.2215
-1.20293	1.22139
-1.19103	1.22125
-1.18004	1.22098
-1.16982	1.22069
-1.1586	1.21881
-1.14848	1.21713
-1.13874	1.21564
-1.1299	1.21432
-1.12004	1.2135
-1.11104	1.21277
-1.10189	1.21201
-1.09301	1.21196
-1.08397	1.2119
-1.07473	1.21181
-1.06507	1.21129
-1.05517	1.21042
-1.04476	1.20965
-1.03489	1.20888
-1.02568	1.20832
-1.01593	1.20854
-1.00598	1.20873
-0.995956	1.20875
-0.98567	1.20765
-0.975735	1.20588
-0.966286	1.20418
-0.956849	1.20228
-0.948751	1.20065
-0.941122	1.19922
-0.932931	1.19761
-0.925018	1.19592
-0.916791	1.19449
-0.908898	1.1937
-0.900396	1.19244
-0.892438	1.19126
-0.883737	1.19011
-0.875187	1.18855
-0.865848	1.18794
-0.85675	1.18778
-0.847169	1.18862
-0.837021	1.18919
-0.82736	1.18994
-0.817701	1.19075
-0.80796	1.1908
-0.79811	1.19098
-0.789131	1.19137
-0.780957	1.19415
-0.772226	1.19728
-0.764289	1.20029
-0.755656	1.20205
-0.747133	1.20372
-0.738504	1.20571
-0.730026	1.20857
-0.720512	1.21107
-0.713278	1.21522
-0.705838	1.21948
-0.698956	1.22394
-0.691871	1.22708
-0.684287	1.23008
-0.676571	1.23307
-0.668786	1.23617
-0.661472	1.2399
-0.65382	1.24383
-0.644644	1.24868
-0.634387	1.25304
-0.624611	1.25785
-0.614835	1.26231
-0.604515	1.26628
-0.595179	1.27067
-0.585726	1.27577
-0.576071	1.28111
-0.565401	1.28656
-0.554558	1.29164
-0.54367	1.29703
-0.532912	1.30204
-0.521737	1.30713
-0.510659	1.31159
-0.500064	1.31662
-0.489265	1.3201
-0.477292	1.32377
-0.466155	1.32772
-0.455331	1.33152
-0.444757	1.33522
-0.433989	1.33844
-0.424487	1.34133
-0.41481	1.34444
-0.405161	1.34751
-0.395322	1.35008
-0.385013	1.35385
-0.375691	1.35781
-0.365803	1.36167
-0.35625	1.36552
-0.346487	1.36922
-0.336871	1.37347
-0.327448	1.37768
-0.319294	1.38101
-0.310879	1.38422
-0.302201	1.38737
-0.294479	1.39139
-0.286833	1.39504
-0.278902	1.39866
-0.270598	1.40269
-0.262453	1.40684
-0.253916	1.41082
-0.245534	1.41556
-0.237142	1.42029
-0.229002	1.42475
-0.219394	1.42935
-0.20896	1.43357
-0.198848	1.43707
-0.189078	1.44029
-0.179267	1.44285
-0.169795	1.44486
-0.160748	1.44698
-0.151638	1.44907
-0.142266	1.45259
-0.133015	1.4556
-0.123759	1.45899
-0.113982	1.46205
-0.104045	1.46499
-0.0950523	1.46764
-0.0861106	1.47019
-0.0766701	1.47322
-0.0679509	1.47599
-0.0586005	1.47887
-0.0481599	1.48211
-0.0374676	1.48548
-0.0270592	1.4887
-0.0165457	1.49134
-0.0057797	1.49401
0.00545047	1.49656
0.0161763	1.49934
0.0266584	1.50162
0.0367945	1.50421
0.0461641	1.50572
0.0554209	1.50604
0.0656721	1.50682
0.0755556	1.50812
0.0851876	1.51054
0.0949091	1.51198
0.104517	1.51372
0.113495	1.51432
0.122858	1.51472
0.131721	1.51487
0.140742	1.51471
0.149819	1.51264
0.158802	1.5106
0.167762	1.50857
0.178424	1.50565
0.188853	1.50381
0.199211	1.50159
0.208642	1.50072
0.218311	1.49979
0.228108	1.49964
0.237896	1.4995
0.247596	1.4992
0.257671	1.49942
0.268192	1.49979
0.278507	1.50025
0.288553	1.50097
0.298495	1.5019
0.307336	1.50192
0.315928	1.50216
0.324396	1.50124
0.333676	1.50084
0.342776	1.50066
0.351437	1.50095
0.360161	1.50148
0.369338	1.50264
0.378802	1.50445
0.387394	1.50687
0.397253	1.50831
0.405599	1.50993
0.414845	1.512
0.423956	1.514
0.433153	1.51606
0.443337	1.51911
0.452965	1.52151
0.462628	1.52322
0.4728	1.52426
0.482509	1.52531
0.491944	1.52638
0.501893	1.52845
0.511762	1.53068
0.521247	1.53272
0.531089	1.53484
0.541016	1.53619
0.550278	1.538
0.558382	1.53901
0.566675	1.53995
0.575276	1.54153
0.584447	1.54311
0.593636	1.5447
0.602866	1.54659
0.612316	1.54839
0.621333	1.55081
0.630511	1.553
0.63919	1.55423
0.649166	1.55559
0.658806	1.55588
0.668412	1.55622
0.677865	1.55674
0.686321	1.55763
0.694954	1.55857
0.703509	1.55965
0.712529	1.56033
0.721458	1.56051
0.730211	1.5608
0.738989	1.56183
0.747735	1.56296
0.756993	1.56371
0.76568	1.56405
0.774148	1.56492
0.783033	1.56675
0.791747	1.56847
0.800597	1.57025
0.810031	1.57233
0.820188	1.57291
0.830322	1.57311
0.840381	1.57316
0.850039	1.57263
0.859454	1.5724
0.868736	1.57266
0.877949	1.57286
0.887194	1.57302
0.895886	1.57244
0.905028	1.57171
0.914185	1.57096
0.923263	1.56939
0.932817	1.56742
0.942016	1.5655
0.951116	1.56327
0.958924	1.56077
0.967154	1.55816
0.97478	1.55554
0.982197	1.55255
0.989486	1.54897
0.996647	1.54528
1.00452	1.54157
1.01309	1.53714
1.02161	1.53265
1.03004	1.52817
1.03846	1.52395
1.04692	1.52002
1.05543	1.51579
1.06337	1.51248
1.07075	1.5099
1.07745	1.50684
1.08294	1.5023
1.08904	1.49745
1.09462	1.49124
1.09958	1.48407
1.1046	1.4772
1.10969	1.47015
1.11545	1.46306
1.12089	1.45644
1.12569	1.44998
1.13089	1.44283
1.13624	1.43474
1.14055	1.42591
1.14454	1.41766
1.14919	1.40801
1.15359	1.39834
1.15782	1.38843
1.16217	1.37813
1.16642	1.3686
1.17091	1.36017
1.17516	1.35142
1.17871	1.34099
1.1819	1.33153
1.18608	1.32202
1.19001	1.3125
1.19351	1.30364
1.19699	1.29653
1.19863	1.28924
1.20105	1.2823
1.20246	1.27489
1.20388	1.26701
1.20517	1.25888
1.20551	1.25083
1.20591	1.2419
1.20656	1.23268
1.20679	1.22346
1.20653	1.2143
1.20667	1.20353
1.2071	1.19378
1.20746	1.18406
1.20747	1.17464
1.20701	1.1654
1.20798	1.15626
1.21005	1.14672
1.21172	1.13594
1.21362	1.12521
1.215	1.11587
1.21626	1.10656
1.21748	1.09708
1.21852	1.0878
1.21813	1.08
1.21804	1.07158
1.21835	1.06318
1.21801	1.05431
1.21761	1.04519
1.2173	1.03604
1.21705	1.02659
1.21658	1.01716
1.216	1.00773
1.21524	0.998564
1.21495	0.989897
1.21295	0.980662
1.20985	0.971091
1.20715	0.962003
1.20488	0.953114
1.2022	0.944442
1.20035	0.935655
1.19929	0.926889
1.19586	0.917462
1.19236	0.908156
1.18889	0.898468
1.18553	0.889696
1.18226	0.8811
1.17822	0.87294
1.17439	0.864037
1.17205	0.855755
1.16949	0.847501
1.16721	0.838437
1.16555	0.830982
1.16436	0.822538
1.16357	0.815256
1.16286	0.807986
1.16203	0.800699
1.16103	0.792773
1.16021	0.784981
1.15925	0.776656
1.15844	0.76858
1.15727	0.759049
1.15729	0.749055
1.15745	0.7392
1.15744	0.729461
1.15737	0.719451
1.15715	0.709574
1.15743	0.700706
1.15739	0.69166
1.15769	0.682632
1.15779	0.673595
1.15691	0.665528
1.15477	0.657094
1.15279	0.649376
1.1489	0.642693
1.1446	0.636019
1.13991	0.628889
1.13623	0.621795
1.13302	0.61393
1.12963	0.606352
1.12645	0.598318
1.12266	0.589568
1.11888	0.580937
1.11469	0.572953
1.11041	0.564996
1.10575	0.55631
1.10212	0.547114
1.09871	0.537536
1.09545	0.527696
1.09288	0.519019
1.08952	0.509899
1.08498	0.500945
1.08111	0.491242
1.07703	0.481862
1.07293	0.472628
1.06915	0.462623
1.0653	0.452127
1.06096	0.441523
1.05594	0.431374
1.0524	0.421933
1.04946	0.412729
1.04681	0.403941
1.04405	0.395022
1.04135	0.38617
1.03876	0.377164
1.03605	0.368112
1.03388	0.358762
1.03121	0.349513
1.0281	0.341131
1.02537	0.333164
1.02352	0.324702
1.0224	0.318347
1.02147	0.311782
1.02108	0.303572
1.01917	0.296575
1.01706	0.289186
1.01543	0.281439
1.01311	0.273389
1.01019	0.265194
1.00752	0.257069
1.00524	0.249665
1.00225	0.242767
0.99882	0.236456
0.995558	0.229395
0.992001	0.222111
0.987942	0.214674
0.983161	0.207029
0.977325	0.198266
0.970759	0.189387
0.964237	0.180925
0.957686	0.172211
0.95111	0.163077
0.944474	0.154496
0.937251	0.145568
0.928931	0.137152
0.920979	0.128286
0.913615	0.119672
0.907041	0.111657
0.900218	0.103667
0.893174	0.0959792
0.885721	0.0886681
0.87831	0.0810978
0.87095	0.0736867
0.863876	0.0664523
0.856803	0.0594542
0.849638	0.0524764
0.842384	0.0469501
0.83469	0.0418797
0.827763	0.0373883
0.820644	0.0328308
0.813772	0.0284293
0.806801	0.0246733
0.80034	0.0201518
0.793908	0.0159284
0.786752	0.010388
0.779441	0.00454199
0.772362	-0.00221544
0.765216	-0.00880618
0.757551	-0.015748
0.749893	-0.0225682
0.742096	-0.0287622
0.734105	-0.0350142
0.727296	-0.0409343
0.720287	-0.0466258
0.714008	-0.0517229
0.707455	-0.0568427
0.699728	-0.0612783
0.691206	-0.0664803
0.683005	-0.0715012
0.674755	-0.076939
0.66604	-0.0832582
0.656811	-0.0893237
0.648876	-0.0947097
0.640814	-0.100917
0.632932	-0.107468
0.625296	-0.113647
0.617512	-0.119255
0.609377	-0.124829
0.600323	-0.130668
0.591738	-0.13528
0.58356	-0.139369
0.575541	-0.144415
0.567583	-0.149655
0.559542	-0.154704
0.551417	-0.160188
0.543626	-0.165731
0.536229	-0.171365
0.530356	-0.175792
0.52475	-0.180734
0.518998	-0.186495
0.513465	-0.192242
0.507535	-0.198478
0.501505	-0.204627
0.49547	-0.21081
0.48978	-0.218187
0.48343	-0.225144
0.476531	-0.230995
0.470108	-0.236752
0.463359	-0.241254
0.455447	-0.246347
0.446701	-0.252129
0.437877	-0.257647
0.428955	-0.26302
0.419571	-0.268247
0.410109	-0.273539
0.400643	-0.279446
0.389878	-0.28463
0.379316	-0.289554
0.368924	-0.294823
0.359511	-0.300713
0.35084	-0.306885
0.342592	-0.313467
0.334441	-0.320081
0.326669	-0.326533
0.318786	-0.333783
0.310466	-0.340568
0.302144	-0.347128
0.293721	-0.352867
0.284753	-0.358841
0.274144	-0.364603
0.264023	-0.372287
0.254179	-0.379299
0.245198	-0.385742
0.23721	-0.39214
0.229323	-0.398473
0.221578	-0.40469
0.213911	-0.410393
0.206199	-0.416432
0.19857	-0.422422
0.191125	-0.427986
0.183426	-0.433756
0.176234	-0.439449
0.168865	-0.44503
0.16161	-0.450092
0.154416	-0.455671
0.1477	-0.461893
0.140914	-0.468135
0.133971	-0.474495
0.125488	-0.481336
0.11712	-0.487995
0.108277	-0.495554
0.0969094	-0.503295
0.0861241	-0.510592
0.0755177	-0.515772
0.0647566	-0.521345
0.0555305	-0.52663
0.0467744	-0.531383
0.0377666	-0.536602
0.0288095	-0.541715
0.0200035	-0.547141
0.0112027	-0.553054
0.0024216	-0.558817
-0.00629752	-0.564461
-0.0155819	-0.569582
-0.0248158	-0.574283
-0.0329808	-0.579586
-0.0410328	-0.58495
-0.0476598	-0.591198
-0.0541735	-0.597651
-0.0608102	-0.60422
-0.0681242	-0.61047
-0.0752717	-0.616846
-0.0823342	-0.623215
-0.0876151	-0.630489
-0.0930798	-0.638792
-0.0985234	-0.64665
-0.104564	-0.654364
-0.109819	-0.662155
-0.114149	-0.670982
-0.118267	-0.679862
-0.122108	-0.688725
-0.125436	-0.697591
-0.129605	-0.706466
-0.134113	-0.715297
-0.139042	-0.724489
-0.143261	-0.733739
-0.147416	-0.742985
-0.151462	-0.75136
-0.15401	-0.759805
-0.156161	-0.767669
-0.157602	-0.775647
-0.158772	-0.783894
-0.160588	-0.79302
-0.162161	-0.801952
-0.164115	-0.811379
-0.164424	-0.820153
-0.164684	-0.829084
-0.164255	-0.838623
-0.163039	-0.846653
-0.161656	-0.854871
-0.15988	-0.863283
-0.159704	-0.871736
-0.159403	-0.88041
-0.158797	-0.889785
-0.158106	-0.89924
-0.157236	-0.910331
-0.156502	-0.921194
-0.155565	-0.933011
-0.154974	-0.944188
-0.153565	-0.955603
-0.151607	-0.966244
-0.148714	-0.976987
-0.145296	-0.987494
-0.140678	-0.996982
-0.135615	-1.00585
-0.130465	-1.01454
-0.125244	-1.02362
-0.11866	-1.03234
-0.11229	-1.03998
-0.105831	-1.04766
-0.0991437	-1.05519
-0.0920617	-1.0629
-0.0847386	-1.07021
-0.0779468	-1.07771
-0.0711101	-1.0849
-0.0643793	-1.09219
-0.0569414	-1.09939
-0.0485329	-1.1067
-0.040022	-1.11441
-0.0322277	-1.12246
-0.0243925	-1.12963
-0.0167917	-1.1365
-0.00915834	-1.14336
-0.00145306	-1.15039
0.00687867	-1.15777
0.0156574	-1.1641
0.0247255	-1.1701
0.0347387	-1.17574
0.0426714	-1.18156
0.050242	-1.18625
0.0578283	-1.19105
0.0654803	-1.19545
0.073195	-1.19999
0.0810075	-1.20423
0.0888844	-1.20868
0.0958647	-1.2128
0.103406	-1.2182
0.111453	-1.22368
0.119802	-1.22959
0.127995	-1.23555
0.136261	-1.24132
0.144352	-1.24756
0.152075	-1.25509
0.158371	-1.26352
0.16541	-1.27147
0.171815	-1.27966
0.178012	-1.28755
0.183951	-1.29594
0.188224	-1.30486
0.192734	-1.31368
0.196441	-1.32223
0.199917	-1.33044
0.202495	-1.33864
0.205241	-1.34718
0.209083	-1.35699
0.212244	-1.36558
0.21484	-1.37424
0.216476	-1.38199
0.217402	-1.39095
0.218649	-1.39936
0.219293	-1.40805
0.219693	-1.41721
0.220722	-1.42633
0.221205	-1.4352
0.222189	-1.44387
0.223096	-1.45254
0.223744	-1.46107
0.224674	-1.4688
0.224604	-1.47624
0.224324	-1.4837
0.223313	-1.49082
0.22312	-1.49855
0.222928	-1.5061
0.223516	-1.51325
0.224001	-1.52083
0.224476	-1.52894
0.224541	-1.53793
0.223858	-1.54657
0.223009	-1.5557
0.221813	-1.56247
0.220459	-1.56973
0.218702	-1.5767
0.216734	-1.58406
0.214726	-1.59074
0.21291	-1.59825
0.210802	-1.60619
0.208784	-1.61378
0.206631	-1.62114
0.20438	-1.62867
0.202651	-1.63594
0.200542	-1.64361
0.199265	-1.65172
0.196966	-1.66066
0.194537	-1.66964
0.191766	-1.67798
0.188687	-1.68653
0.185126	-1.6952
0.181338	-1.70405
0.177576	-1.71192
0.173677	-1.71985
0.16942	-1.72755
0.165045	-1.73556
0.160472	-1.74373
0.155799	-1.75203
0.151304	-1.76046
0.147274	-1.76805
0.140908	-1.77675
0.134389	-1.78494
0.127868	-1.79298
0.122553	-1.80085
0.116892	-1.8078
0.112391	-1.81401
0.107677	-1.82051
0.101732	-1.82881
0.095773	-1.83731
0.0899176	-1.84578
0.0829312	-1.85522
0.0760905	-1.86433
0.069183	-1.87193
0.062337	-1.87964
0.0547158	-1.88756
0.0486761	-1.89468
0.0427897	-1.90173
0.0367797	-1.90882
0.0315401	-1.91621
0.0269599	-1.92336
0.0239259	-1.93123
0.0200835	-1.94058
0.0160737	-1.95005
0.0111239	-1.95946
0.00496723	-1.96906
-0.000213541	-1.97962
-0.00476149	-1.98952
-0.00904818	-1.99909
-0.0131293	-2.00851
-0.0166739	-2.01821
-0.0207046	-2.02755
-0.0248929	-2.03723
-0.0293933	-2.04683
-0.0337462	-2.05629
-0.0374953	-2.0665
-0.0406289	-2.0742
-0.0445062	-2.08174
-0.0493344	-2.08936
-0.054224	-2.09686
-0.058586	-2.10623
-0.0626344	-2.1168
-0.064745	-2.12714
-0.0664066	-2.13787
-0.0681851	-2.14767
-0.0697528	-2.1574
-0.0711984	-2.16699
-0.0725359	-2.17543
-0.0738535	-2.18401
-0.0755744	-2.19208
-0.0772711	-2.20036
-0.0787761	-2.2088
-0.0811027	-2.21763
-0.0845008	-2.22832
-0.0863363	-2.23954
-0.0872555	-2.25
-0.0872678	-2.26071
-0.0885212	-2.27107
-0.0890722	-2.28164
-0.0890363	-2.2924
-0.0890047	-2.30368
-0.088872	-2.3147
-0.0890092	-2.32564
-0.089726	-2.33516
-0.0903924	-2.34526
-0.0907465	-2.35522
-0.0901704	-2.36542
-0.0875381	-2.37585
-0.0849492	-2.38583
-0.0819168	-2.3959
-0.0794464	-2.40594
-0.0768102	-2.41582
-0.0730365	-2.42524
-0.0689038	-2.43397
-0.0646186	-2.44255
-0.0598983	-2.45258
-0.0557565	-2.46144
-0.0529363	-2.4697
-0.0498058	-2.47811
-0.0465442	-2.48637
-0.0433201	-2.49499
-0.0396269	-2.50334
-0.0361789	-2.51192
-0.0339272	-2.51927
-0.0310645	-2.5268
-0.0283438	-2.53549
-0.0260197	-2.54358
-0.0235298	-2.55206
-0.0207135	-2.56056
-0.0186836	-2.56902
-0.0160915	-2.57763
-0.0134546	-2.58635
-0.0120934	-2.59445
-0.0108623	-2.60336
-0.0102051	-2.61253
-0.0108054	-2.62164
-0.0111488	-2.63087
-0.0113779	-2.64017
-0.011525	-2.64956
-0.0112044	-2.65874
-0.010675	-2.6688
-0.00845892	-2.67919
-0.00612475	-2.68939
-0.00364786	-2.69939
-0.00055331	-2.70853
0.00234193	-2.71762
0.00591344	-2.72731
0.00914165	-2.73749
0.0116584	-2.74712
0.0143762	-2.75643
0.0156076	-2.76488
0.0165817	-2.77282
0.0174724	-2.78137
0.0177197	-2.78983
0.0171587	-2.79844
0.0159387	-2.80908
0.0149929	-2.82143
0.0140805	-2.83247
0.0130986	-2.84513
0.012061	-2.85718
0.010888	-2.8688
0.00950489	-2.8806
0.0084404	-2.8912
0.00726516	-2.90189
0.00501435	-2.91261
0.00282642	-2.92326
0.000566115	-2.9337
-0.00259842	-2.9437
-0.005625	-2.95383
-0.0079631	-2.96329
-0.0094857	-2.97295
-0.0111079	-2.98223
-0.0126835	-2.99213
-0.0142622	-3.00203
-0.0156693	-3.01194
-0.0171422	-3.02173
-0.0187599	-3.03126
-0.0202247	-3.04049
-0.0216069	-3.05043
-0.0223189	-3.06033
-0.0221816	-3.06981
-0.0211811	-3.07956
-0.0198185	-3.08931
-0.0183495	-3.09883
-0.0174462	-3.1092
-0.0163729	-3.11934
-0.0149642	-3.12894
-0.0152116	-3.13874
-0.0149404	-3.14837
-0.0144998	-3.15799
-0.0137025	-3.16769
-0.0129923	-3.17702
-0.0124832	-3.18647
-0.0118865	-3.1959
-0.0115343	-3.2059
-0.0111857	-3.21556
-0.012715	-3.22657
-0.0140535	-3.23735
-0.0152969	-3.24826
-0.0161477	-3.2582
-0.0167423	-3.26836
-0.0187369	-3.27811
-0.0200711	-3.28743
-0.0210033	-3.298
-0.0216373	-3.3084
-0.0225074	-3.3187
-0.0232545	-3.32887
-0.0238259	-3.33894
-0.0233301	-3.34939
-0.0213753	-3.35971
-0.0191118	-3.36926
-0.0167357	-3.37976
-0.0148027	-3.39046
-0.0127391	-3.4008
-0.0106218	-3.4101
-0.00794009	-3.42003
-0.0052971	-3.43056
-0.00188516	-3.44133
0.00157097	-3.45182
0.0052971	-3.46166
0.00854341	-3.47066
0.0118774	-3.47939
0.0151109	-3.48816
0.0181499	-3.49659
0.0210356	-3.50427
0.0239185	-3.5121
0.0264058	-3.52088
0.028647	-3.52849
0.0309436	-3.53507
0.0328753	-3.54229
0.0347686	-3.54985
0.0367061	-3.55805
0.0387192	-3.56566
0.0396361	-3.57179
0.0404619	-3.57752
0.0403802	-3.58394
0.0398579	-3.59044
0.038564	-3.59763
0.0370263	-3.60535
0.0353341	-3.61289
0.0331093	-3.62098
0.0316902	-3.62904
0.0302648	-3.63662
0.0286595	-3.64447
0.0269555	-3.65338
0.0248218	-3.66249
0.0223916	-3.67134
0.0189988	-3.6802
0.0162205	-3.68884
0.0136	-3.69784
0.0114469	-3.70688
0.0091222	-3.71784
0.00710135	-3.72884
0.00520445	-3.73945
0.00205423	-3.7509
-0.00109957	-3.76232
-0.00379535	-3.77319
-0.00617962	-3.78327
-0.00766129	-3.79319
-0.0088098	-3.80222
-0.00994507	-3.81112
-0.0107535	-3.82091
-0.0106046	-3.83131
-0.010008	-3.843
-0.00923834	-3.8544
-0.00844655	-3.8655
-0.00804896	-3.87705
-0.00809406	-3.88793
-0.0077831	-3.9
-0.00951656	-3.91176
-0.0105246	-3.92262
-0.0114851	-3.93291
-0.0123961	-3.94299
-0.0126904	-3.95267
-0.0130857	-3.96297
-0.0135251	-3.97359
-0.0139493	-3.98367
-0.0144158	-3.99362
-0.0145869	-4.00387
-0.0147976	-4.01401
-0.0148732	-4.02416
-0.015036	-4.03456
-0.0150149	-4.04497
-0.0149332	-4.05493
-0.0146528	-4.06487
-0.0146432	-4.07599
-0.0144691	-4.08686
-0.0139448	-4.09851
-0.0124399	-4.10878
-0.0107977	-4.11892
-0.00926971	-4.12767
-0.0087213	-4.13611
-0.00916425	-4.14388
-0.00953985	-4.15217
-0.00985604	-4.1603
-0.0106236	-4.1695
-0.0113687	-4.17929
-0.0119617	-4.18897
-0.0132119	-4.1985
-0.0146329	-4.20773
-0.0168519	-4.21888
-0.019678	-4.23019
-0.0203583	-4.2424
-0.0207413	-4.25378
-0.0209555	-4.26483
-0.0207917	-4.27569
-0.020466	-4.28626
-0.0198556	-4.29647
-0.0190926	-4.30734
-0.0183313	-4.31796
-0.017499	-4.32836
-0.0155648	-4.33698
-0.0124046	-4.34611
-0.00802167	-4.35399
-0.0031383	-4.36212
0.00123174	-4.36983
0.00532806	-4.37828
0.00924025	-4.38627
0.0136699	-4.39438
0.0181546	-4.40215
0.0221939	-4.40986
0.0259594	-4.4177
0.0293522	-4.42577
0.0323803	-4.43348
0.0361667	-4.44208
0.0400738	-4.44978
0.0432784	-4.45858
0.0464347	-4.46761
0.0492813	-4.47677
0.0517445	-4.48548
0.0546767	-4.49413
0.0583324	-4.50305
0.0616275	-4.51242
0.0645597	-4.52184
0.0674333	-4.5311
0.0702017	-4.54076
0.0729082	-4.55039
0.0756228	-4.56041
0.0796135	-4.56977
0.083423	-4.57913
0.087057	-4.58849
0.0914919	-4.59624
0.0944784	-4.6049
0.0971303	-4.61318
0.0992078	-4.62185
0.101199	-4.63088
0.103297	-4.64051
0.105227	-4.65011
0.106862	-4.66011
0.10919	-4.67002
0.111183	-4.67954
0.11285	-4.6882
0.114584	-4.6966
0.115434	-4.70616
0.116194	-4.71562
0.116346	-4.72441
0.116512	-4.73345
0.116565	-4.743
0.116871	-4.7525
0.117159	-4.76264
0.117207	-4.77254
0.117888	-4.78332
0.118687	-4.79268
0.118903	-4.80187
0.119009	-4.81115
0.118736	-4.82056
0.11816	-4.83026
0.117449	-4.8398
0.117448	-4.8493
0.116874	-4.85843
0.116945	-4.86759
0.11578	-4.87708
0.114498	-4.88682
0.113917	-4.89585
0.11335	-4.90474
0.11205	-4.91362
0.1106	-4.92256
0.108741	-4.93158
0.106398	-4.94093
0.103975	-4.95078
0.101973	-4.96142
0.0997741	-4.97259
0.0974825	-4.98426
0.0945829	-4.99593
0.091659	-5.00755
0.088482	-5.01941
0.0857126	-5.03046
0.0824116	-5.04152
0.0784115	-5.05306
0.0743234	-5.06438
0.0702517	-5.07457
0.0669005	-5.08545
0.0635239	-5.09602
0.0600083	-5.10617
0.0564616	-5.11614
0.0523692	-5.1251
0.0482462	-5.13439
0.0446574	-5.14384
0.0394422	-5.1539
0.0344863	-5.16339
0.029599	-5.17293
0.0235976	-5.18281
0.0180453	-5.1923
0.0127459	-5.20229
0.00781648	-5.21205
0.00261877	-5.22236
-0.0018503	-5.23168
-0.00642346	-5.24099
-0.0109973	-5.25084
-0.0150738	-5.26037
-0.0191968	-5.26956
-0.0230569	-5.27925
-0.026129	-5.28947
-0.0289937	-5.30062
-0.0316117	-5.3117
-0.0337508	-5.32209
-0.0355391	-5.33236
-0.037297	-5.34224
-0.0397116	-5.35205
-0.0419166	-5.36186
-0.0453269	-5.37126
-0.0482016	-5.38085
-0.0513078	-5.39017
-0.0543406	-5.39888
-0.0566082	-5.40718
-0.0603854	-5.41683
-0.0623086	-5.42543
-0.0630074	-5.43462
-0.0628684	-5.44409
-0.0619933	-5.45291
-0.0601229	-5.46175
-0.0582071	-5.47068
-0.0560004	-5.47937
-0.0539944	-5.48808
-0.0518553	-5.49704
-0.0489018	-5.50556
-0.0456066	-5.51381
-0.0425175	-5.52223
-0.0388304	-5.52963
-0.0349601	-5.53712
-0.0308541	-5.5446
-0.0263847	-5.5527
-0.0219096	-5.56143
-0.0172291	-5.57022
-0.0132457	-5.57832
-0.00840823	-5.58668
-0.00348646	-5.59525
0.00068866	-5.60314
0.00476107	-5.61114
0.00790107	-5.61935
0.0111936	-5.62619
0.0137203	-5.6334
0.0175556	-5.63999
0.0216713	-5.64672
0.025877	-5.65419
0.0302706	-5.66279
0.0335738	-5.67132
0.0376797	-5.68005
0.0402224	-5.68888
0.0423047	-5.69767
0.0447193	-5.7061
0.0476204	-5.71426
0.05035	-5.72271
0.0530981	-5.73028
0.0559661	-5.73724
0.0601662	-5.74502
0.0629641	-5.75214
0.0659223	-5.75922
0.0689652	-5.76626
0.0733446	-5.77448
0.0776518	-5.78224
0.0817737	-5.78991
0.0854529	-5.79758
0.0890404	-5.80483
0.092258	-5.81307
0.0943838	-5.82101
0.0963508	-5.82841
0.0985108	-5.83628
0.100737	-5.84395
0.101881	-5.85237
0.10327	-5.86079
0.104529	-5.86959
0.105649	-5.87846
0.106711	-5.88754
0.10774	-5.89721
0.108561	-5.90676
0.109557	-5.91613
0.110396	-5.92507
0.11003	-5.93546
0.109942	-5.94729
0.109779	-5.95843
0.108509	-5.96973
0.107547	-5.98099
0.106566	-5.99218
0.105481	-6.00378
0.103479	-6.01554
0.101419	-6.0273
0.0993636	-6.038
0.0982336	-6.04888
0.0960561	-6.05919
0.0937809	-6.06941
0.0911644	-6.07929
0.088521	-6.08951
0.0856828	-6.09906
0.0825638	-6.1088
0.0795682	-6.11828
0.0763858	-6.12761
0.0732819	-6.13692
0.0699853	-6.14564
0.0669893	-6.15439
0.063565	-6.16126
0.0596064	-6.16813
0.0553521	-6.17474
0.0514523	-6.18141
0.0477271	-6.18807
0.0436782	-6.19536
0.0389811	-6.20175
0.0340314	-6.20844
0.0289919	-6.21517
0.0241413	-6.22141
0.0190471	-6.22833
0.0146194	-6.23599
0.00977127	-6.24382
0.00410761	-6.252
-0.00176525	-6.25868
-0.00838351	-6.2665
-0.0139336	-6.27484
-0.0197042	-6.2831
-0.0252336	-6.29122
-0.0298482	-6.29958
-0.0339565	-6.308
-0.0380688	-6.31629
-0.0417569	-6.32446
-0.0444823	-6.33277
-0.0471663	-6.34111
-0.049296	-6.34958
-0.0501177	-6.35917
-0.0507427	-6.36875
-0.0510905	-6.37822
-0.0514453	-6.38714
-0.0524256	-6.39638
-0.0534509	-6.40588
-0.0546411	-6.41611
-0.0557143	-6.42625
-0.0564657	-6.43695
-0.0569412	-6.44761
-0.0569666	-6.45799
-0.0567582	-6.46809
-0.0562639	-6.47796
-0.0558259	-6.48705
-0.0541533	-6.49594
-0.0523147	-6.5052
-0.0503323	-6.51411
-0.0492068	-6.52286
-0.0484383	-6.53244
-0.0464694	-6.54158
-0.0443644	-6.55073
-0.0421322	-6.55981
-0.0404172	-6.56819
-0.038851	-6.57761
-0.0366833	-6.58743
-0.0339414	-6.59675
-0.0310604	-6.60602
-0.0279545	-6.61588
-0.0238459	-6.62557
-0.0196341	-6.63501
-0.0146919	-6.64428
-0.00894885	-6.6538
-0.00306541	-6.66343
0.00334589	-6.67287
0.00970071	-6.68305
0.0155557	-6.69279
0.0211556	-6.7025
0.0278248	-6.71198
0.0348056	-6.72015
0.0408834	-6.72648
0.0471198	-6.73255
0.0531868	-6.73987
0.0592045	-6.74756
0.0649881	-6.7553
0.0706702	-6.76313
0.0756021	-6.76957
0.0799631	-6.77474
0.0845194	-6.78039
0.0898354	-6.78548
0.095238	-6.79074
0.100601	-6.79566
0.105746	-6.80104
0.110529	-6.80687
0.115009	-6.81283
0.11909	-6.81887
0.123463	-6.82455
0.127997	-6.83058
0.130348	-6.83642
0.133508	-6.8418
0.135982	-6.84744
0.139932	-6.85482
0.143639	-6.8625
0.14677	-6.8707
0.149775	-6.8791
0.153491	-6.88773
0.157058	-6.89548
0.160718	-6.90432
0.164243	-6.9131
0.167113	-6.92209
0.169862	-6.93112
0.172548	-6.94023
0.174795	-6.94877
0.175333	-6.95637
0.175482	-6.96319
0.176299	-6.96969
0.177143	-6.97765
0.177777	-6.986
0.178297	-6.99381
0.178777	-7.00193
0.179114	-7.01027
0.179955	-7.01939
0.18005	-7.02835
0.179916	-7.03744
0.179654	-7.04666
0.17808	-7.05562
0.176457	-7.06509
0.174017	-7.07473
0.171396	-7.08543
0.169648	-7.09603
0.167004	-7.10611
0.164667	-7.1163
0.160914	-7.12561
0.157129	-7.1351
0.153276	-7.14445
0.149391	-7.15481
0.144906	-7.16387
0.140347	-7.17204
0.135923	-7.17921
0.131102	-7.18812
0.127372	-7.19661
0.12303	-7.20474
0.118051	-7.21194
0.112295	-7.21914
0.10804	-7.2258
0.104284	-7.2319
0.0991326	-7.2388
0.0938981	-7.24638
0.0893008	-7.25287
0.0850195	-7.26002
0.0810508	-7.26772
0.0772333	-7.27542
0.0732724	-7.28256
0.0684442	-7.2897
0.0632906	-7.29783
0.0568485	-7.30541
0.0508104	-7.31252
0.0442273	-7.31973
0.0381708	-7.32694
0.0318315	-7.3339
0.0253005	-7.34087
0.0189872	-7.3479
0.0122217	-7.35497
0.00549745	-7.36216
-0.00208146	-7.36914
-0.0105746	-7.37715
-0.01888	-7.38497
-0.026309	-7.39168
-0.0332279	-7.39887
-0.0402943	-7.40673
-0.047533	-7.41502
-0.0551845	-7.42235
-0.0626342	-7.42931
-0.0704694	-7.43584
-0.078094	-7.44232
-0.085356	-7.4493
-0.0934906	-7.45663
-0.100055	-7.46336
-0.106496	-7.47032
-0.11333	-7.47821
-0.120334	-7.4864
-0.126887	-7.49461
-0.13302	-7.50252
-0.137993	-7.51012
-0.14371	-7.51703
-0.149353	-7.52424
-0.154863	-7.53158
-0.162288	-7.53845
-0.169509	-7.54515
-0.177578	-7.55248
-0.18558	-7.56038
-0.193861	-7.56747
-0.201475	-7.57537
-0.208594	-7.58286
-0.215422	-7.58991
-0.222839	-7.59607
-0.229837	-7.60233
-0.237615	-7.60935
-0.245242	-7.61618
-0.251648	-7.62239
-0.258683	-7.62993
-0.265244	-7.63711
-0.271527	-7.64434
-0.276832	-7.65216
-0.281377	-7.65999
-0.286088	-7.66792
-0.29083	-7.67611
-0.295994	-7.68418
-0.300138	-7.69212
-0.303716	-7.69988
-0.306192	-7.7072
-0.308498	-7.71654
-0.310935	-7.72592
-0.313509	-7.73468
-0.315318	-7.74276
-0.317587	-7.75152
-0.320477	-7.76096
-0.323806	-7.77082
-0.326617	-7.77942
-0.328866	-7.78898
-0.33089	-7.79872
-0.333046	-7.80885
-0.335068	-7.81891
-0.337448	-7.82901
-0.339328	-7.83842
-0.340332	-7.84825
-0.34113	-7.8579
-0.34117	-7.86779
-0.341095	-7.87794
-0.340856	-7.88775
-0.340305	-7.89754
-0.340127	-7.90797
-0.339819	-7.91825
-0.339146	-7.92846
-0.338057	-7.93816
-0.336792	-7.94778
-0.335491	-7.9573
-0.334337	-7.96696
-0.333445	-7.97671
-0.332677	-7.98686
-0.331804	-7.99681
-0.330517	-8.00638
-0.328425	-8.01548
-0.324755	-8.02463
-0.320962	-8.03368
-0.316497	-8.04452
-0.311999	-8.05511
-0.308923	-8.06599
-0.306263	-8.07575
-0.302783	-8.08575
-0.299621	-8.09568
-0.296588	-8.10567
-0.294232	-8.11654
-0.291576	-8.128
-0.288812	-8.13908
-0.285048	-8.14974
-0.28127	-8.16018
-0.276957	-8.16976
-0.272582	-8.17916
-0.267174	-8.18837
-0.262144	-8.19561
-0.25678	-8.20245
-0.25105	-8.20893
-0.245098	-8.21551
-0.239726	-8.22317
-0.234225	-8.23107
-0.228668	-8.23821
-0.222452	-8.24515
-0.215914	-8.25184
-0.209212	-8.25858
-0.201895	-8.26512
-0.193594	-8.27252
-0.184277	-8.28025
-0.175187	-8.28784
-0.167676	-8.29477
-0.160161	-8.30156
-0.152721	-8.3079
-0.145665	-8.31388
-0.14033	-8.31934
-0.134735	-8.32489
-0.129007	-8.33047
-0.122957	-8.33621
-0.116548	-8.34216
-0.10957	-8.34851
-0.102991	-8.35508
-0.0962849	-8.36163
-0.0903443	-8.36773
-0.0838699	-8.37321
-0.077146	-8.37884
-0.0702451	-8.38515
-0.0628714	-8.39105
-0.0552608	-8.39692
-0.0473425	-8.40286
-0.03962	-8.41002
-0.0322329	-8.41691
-0.0249824	-8.42369
-0.0182317	-8.43065
-0.0118997	-8.43711
-0.00514303	-8.4427
0.00189101	-8.44828
0.0101462	-8.45524
0.0181331	-8.46247
0.0248573	-8.47085
0.0309731	-8.47936
0.0367897	-8.48784
0.0425683	-8.49649
0.0488122	-8.50531
0.0548953	-8.51413
0.0612969	-8.52245
0.068441	-8.53067
0.0748631	-8.53884
0.0803537	-8.54853
0.0853583	-8.55755
0.090986	-8.56749
0.097184	-8.57749
0.10138	-8.58839
0.105397	-8.59929
0.109133	-8.61156
0.114251	-8.62283
0.119945	-8.63394
0.125216	-8.64465
0.1304	-8.65473
0.134493	-8.66561
0.138837	-8.67645
0.142193	-8.68724
0.144972	-8.69749
0.147188	-8.70772
0.149592	-8.71843
0.153543	-8.72797
0.15733	-8.73732
0.161466	-8.74767
0.164876	-8.75781
0.166647	-8.76881
0.168143	-8.77945
0.169051	-8.79049
0.169148	-8.8032
0.169018	-8.81512
0.169122	-8.82628
0.169129	-8.83673
0.169699	-8.84796
0.170644	-8.85803
0.170954	-8.86788
0.170844	-8.87744
0.171443	-8.8874
0.171439	-8.89735
0.17115	-8.9076
0.171025	-8.91753
0.170359	-8.92737
0.169874	-8.93683
0.168982	-8.94674
0.167338	-8.95682
0.165972	-8.96651
0.164312	-8.97663
0.163338	-8.98647
0.162469	-8.99643
0.161608	-9.00614
0.160867	-9.01615
0.159755	-9.02643
0.158105	-9.03553
0.156598	-9.04602
0.155048	-9.05508
0.154022	-9.06314
0.152725	-9.0715
0.151083	-9.08019
0.149727	-9.08835
0.148325	-9.09659
0.14704	-9.1049
0.145897	-9.11314
0.14388	-9.12238
0.141419	-9.13165
0.139036	-9.14082
0.136867	-9.15017
0.134546	-9.15884
0.129643	-9.1666
0.123493	-9.17504
0.116361	-9.18295
0.109157	-9.18971
0.101922	-9.19641
0.0944213	-9.20298
0.0868623	-9.21031
0.0791437	-9.21698
0.0706975	-9.22383
0.0628773	-9.22958
0.0553602	-9.23629
0.0479124	-9.24303
0.0399453	-9.24815
0.0318229	-9.25372
0.023898	-9.25955
0.0156927	-9.26503
0.00731191	-9.27092
-0.000789227	-9.27674
-0.00696815	-9.28244
-0.0132009	-9.28832
-0.0201362	-9.29566
-0.0266069	-9.30243
-0.0329734	-9.30901
-0.0396038	-9.31639
-0.0464282	-9.3237
-0.0539033	-9.33196
-0.0611436	-9.34007
-0.0691924	-9.34738
-0.0774127	-9.35391
-0.085657	-9.36081
-0.0935663	-9.36742
-0.100896	-9.37384
-0.107793	-9.38106
-0.114812	-9.38891
-0.120724	-9.39725
-0.125522	-9.40571
-0.129772	-9.41475
-0.13434	-9.42407
-0.138601	-9.43368
-0.142485	-9.4431
-0.145998	-9.45285
-0.149289	-9.46298
-0.152318	-9.47291
-0.155027	-9.48261
-0.15774	-9.49252
-0.162117	-9.50124
-0.166272	-9.50975
-0.169596	-9.51833
-0.172289	-9.52746
-0.175454	-9.53633
-0.178913	-9.54539
-0.184301	-9.553
-0.189563	-9.56067
-0.1946	-9.56776
-0.199512	-9.57527
-0.204581	-9.58299
-0.209708	-9.59048
-0.213925	-9.59896
-0.218865	-9.60725
-0.223583	-9.61592
-0.228098	-9.62459
-0.232309	-9.63499
-0.23629	-9.64516
-0.239972	-9.6546
-0.243463	-9.66399
-0.246311	-9.67272
-0.248938	-9.68192
-0.252826	-9.69133
-0.255737	-9.70051
-0.258482	-9.71044
-0.261404	-9.72047
-0.264012	-9.7312
-0.265412	-9.74149
-0.266979	-9.7521
-0.269288	-9.76301
-0.27153	-9.77355
-0.273394	-9.78393
-0.274851	-9.79498
-0.275684	-9.80427
-0.276321	-9.81354
-0.276493	-9.82307
-0.276464	-9.83282
-0.277095	-9.84262
-0.277809	-9.85246
-0.278629	-9.86297
-0.279276	-9.87345
-0.279304	-9.88415
-0.279258	-9.89474
-0.279242	-9.90467
-0.278621	-9.91466
-0.276557	-9.92474
-0.274497	-9.9343
-0.272491	-9.94379
-0.268624	-9.9539
-0.264531	-9.96386
-0.260708	-9.97384
-0.256871	-9.98363
-0.252972	-9.99323
-0.248543	-10.002
-0.24334	-10.0104
-0.237888	-10.0185
-0.232137	-10.0265
-0.227433	-10.0335
-0.222579	-10.0406
-0.216767	-10.0481
-0.211074	-10.056
-0.205777	-10.0641
-0.200354	-10.0723
-0.193971	-10.0804
-0.187672	-10.0886
-0.18173	-10.0968
-0.174222	-10.1036
-0.166615	-10.1102
-0.158998	-10.1165
-0.15152	-10.123
-0.144179	-10.1295
-0.136874	-10.1359
-0.128509	-10.1435
-0.120786	-10.1512
-0.113099	-10.1587
-0.104913	-10.1648
-0.0968266	-10.1708
-0.0886203	-10.1768
-0.0799617	-10.1826
-0.0714773	-10.1889
-0.0629552	-10.1942
-0.0542578	-10.1997
-0.0453078	-10.2045
-0.035963	-10.2095
-0.0264306	-10.215
-0.0168446	-10.2203
-0.0068717	-10.2254
0.00286663	-10.2308
0.0124659	-10.236
0.0214115	-10.2414
0.0302176	-10.2469
0.0389122	-10.2525
0.0476501	-10.2581
0.0550352	-10.2656
0.061573	-10.2736
0.0679173	-10.2816
0.0751157	-10.2887
0.0824621	-10.2975
0.0897064	-10.3062
0.0968629	-10.3149
0.10419	-10.3239
0.111171	-10.3328
0.118596	-10.3409
0.12654	-10.3488
0.134495	-10.3563
0.141146	-10.3637
0.147576	-10.3718
0.153911	-10.3797
0.160291	-10.388
0.166656	-10.3964
0.173031	-10.4057
0.179356	-10.4143
0.185703	-10.4223
0.192129	-10.4294
0.198496	-10.4365
0.20488	-10.4441
0.211483	-10.4508
0.218135	-10.4561
0.224381	-10.4611
0.230275	-10.4651
0.23698	-10.4699
0.243433	-10.4741
0.250174	-10.4786
0.2577	-10.484
0.264808	-10.4896
0.271212	-10.4953
0.277372	-10.5013
0.283335	-10.507
0.289619	-10.5136
0.29561	-10.5204
0.301626	-10.527
0.30852	-10.5346
0.314626	-10.542
0.321008	-10.5494
0.32734	-10.5564
0.33418	-10.5627
0.340896	-10.5693
0.347654	-10.5758
0.35398	-10.5817
0.35986	-10.5879
0.365908	-10.5941
0.372046	-10.6004
0.377846	-10.6072
0.383473	-10.615
0.38979	-10.6228
0.395519	-10.6308
0.40016	-10.6391
0.405874	-10.6475
0.411237	-10.6549
0.417103	-10.6627
0.423047	-10.6703
0.427867	-10.6772
0.432694	-10.6834
0.437858	-10.6878
0.443407	-10.6913
0.449024	-10.6946
0.455063	-10.6982
0.461198	-10.7024
0.469121	-10.7061
0.4781	-10.7095
0.486675	-10.7124
0.495665	-10.7157
0.50475	-10.7188
0.513076	-10.7225
0.521123	-10.7269
0.529224	-10.7318
0.537294	-10.736
0.54573	-10.7403
0.555041	-10.7454
0.562856	-10.7503
0.57081	-10.7555
0.579394	-10.7615
0.586872	-10.7678
0.59402	-10.774
0.600378	-10.78
0.606408	-10.7854
0.612587	-10.7906
0.618853	-10.796
0.625782	-10.8006
0.632482	-10.8054
0.639236	-10.8102
0.646471	-10.8156
0.653511	-10.8215
0.66031	-10.8282
0.666663	-10.8348
0.673653	-10.8408
0.681193	-10.8461
0.688833	-10.8514
0.696826	-10.8576
0.70366	-10.8641
0.710821	-10.8706
0.718226	-10.8777
0.72618	-10.8848
0.733977	-10.8919
0.741121	-10.9
0.748746	-10.9077
0.756415	-10.9156
0.763872	-10.9239
0.771195	-10.9325
0.777426	-10.9418
0.783387	-10.9503
0.78939	-10.9602
0.795428	-10.9708
0.801625	-10.981
0.806371	-10.991
0.81121	-11.0017
0.816066	-11.0119
0.820045	-11.0225
0.824655	-11.0334
0.82895	-11.0445
0.832726	-11.0544
0.835683	-11.0639
0.837589	-11.0723
0.839411	-11.0808
0.840232	-11.0889
0.841457	-11.0968
0.842461	-11.1049
0.843557	-11.1131
0.844438	-11.1215
0.845484	-11.1303
0.846698	-11.139
0.847605	-11.1479
0.847593	-11.1572
0.846982	-11.1663
0.846089	-11.1743
0.845096	-11.1821
0.844041	-11.1901
0.843545	-11.1986
0.843003	-11.2073
0.842445	-11.2159
0.84164	-11.2243
0.840637	-11.2328
0.84126	-11.2419
0.841156	-11.2521
0.840574	-11.2622
0.8399	-11.2727
0.83911	-11.2812
0.837766	-11.2902
0.83651	-11.2994
0.835061	-11.3082
0.833285	-11.3165
0.831489	-11.3251
0.829521	-11.3333
0.826782	-11.3421
0.823847	-11.3511
0.82048	-11.3603
0.816522	-11.3693
0.813113	-11.3785
0.810383	-11.3888
0.807474	-11.3989
0.804552	-11.4088
0.801536	-11.4186
0.798512	-11.4282
0.796107	-11.4369
0.794673	-11.4448
0.79306	-11.4524
0.791948	-11.4609
0.789753	-11.4689
0.786572	-11.4782
0.783418	-11.4868
0.780342	-11.4956
0.777214	-11.5037
0.773304	-11.5125
0.769348	-11.5215
0.765312	-11.5305
0.76187	-11.5397
0.758481	-11.5489
0.754544	-11.5585
0.750021	-11.5676
0.743953	-11.5761
0.7369	-11.5843
0.729519	-11.5935
0.721784	-11.6021
0.713112	-11.6107
0.704282	-11.6188
0.695982	-11.6259
0.687698	-11.6331
0.678773	-11.6413
0.669764	-11.6491
0.66137	-11.6576
0.652755	-11.6657
0.644287	-11.6736
0.636313	-11.6823
0.628842	-11.691
0.61943	-11.6995
0.610296	-11.7072
0.602976	-11.7141
0.596638	-11.722
0.590156	-11.7303
0.583282	-11.7386
0.57635	-11.7468
0.569706	-11.754
0.563827	-11.7612
0.557747	-11.7685
0.552219	-11.776
0.545985	-11.7852
0.540321	-11.7937
0.534457	-11.8018
0.528351	-11.8095
0.521688	-11.8182
0.515109	-11.8265
0.508104	-11.834
0.501252	-11.8412
0.494205	-11.8491
0.487765	-11.8564
0.481137	-11.8638
0.474203	-11.8698
0.466783	-11.8756
0.459606	-11.8812
0.452461	-11.8868
0.444765	-11.8912
0.436095	-11.8941
0.427309	-11.897
0.419302	-11.9
0.410845	-11.9026
0.402261	-11.9055
0.393851	-11.9087
0.386517	-11.9129
0.378523	-11.9173
0.370617	-11.9211
0.363043	-11.9247
0.355052	-11.9279
0.346854	-11.9312
0.337841	-11.9346
0.328753	-11.9378
0.319596	-11.9406
0.310702	-11.9447
0.301639	-11.9489
0.292887	-11.9522
0.284045	-11.9555
0.275335	-11.9587
0.266736	-11.9625
0.257506	-11.965
0.247628	-11.9672
0.237677	-11.9703
0.226528	-11.9727
0.214737	-11.9745
0.203255	-11.9764
0.191972	-11.9782
0.181143	-11.9801
0.170759	-11.9823
0.160934	-11.9848
0.151147	-11.9873
0.140254	-11.9885
0.129548	-11.9897
0.118523	-11.9907
0.107335	-11.9911
0.0969277	-11.9919
0.0858926	-11.9924
0.0750477	-11.9931
0.0627173	-11.9931
0.050847	-11.9931
0.0390291	-11.9937
0.0282224	-11.9942
0.0170375	-11.9951
0.00633331	-11.9958
-0.00496618	-11.9964
-0.0174919	-11.9978
-0.0295596	-11.9996
-0.0413093	-12.0018
-0.0527472	-12.0035
-0.0638283	-12.0054
-0.0734164	-12.0081
-0.0825961	-12.0109
-0.0916492	-12.0137
-0.0993467	-12.017
-0.105724	-12.0208
-0.11237	-12.025
-0.119041	-12.0298
-0.126012	-12.035
-0.132792	-12.0408
-0.139926	-12.0461
-0.147466	-12.052
-0.154599	-12.0581
-0.161914	-12.0647
-0.169168	-12.0713
-0.177341	-12.0781
-0.185639	-12.0849
-0.193786	-12.0919
-0.201594	-12.0989
-0.209514	-12.1068
-0.216792	-12.1146
-0.223703	-12.1223
-0.230838	-12.1293
-0.237908	-12.1363
-0.243902	-12.1446
-0.249382	-12.1524
-0.254586	-12.1605
-0.259633	-12.1686
-0.264247	-12.1769
-0.268784	-12.1854
-0.273629	-12.1946
-0.278257	-12.2038
-0.282764	-12.2126
-0.287525	-12.2209
-0.29206	-12.2292
-0.297735	-12.2377
-0.302303	-12.2456
-0.307787	-12.2528
-0.314195	-12.2599
-0.318508	-12.2687
-0.322091	-12.2774
-0.325175	-12.2859
-0.328599	-12.295
-0.332132	-12.3053
-0.335802	-12.3154
-0.338748	-12.3241
-0.340493	-12.3315
-0.342337	-12.339
-0.344885	-12.3466
-0.347826	-12.3546
-0.350543	-12.3628
-0.353216	-12.3712
-0.356699	-12.3798
-0.360052	-12.3886
-0.363609	-12.3974
-0.367228	-12.4063
-0.371398	-12.4148
-0.375505	-12.4234
-0.37869	-12.432
-0.381404	-12.4409
-0.384386	-12.4497
-0.388499	-12.4576
-0.392398	-12.4648
-0.396266	-12.4723
-0.399574	-12.4799
-0.402521	-12.4873
-0.40528	-12.4948
-0.408159	-12.5025
-0.410036	-12.51
-0.412353	-12.5185
-0.414901	-12.5275
-0.417232	-12.5366
-0.417441	-12.5448
-0.417194	-12.5532
-0.417596	-12.5626
-0.418216	-12.5728
-0.418724	-12.5826
-0.41892	-12.5934
-0.419404	-12.6039
-0.420994	-12.6149
-0.422198	-12.6249
-0.423206	-12.6345
-0.423991	-12.6441
-0.423733	-12.6542
-0.423326	-12.6641
-0.422728	-12.6739
-0.421951	-12.6837
-0.421036	-12.6927
-0.420301	-12.702
-0.420319	-12.7115
-0.420128	-12.7217
-0.420525	-12.7327
-0.420532	-12.742
-0.420119	-12.7514
-0.420078	-12.7617
-0.418687	-12.7728
-0.418141	-12.7847
-0.41704	-12.7953
-0.415849	-12.8056
-0.414652	-12.8156
-0.412569	-12.8263
-0.411508	-12.8368
-0.41018	-12.8471
-0.408497	-12.8577
-0.406546	-12.8696
-0.404292	-12.881
-0.402024	-12.8927
-0.399162	-12.9044
-0.39684	-12.9157
-0.394237	-12.9266
-0.390628	-12.937
-0.386806	-12.9475
-0.382812	-12.9582
-0.378024	-12.9688
-0.372885	-12.9801
-0.367718	-12.9909
-0.363146	-13.001
-0.357674	-13.0114
-0.352032	-13.0218
-0.346042	-13.0326
-0.340659	-13.0421
-0.336479	-13.0525
-0.332318	-13.0626
-0.328639	-13.073
-0.323884	-13.0824
-0.31916	-13.0924
-0.314444	-13.1021
-0.310454	-13.1111
-0.306787	-13.12
-0.303161	-13.129
-0.299137	-13.1377
-0.294437	-13.1476
-0.289331	-13.1574
-0.282445	-13.167
-0.276118	-13.1761
-0.269972	-13.1851
-0.263684	-13.193
-0.257393	-13.2014
-0.251824	-13.2096
-0.24558	-13.2181
-0.23943	-13.2255
-0.232587	-13.2336
-0.226308	-13.2418
-0.221343	-13.2496
-0.216184	-13.2578
-0.21186	-13.2652
-0.207597	-13.2726
-0.202408	-13.2798
-0.196962	-13.2872
-0.191253	-13.2928
-0.18527	-13.2994
-0.178673	-13.3055
-0.171775	-13.3116
-0.163465	-13.3178
-0.155278	-13.325
-0.147301	-13.3317
-0.139854	-13.3394
-0.132455	-13.3469
-0.125437	-13.3547
-0.118803	-13.3625
-0.113397	-13.3699
-0.107695	-13.3781
-0.102169	-13.3849
-0.0968492	-13.3924
-0.0915888	-13.3997
-0.0874698	-13.4063
-0.0826754	-13.4123
-0.0756259	-13.4178
-0.0686707	-13.4219
-0.061554	-13.4262
-0.0546613	-13.429
-0.0478003	-13.4323
-0.0403072	-13.4356
-0.0325216	-13.4387
-0.0251017	-13.4412
-0.0174495	-13.4437
-0.00905126	-13.4471
-0.000724662	-13.4508
0.00779934	-13.455
0.0161862	-13.4597
0.0248312	-13.4643
0.031487	-13.4681
0.0384353	-13.4726
0.0452534	-13.4762
0.0521452	-13.4804
0.0591858	-13.4845
0.0668905	-13.4885
0.0739379	-13.4942
0.0804549	-13.4999
0.0871852	-13.5057
0.0937826	-13.5115
0.100534	-13.5175
0.10736	-13.5235
0.114415	-13.5293
0.121165	-13.5353
0.12883	-13.5414
0.13603	-13.5472
0.142512	-13.5526
0.148821	-13.5573
0.155549	-13.5628
0.162338	-13.5685
0.167619	-13.5741
0.172976	-13.5802
0.177778	-13.5873
0.182566	-13.5948
0.187654	-13.6023
0.193545	-13.6099
0.199273	-13.6173
0.205262	-13.6244
0.210511	-13.6324
0.215649	-13.6405
0.220708	-13.6479
0.225546	-13.6554
0.230356	-13.6631
0.23502	-13.6711
0.23926	-13.6794
0.243377	-13.6878
0.248757	-13.6964
0.254492	-13.7054
0.258929	-13.7144
0.264265	-13.7238
0.270739	-13.7336
0.276397	-13.7428
0.281833	-13.7519
0.287124	-13.7609
0.291882	-13.7682
0.297844	-13.7755
0.304235	-13.7825
0.31047	-13.7895
0.315934	-13.7966
0.320798	-13.8041
0.325199	-13.8115
0.329493	-13.8196
0.333553	-13.8279
0.33702	-13.8352
0.34047	-13.8428
0.343539	-13.8511
0.347185	-13.8597
0.349043	-13.8683
0.351556	-13.8779
0.353269	-13.8875
0.354474	-13.8955
0.356251	-13.9036
0.358678	-13.9121
0.36136	-13.9199
0.362622	-13.9277
0.363907	-13.936
0.364649	-13.9444
0.363926	-13.9522
0.362725	-13.9595
0.361696	-13.9658
0.360893	-13.9727
0.360666	-13.9801
0.360554	-13.9876
0.359924	-13.9955
0.359195	-14.0037
0.358274	-14.012
0.356617	-14.0203
0.354351	-14.0287
0.35188	-14.0374
0.349505	-14.0455
0.347046	-14.0536
0.344228	-14.0622
0.340881	-14.0704
0.336217	-14.0788
0.331581	-14.0872
0.327564	-14.0958
0.323242	-14.1057
0.317761	-14.1154
0.31202	-14.1255
0.306921	-14.1345
0.301561	-14.1425
0.29633	-14.1508
0.29082	-14.1598
0.285414	-14.1681
0.279827	-14.1763
0.272772	-14.1835
0.26517	-14.1905
0.256943	-14.1957
0.24855	-14.2016
0.240093	-14.207
0.231517	-14.2123
0.223752	-14.2182
0.215978	-14.224
0.206683	-14.2303
0.197095	-14.2366
0.186268	-14.2431
0.176572	-14.2496
0.167335	-14.2558
0.158453	-14.2613
0.149794	-14.2666
0.141371	-14.2714
0.133819	-14.2764
0.125874	-14.2812
0.118199	-14.2855
0.111382	-14.2908
0.10445	-14.2967
0.0973739	-14.3015
0.0896608	-14.307
0.0821122	-14.3122
0.0746116	-14.3167
0.0664588	-14.3214
0.0578705	-14.3261
0.0494868	-14.3303
0.0432435	-14.3347
0.0362874	-14.339
0.028825	-14.3445
0.0199855	-14.3483
0.0113846	-14.3527
0.00260065	-14.3565
-0.0060042	-14.36
-0.014317	-14.3642
-0.0220103	-14.3697
-0.0294648	-14.3754
-0.0368147	-14.3814
-0.0424738	-14.387
-0.0489233	-14.3931
-0.0557483	-14.3997
-0.0626725	-14.4062
-0.0711257	-14.4129
-0.0792406	-14.4193
-0.0880223	-14.4253
-0.0960738	-14.4313
-0.103888	-14.4374
-0.110792	-14.4429
-0.117519	-14.4484
-0.124689	-14.4544
-0.131525	-14.4604
-0.138505	-14.4673
-0.14557	-14.4748
-0.152191	-14.4824
-0.159345	-14.4902
-0.166903	-14.4983
-0.173333	-14.5056
-0.179374	-14.5126
-0.184514	-14.5195
-0.189855	-14.5262
-0.196048	-14.5336
-0.200469	-14.5395
-0.205654	-14.5456
-0.21097	-14.5515
-0.215837	-14.557
-0.220876	-14.5628
-0.226096	-14.5688
-0.231382	-14.5748
-0.236722	-14.5809
-0.241796	-14.588
-0.246305	-14.5958
-0.250813	-14.6037
-0.255682	-14.6105
-0.261539	-14.6168
-0.267549	-14.6234
-0.272644	-14.6303
-0.277398	-14.6382
-0.281938	-14.6467
-0.287776	-14.6563
-0.294214	-14.6651
-0.299792	-14.6736
-0.304733	-14.6814
-0.309094	-14.691
-0.312901	-14.7015
-0.31653	-14.7118
-0.320181	-14.722
-0.32325	-14.7312
-0.32657	-14.7402
-0.329438	-14.7493
-0.331507	-14.7576
-0.333765	-14.7669
-0.336429	-14.7757
-0.339932	-14.7846
-0.342763	-14.7934
-0.345979	-14.8019
-0.349142	-14.8099
-0.351619	-14.8173
-0.353974	-14.8259
-0.355846	-14.8349
-0.358162	-14.844
-0.36015	-14.8523
-0.363254	-14.8608
-0.366685	-14.8698
-0.371058	-14.8797
-0.37505	-14.8893
-0.378841	-14.8989
-0.383159	-14.9082
-0.387323	-14.9176
-0.391733	-14.9268
-0.39577	-14.9362
-0.399581	-14.9456
-0.403536	-14.9556
-0.406977	-14.965
-0.410154	-14.9744
-0.413162	-14.9825
-0.414716	-14.9908
-0.416049	-14.999
-0.417696	-15.0082
-0.419322	-15.0187
-0.420544	-15.0292
-0.421935	-15.0404
-0.421941	-15.0504
-0.422484	-15.0608
-0.423006	-15.0719
-0.422824	-15.0827
-0.423157	-15.0928
-0.423694	-15.1035
-0.424212	-15.1146
-0.425446	-15.1252
-0.425889	-15.1352
-0.426689	-15.1445
-0.427324	-15.1539
-0.427692	-15.1636
-0.42871	-15.1739
-0.428818	-15.1846
-0.42898	-15.1952
-0.427881	-15.2054
-0.427427	-15.2152
-0.427944	-15.2249
-0.428566	-15.2348
-0.428554	-15.245
-0.427454	-15.2543
-0.426317	-15.2639
-0.42456	-15.2736
-0.422061	-15.2838
-0.420263	-15.2938
-0.41811	-15.304
-0.41565	-15.3134
-0.413051	-15.3228
-0.410122	-15.3314
-0.406353	-15.3411
-0.403148	-15.3513
-0.399772	-15.3611
-0.396077	-15.3709
-0.39225	-15.3801
-0.387393	-15.3894
-0.382208	-15.398
-0.376869	-15.4066
-0.371606	-15.4149
-0.366292	-15.4221
-0.361524	-15.4305
-0.356495	-15.4389
-0.351374	-15.4473
-0.346276	-15.4554
-0.340517	-15.4636
-0.33486	-15.4715
-0.327965	-15.4788
-0.320081	-15.4862
-0.312258	-15.4935
-0.304328	-15.5006
-0.296493	-15.5078
-0.28861	-15.5142
-0.280558	-15.5209
-0.272222	-15.5279
-0.265233	-15.5332
-0.256642	-15.5379
-0.246532	-15.5429
-0.236993	-15.5473
-0.22734	-15.5516
-0.218524	-15.5556
-0.209642	-15.5595
-0.201126	-15.5635
-0.191797	-15.5662
-0.182857	-15.5694
-0.174036	-15.5725
-0.165181	-15.5756
-0.156434	-15.579
-0.147617	-15.5825
-0.136175	-15.5864
-0.125196	-15.5903
-0.114626	-15.5945
-0.103842	-15.5995
-0.093493	-15.6052
-0.0832178	-15.611
-0.0729952	-15.6166
-0.0631153	-15.6224
-0.0533352	-15.6277
-0.0428452	-15.6328
-0.0333539	-15.6379
-0.0240596	-15.643
-0.0147617	-15.6484
-0.00559492	-15.6536
0.00361187	-15.659
0.0117148	-15.6643
0.0186456	-15.6696
0.0258524	-15.6745
0.0329885	-15.6796
0.0400939	-15.6855
0.0473595	-15.6914
0.0548645	-15.6975
0.0631412	-15.7033
0.0711882	-15.7098
0.0789015	-15.7161
0.0866571	-15.7236
0.0941937	-15.7316
0.1025	-15.7419
0.110308	-15.7517
0.118651	-15.7609
0.126684	-15.7699
0.133594	-15.7787
0.139995	-15.7876
0.146113	-15.7963
0.152042	-15.805
0.157721	-15.8136
0.162559	-15.8221
0.167016	-15.8314
0.171412	-15.8405
0.175525	-15.8496
0.179013	-15.8575
0.181725	-15.8655
0.184923	-15.8738
0.187924	-15.8823
0.191793	-15.8903
0.195057	-15.8983
0.197821	-15.9053
0.199995	-15.9125
0.203423	-15.9216
0.206806	-15.9299
0.209194	-15.9381
0.212301	-15.9472
0.21496	-15.9567
0.217738	-15.9648
0.22027	-15.9731
0.222615	-15.9831
0.224803	-15.9946
0.2268	-16.0058
0.227758	-16.0177
0.228409	-16.0299
0.228798	-16.042
0.229824	-16.0541
0.22959	-16.0652
0.228849	-16.0756
0.228583	-16.0848
0.22817	-16.094
0.228128	-16.1035
0.227053	-16.1127
0.227549	-16.1216
0.227687	-16.1308
0.227601	-16.1399
0.227199	-16.1485
0.226199	-16.1574
0.225214	-16.1664
0.22483	-16.1756
0.224698	-16.1851
0.224901	-16.195
0.224076	-16.2041
0.223066	-16.2131
0.222165	-16.2226
0.221481	-16.2315
0.220646	-16.2403
0.219716	-16.2491
0.219315	-16.2563
0.21865	-16.2639
0.217839	-16.2719
0.217824	-16.2806
0.218467	-16.2899
0.218589	-16.2997
0.217716	-16.3089
0.216795	-16.3184
0.217229	-16.3277
0.217987	-16.3369
0.217469	-16.347
0.216746	-16.3571
0.215189	-16.3666
0.21355	-16.3764
0.212036	-16.3863
0.210399	-16.396
0.20877	-16.4057
0.206709	-16.4159
0.204508	-16.4255
0.203298	-16.436
0.201612	-16.4467
0.200357	-16.4575
0.198867	-16.4676
0.196887	-16.4792
0.194293	-16.4904
0.191664	-16.5012
0.187797	-16.5115
0.183502	-16.5214
0.179692	-16.5302
0.175791	-16.5392
0.172228	-16.5486
0.168684	-16.5572
0.164644	-16.5653
0.160657	-16.5738
0.156491	-16.5824
0.152184	-16.5919
0.146725	-16.6013
0.140825	-16.6101
0.134809	-16.6175
0.13009	-16.6233
0.124593	-16.6294
0.118546	-16.6354
0.113095	-16.6421
0.107413	-16.6489
0.101071	-16.6567
0.0942445	-16.664
0.0867232	-16.6716
0.0797527	-16.679
0.0732331	-16.687
0.065757	-16.6949
0.0578408	-16.7035
0.050429	-16.7114
0.0433225	-16.7188
0.0363961	-16.7253
0.0293776	-16.7318
0.0223215	-16.7385
0.016187	-16.746
0.00934732	-16.7542
0.00282689	-16.7621
-0.0039957	-16.7701
-0.0108596	-16.7769
-0.0172812	-16.7844
-0.0230819	-16.7918
-0.0289755	-16.7996
-0.0346492	-16.8081
-0.0388729	-16.8161
-0.0430053	-16.8246
-0.0458421	-16.8327
-0.0485701	-16.841
-0.0522501	-16.8495
-0.0542979	-16.8577
-0.0564668	-16.866
-0.0580724	-16.8744
-0.0595406	-16.8829
-0.0607605	-16.8916
-0.0624824	-16.9017
-0.0640681	-16.9118
-0.0655852	-16.9222
-0.066559	-16.9323
-0.0674925	-16.9423
-0.0680561	-16.9516
-0.0671745	-16.9615
-0.0659978	-16.9714
-0.0647204	-16.9805
-0.0628732	-16.9897
-0.0606732	-17
-0.0602165	-17.01
-0.0602012	-17.0201
-0.0600871	-17.0301
-0.0597443	-17.04
-0.0589912	-17.0495
-0.0571661	-17.0594
-0.0547341	-17.0704
-0.0527378	-17.0815
-0.0499826	-17.0918
-0.0475874	-17.1015
-0.045008	-17.11
-0.042817	-17.1176
-0.0398736	-17.1258
-0.036632	-17.1337
-0.0342525	-17.1429
-0.0306111	-17.153
-0.0268813	-17.1633
-0.0231758	-17.1733
-0.0193593	-17.1831
-0.015167	-17.1921
-0.0103665	-17.2014
-0.00561376	-17.2106
-0.000774424	-17.2188
0.00514816	-17.2267
0.0108382	-17.2349
0.0146898	-17.2424
0.0167842	-17.2495
0.0193589	-17.2569
0.0201321	-17.2656
0.0196802	-17.2733
0.01934	-17.2816
0.0191452	-17.2888
0.0187248	-17.2974
0.0176705	-17.3047
0.0152455	-17.3118
0.011743	-17.3192
0.00658766	-17.3262
0.00127631	-17.3333
-0.00391231	-17.3402
-0.00929286	-17.3464
-0.014965	-17.3528
-0.0205276	-17.3592
-0.0262808	-17.3657
-0.0318338	-17.3717
-0.0373807	-17.3776
-0.043334	-17.3835
-0.0487926	-17.3906
-0.0547502	-17.3974
-0.0601983	-17.4044
-0.064536	-17.4112
-0.0707842	-17.4182
-0.0768866	-17.4253
-0.0828385	-17.4324
-0.0895008	-17.439
-0.095802	-17.4452
-0.10326	-17.4513
-0.110954	-17.4574
-0.118906	-17.4632
-0.12733	-17.47
-0.135477	-17.4765
-0.143016	-17.483
-0.150685	-17.4899
-0.158905	-17.4974
-0.166964	-17.5048
-0.174072	-17.5113
-0.179741	-17.5184
-0.185722	-17.5244
-0.190909	-17.5302
-0.19581	-17.5375
-0.201639	-17.5446
-0.208058	-17.5514
-0.214359	-17.5581
-0.220644	-17.5649
-0.22658	-17.5732
-0.233192	-17.5819
-0.239042	-17.5909
-0.245766	-17.5993
-0.25199	-17.6071
-0.258563	-17.6146
-0.26526	-17.6222
-0.270726	-17.63
-0.276325	-17.6379
-0.281552	-17.6444
-0.287203	-17.6519
-0.293091	-17.6596
-0.298433	-17.6679
-0.303307	-17.6767
-0.307961	-17.6856
-0.311169	-17.6942
-0.314664	-17.7029
-0.318262	-17.7118
-0.321762	-17.7198
-0.324733	-17.7275
-0.326948	-17.7361
-0.329182	-17.7439
-0.331739	-17.7507
-0.334799	-17.7585
-0.338378	-17.7659
-0.34185	-17.7734
-0.346164	-17.7808
-0.349944	-17.7891
-0.352897	-17.7982
-0.355713	-17.8074
-0.357468	-17.8165
-0.358951	-17.826
-0.360235	-17.8356
-0.361196	-17.8453
-0.36207	-17.855
-0.361267	-17.8651
-0.360213	-17.876
-0.358545	-17.8872
-0.356607	-17.8985
-0.354585	-17.9095
-0.352461	-17.9202
-0.350036	-17.9303
-0.34625	-17.9407
-0.342336	-17.9511
-0.338386	-17.961
-0.333665	-17.9696
-0.329087	-17.9781
-0.323991	-17.9871
-0.318863	-17.9958
-0.313475	-18.0043
-0.307026	-18.0113
-0.300249	-18.0182
-0.292121	-18.0249
-0.284042	-18.0317
-0.276956	-18.0389
-0.269806	-18.0455
-0.262576	-18.052
-0.254524	-18.0577
-0.246487	-18.0634
-0.238298	-18.0691
-0.229483	-18.0763
-0.220871	-18.0833
-0.212463	-18.09
-0.203809	-18.0965
-0.195349	-18.1026
-0.187012	-18.1086
-0.178694	-18.1147
-0.170012	-18.1199
-0.161036	-18.1253
-0.152082	-18.1313
-0.144668	-18.1371
-0.13728	-18.1425
-0.129383	-18.1474
-0.121444	-18.1526
-0.114525	-18.158
-0.10794	-18.1638
-0.101757	-18.17
-0.0945098	-18.1761
-0.0872154	-18.1818
-0.0792792	-18.1873
-0.070814	-18.1925
-0.0622225	-18.1982
-0.0524353	-18.204
-0.0425005	-18.2088
-0.0327806	-18.2137
-0.024245	-18.2183
-0.0159296	-18.2238
-0.00826185	-18.2295
-0.000341334	-18.2352
0.00761308	-18.2409
0.0155033	-18.2467
0.0231951	-18.2533
0.0308775	-18.2595
0.0384634	-18.2664
0.04457	-18.2739
0.0502916	-18.2812
0.0562727	-18.2883
0.062047	-18.2956
0.0685064	-18.3031
0.074655	-18.3094
0.0808201	-18.3158
0.0877714	-18.3211
0.0956361	-18.3269
0.103556	-18.3317
0.11179	-18.3362
0.119338	-18.3397
0.127658	-18.3432
0.136482	-18.3461
0.144182	-18.3492
0.152037	-18.3524
0.159366	-18.3548
0.166577	-18.3573
0.174038	-18.3599
0.181862	-18.363
0.189221	-18.3677
0.196658	-18.3733
0.204032	-18.379
0.212148	-18.3855
0.220068	-18.392
0.228201	-18.3994
0.235927	-18.4071
0.243444	-18.4147
0.250414	-18.4213
0.257806	-18.4285
0.265489	-18.4353
0.273258	-18.4423
0.280792	-18.4483
0.288227	-18.4544
0.295454	-18.4609
0.302515	-18.4675
0.309284	-18.4745
0.316081	-18.4811
0.322445	-18.488
0.329209	-18.4949
0.336209	-18.5026
0.343257	-18.51
0.350058	-18.5178
0.35672	-18.5254
0.362488	-18.5332
0.368717	-18.5397
0.375083	-18.5464
0.381758	-18.5519
0.388191	-18.5571
0.394731	-18.5625
0.401141	-18.568
0.407768	-18.5734
0.414793	-18.579
0.421884	-18.5847
0.428769	-18.5901
0.434912	-18.5958
0.440283	-18.6007
0.446001	-18.605
0.452233	-18.6097
0.458446	-18.6143
0.465634	-18.6197
0.473155	-18.6253
0.481536	-18.6315
0.489493	-18.6376
0.497038	-18.645
0.504922	-18.6515
0.51268	-18.6586
0.520761	-18.6662
0.527784	-18.6732
0.534453	-18.6808
0.541008	-18.6884
0.547427	-18.6966
0.553993	-18.7053
0.560263	-18.7133
0.566372	-18.7211
0.572149	-18.7288
0.577521	-18.7362
0.583395	-18.744
0.589096	-18.7523
0.594298	-18.7608
0.599515	-18.7692
0.604726	-18.7779
0.610197	-18.7867
0.615521	-18.7957
0.620101	-18.805
0.625061	-18.814
0.630344	-18.8221
0.635018	-18.8302
0.639854	-18.8386
0.644938	-18.8466
0.65017	-18.8542
0.654717	-18.8617
0.659692	-18.8688
0.664515	-18.8756
0.669422	-18.8826
0.67413	-18.8882
0.679313	-18.8944
0.685809	-18.9012
0.692188	-18.9081
0.698378	-18.9149
0.704778	-18.9218
0.711066	-18.9288
0.717762	-18.9358
0.724355	-18.9428
0.73035	-18.9499
0.736159	-18.9574
0.741352	-18.9634
0.747694	-18.9697
0.753688	-18.9755
0.759772	-18.9814
0.766812	-18.9875
0.773556	-18.9938
0.780176	-19.0006
0.786779	-19.0075
0.793629	-19.0143
0.800183	-19.0205
0.806781	-19.0269
0.814271	-19.0344
0.820575	-19.0424
0.82721	-19.0511
0.833933	-19.0596
0.840701	-19.0677
0.847227	-19.0764
0.853183	-19.0844
0.859531	-19.0927
0.865975	-19.1009
0.872966	-19.1102
0.878209	-19.119
0.88404	-19.1275
0.889752	-19.1361
0.895026	-19.1455
0.89985	-19.1544
0.904093	-19.163
0.908992	-19.1713
0.914634	-19.1799
0.920227	-19.1879
0.925092	-19.1957
0.928776	-19.2039
0.932327	-19.2108
0.935986	-19.2172
0.939802	-19.2239
0.944074	-19.2307
0.948423	-19.237
0.95241	-19.243
0.957183	-19.2496
0.962583	-19.2566
0.96798	-19.2634
0.974255	-19.2702
0.979148	-19.277
0.984444	-19.284
0.989374	-19.2911
0.994012	-19.2977
0.998419	-19.3048
1.00367	-19.3122
1.00987	-19.3197
1.01562	-19.3269
1.02126	-19.3359
1.02746	-19.3448
1.03381	-19.3539
1.03963	-19.3624
1.04622	-19.3691
1.05328	-19.376
1.05828	-19.3832
1.06272	-19.3903
1.06713	-19.3991
1.07157	-19.4076
1.07607	-19.4159
1.08017	-19.4245
1.08421	-19.4333
1.0884	-19.4421
1.09252	-19.4505
1.0967	-19.459
1.10032	-19.4679
1.10391	-19.4768
1.10694	-19.486
1.10923	-19.4954
1.11174	-19.5044
1.11412	-19.5156
1.11591	-19.5267
1.11752	-19.5375
1.1197	-19.5478
1.12192	-19.5586
1.12341	-19.5684
1.12556	-19.5772
1.12913	-19.5856
1.13264	-19.594
1.13531	-19.6017
1.1375	-19.6096
1.14004	-19.6177
1.14268	-19.6256
1.14522	-19.6342
1.14779	-19.6429
1.1502	-19.6522
1.15201	-19.6607
1.15328	-19.6685
1.15447	-19.6771
1.15605	-19.6857
1.15713	-19.6932
1.1584	-19.7
1.15919	-19.7084
1.16023	-19.7164
1.16145	-19.7253
1.16191	-19.734
1.1618	-19.7431
1.16103	-19.7517
1.16017	-19.7606
1.15922	-19.7698
1.15818	-19.7788
1.15717	-19.788
1.15471	-19.7979
1.15228	-19.8072
1.15021	-19.8163
1.15027	-19.8251
1.15026	-19.8337
1.15018	-19.8425
1.15093	-19.8523
1.15159	-19.8614
1.15168	-19.8707
1.15203	-19.8809
1.15179	-19.8912
1.15158	-19.9017
1.15111	-19.9119
1.15112	-19.9207
1.15103	-19.9303
1.15102	-19.9402
1.151	-19.9497
1.15144	-19.9592
1.15146	-19.9691
1.15118	-19.9812
1.15151	-19.9931
1.15085	-20.0048
1.15039	-20.0162
1.14971	-20.0275
1.14843	-20.0383
1.14736	-20.0485
1.14614	-20.0581
1.14492	-20.0672
1.14344	-20.0756
1.14095	-20.0831
1.13836	-20.0912
1.13593	-20.0989
1.13337	-20.1066
1.13015	-20.1144
1.12705	-20.1235
1.12496	-20.1324
1.12246	-20.1415
1.12002	-20.15
1.11746	-20.1587
1.1146	-20.1676
1.11176	-20.1767
1.10956	-20.1856
1.10731	-20.1944
1.1047	-20.2046
1.10247	-20.215
1.10092	-20.2254
1.09888	-20.2364
1.09674	-20.2472
1.09451	-20.2582
1.09187	-20.2688
1.08874	-20.2808
1.08582	-20.2936
1.08293	-20.3057
1.07997	-20.3159
1.07668	-20.3265
1.07304	-20.3368
1.07008	-20.3469
1.06678	-20.3571
1.06337	-20.367
1.05984	-20.3765
1.05614	-20.3859
1.05241	-20.3952
1.04934	-20.4046
1.04644	-20.4138
1.0437	-20.4231
1.04103	-20.4316
1.03889	-20.4401
1.03457	-20.4497
1.03158	-20.4589
1.02813	-20.4675
1.02429	-20.4756
1.0212	-20.4846
1.01783	-20.4933
1.01454	-20.5025
1.01068	-20.5115
1.00738	-20.5205
1.00375	-20.5299
1.00038	-20.5398
0.99715	-20.5496
0.993751	-20.5593
0.990047	-20.5693
0.986148	-20.5792
0.982341	-20.5892
0.977922	-20.5987
0.972149	-20.607
0.967745	-20.6155
0.963245	-20.6239
0.958565	-20.6323
0.956717	-20.6407
0.954979	-20.6495
0.9524	-20.6585
0.949006	-20.668
0.946183	-20.6779
0.94367	-20.688
0.941271	-20.6984
0.938503	-20.7093
0.935759	-20.7197
0.933286	-20.7303
0.930948	-20.74
0.928045	-20.7493
0.92557	-20.7586
0.922522	-20.7664
0.919513	-20.7738
0.915635	-20.7826
0.912104	-20.7915
0.908744	-20.8006
0.905162	-20.8095
0.901962	-20.8202
0.899904	-20.8308
0.897869	-20.841
0.895768	-20.8511
0.89305	-20.8613
0.890439	-20.8716
0.887222	-20.8821
0.884249	-20.8925
0.88177	-20.9033
0.879229	-20.914
0.876488	-20.9244
0.873902	-20.9344
0.871595	-20.9437
0.869246	-20.9531
0.866604	-20.9624
0.863161	-20.9716
0.859969	-20.9804
0.856949	-20.988
0.855076	-20.9966
0.852236	-21.0051
0.849386	-21.0145
0.846368	-21.024
0.842685	-21.0313
0.838399	-21.0387
0.833915	-21.0461
0.82881	-21.0536
0.823812	-21.0614
0.81855	-21.07
0.812772	-21.0776
0.807144	-21.085
0.802246	-21.0912
0.796982	-21.0971
0.791753	-21.1037
0.785347	-21.1104
0.778974	-21.1171
0.772786	-21.1242
0.766707	-21.1314
0.760624	-21.1385
0.755156	-21.1455
0.749369	-21.153
0.744378	-21.161
0.740396	-21.1705
0.734973	-21.1788
0.729364	-21.1877
0.723994	-21.1964
0.71878	-21.2049
0.713597	-21.2129
0.709253	-21.2212
0.70746	-21.2294
0.705007	-21.2383
0.7027	-21.2479
0.70073	-21.2576
0.700396	-21.2681
0.700712	-21.2788
0.700814	-21.29
0.702072	-21.3
0.7032	-21.31
0.703853	-21.319
0.704446	-21.328
0.704878	-21.3366
0.703883	-21.3443
0.703295	-21.353
0.702811	-21.3626
0.702081	-21.3717
0.701184	-21.3809
0.700043	-21.3889
0.698174	-21.3975
0.696228	-21.4063
0.69318	-21.4149
0.689342	-21.4234
0.684711	-21.432
0.681144	-21.4406
0.677477	-21.4492
0.673991	-21.4583
0.672105	-21.4675
0.669943	-21.4766
0.667367	-21.4857
0.664933	-21.4946
0.661517	-21.5031
0.657813	-21.5108
0.654669	-21.5178
0.65185	-21.5247
0.648756	-21.5319
0.646098	-21.5396
0.642438	-21.5478
0.638276	-21.5563
0.634355	-21.5655
0.63031	-21.5748
0.62612	-21.5844
0.621835	-21.5944
0.617267	-21.6042
0.611733	-21.6134
0.606395	-21.6223
0.600205	-21.6308
0.59401	-21.6394
0.588385	-21.6488
0.582685	-21.658
0.57647	-21.6667
0.571158	-21.6748
0.565844	-21.6833
0.559775	-21.6918
0.554134	-21.7002
0.548578	-21.7082
0.543097	-21.7157
0.537034	-21.7224
0.530134	-21.7291
0.522662	-21.7357
0.515115	-21.7419
0.506614	-21.7486
0.498278	-21.7553
0.490048	-21.7617
0.481156	-21.768
0.472495	-21.774
0.463808	-21.7799
0.455358	-21.786
0.447974	-21.7914
0.440991	-21.7975
0.433594	-21.8035
0.425998	-21.8096
0.418753	-21.8161
0.41154	-21.8233
0.404226	-21.8298
0.396897	-21.8364
0.390062	-21.8437
0.384606	-21.8506
0.37916	-21.8576
0.373552	-21.8646
0.367681	-21.8716
0.361452	-21.8787
0.354273	-21.8867
0.347145	-21.8945
0.340759	-21.9019
0.334556	-21.9101
0.32694	-21.9176
0.319665	-21.9252
0.311219	-21.9322
0.302873	-21.9389
0.294544	-21.9469
0.286842	-21.9548
0.279317	-21.9626
0.271425	-21.9693
0.263419	-21.9758
0.255215	-21.9816
0.247526	-21.9881
0.239973	-21.9951
0.232068	-22.0017
0.224179	-22.0082
0.217617	-22.0155
0.211306	-22.0238
0.205276	-22.0321
0.199539	-22.0396
0.19511	-22.0476
0.191149	-22.0553
0.186964	-22.0633
0.181702	-22.0727
0.176043	-22.0815
0.170692	-22.0904
0.164784	-22.0991
0.158493	-22.107
0.151452	-22.1152
0.145433	-22.1215
0.140512	-22.1255
0.13548	-22.1298
0.12851	-22.1346
0.119789	-22.1402
0.110999	-22.1461
0.102652	-22.1519
0.0943061	-22.1584
0.084796	-22.1644
0.074758	-22.1716
0.0649501	-22.1787
0.0561682	-22.1848
0.0473642	-22.1904
0.0385017	-22.1957
0.0299339	-22.2014
0.0206461	-22.2065
0.0106287	-22.2118
0.000877565	-22.2166
-0.00933821	-22.221
-0.0191608	-22.2257
-0.0291658	-22.2292
-0.0385902	-22.2336
-0.0478573	-22.2384
-0.0561382	-22.2427
-0.0643582	-22.2469
-0.0712631	-22.2508
-0.0779209	-22.2543
-0.0853781	-22.2581
-0.0929092	-22.262
-0.100236	-22.2661
-0.10699	-22.2699
-0.115019	-22.2742
-0.123165	-22.2787
-0.131085	-22.2834
-0.138954	-22.2881
-0.146803	-22.2931
-0.155395	-22.2976
-0.16552	-22.3008
-0.174671	-22.3038
-0.185883	-22.3068
-0.195938	-22.3085
-0.205827	-22.3102
-0.21556	-22.312
-0.22517	-22.3133
-0.23443	-22.3156
-0.243627	-22.318
-0.252783	-22.3205
-0.261153	-22.3237
-0.26957	-22.327
-0.279136	-22.3296
-0.289169	-22.3313
-0.299581	-22.3334
-0.310067	-22.336
-0.320412	-22.3385
-0.330545	-22.3421
-0.340408	-22.3465
-0.350319	-22.3512
-0.359679	-22.3554
-0.368886	-22.3591
-0.377983	-22.3629
-0.385161	-22.3661
-0.390716	-22.3691
-0.396057	-22.373
-0.402363	-22.3784
-0.408684	-22.3839
-0.415001	-22.3895
-0.42088	-22.3958
-0.427087	-22.4026
-0.433245	-22.41
-0.439477	-22.4187
-0.445432	-22.4272
-0.451248	-22.4357
-0.457854	-22.4447
-0.463767	-22.4529
-0.469423	-22.4612
-0.474856	-22.4704
-0.480294	-22.4792
-0.485402	-22.4879
-0.490955	-22.4969
-0.497076	-22.5061
-0.502971	-22.515
-0.506837	-22.5231
-0.510507	-22.5325
-0.514226	-22.542
-0.516754	-22.5517
-0.518117	-22.5629
-0.51952	-22.5735
-0.521336	-22.584
-0.522833	-22.5942
-0.523829	-22.6039
-0.525642	-22.6131
-0.525797	-22.6227
-0.526239	-22.6322
-0.526693	-22.6418
-0.5266	-22.6515
-0.526218	-22.6618
-0.525078	-22.6713
-0.523891	-22.6811
-0.52229	-22.6901
-0.521729	-22.699
-0.522012	-22.7065
-0.522371	-22.7158
-0.522673	-22.7251
-0.522848	-22.7352
-0.52424	-22.7455
-0.525481	-22.7562
-0.525599	-22.7667
-0.525592	-22.777
-0.524043	-22.7895
-0.521816	-22.8015
-0.519538	-22.813
-0.515405	-22.8239
-0.511099	-22.8346
-0.506989	-22.8451
-0.502722	-22.8554
-0.498292	-22.8655
-0.494256	-22.8744
-0.490834	-22.8842
-0.487437	-22.8936
-0.484048	-22.9028
-0.480483	-22.9123
-0.47667	-22.9215
-0.472452	-22.9299
-0.468177	-22.9383
-0.463128	-22.9471
-0.458864	-22.9565
-0.453039	-22.9663
-0.447717	-22.9764
-0.442132	-22.986
-0.436959	-22.9961
-0.431887	-23.0065
-0.427607	-23.0165
-0.423569	-23.0255
-0.420591	-23.0347
-0.416893	-23.0438
-0.412528	-23.0528
-0.408063	-23.0616
-0.403198	-23.0696
-0.39855	-23.0779
-0.393764	-23.0861
-0.388829	-23.0945
-0.383814	-23.1028
-0.378238	-23.1122
-0.372722	-23.1214
-0.366215	-23.1309
-0.359471	-23.1407
-0.352759	-23.1509
-0.34541	-23.1613
-0.337272	-23.1716
-0.329339	-23.1813
-0.32151	-23.1918
-0.313897	-23.2014
-0.305579	-23.2109
-0.297511	-23.22
-0.290414	-23.229
-0.283145	-23.2376
-0.276171	-23.2457
-0.269478	-23.2536
-0.261591	-23.2616
-0.254453	-23.2701
-0.247368	-23.2783
-0.239749	-23.2863
-0.233739	-23.293
-0.22764	-23.2998
-0.221079	-23.3065
-0.21397	-23.3129
-0.206846	-23.3193
-0.201185	-23.3253
-0.195226	-23.3316
-0.188908	-23.3379
-0.182692	-23.3444
-0.176331	-23.3509
-0.168982	-23.3585
-0.161015	-23.3662
-0.153073	-23.3736
-0.146055	-23.3815
-0.138768	-23.3899
-0.131548	-23.3979
-0.124444	-23.4058
-0.11719	-23.4138
-0.110176	-23.4221
-0.103087	-23.4302
-0.0965998	-23.4385
-0.0899089	-23.4469
-0.08318	-23.4551
-0.0761132	-23.4625
-0.0681171	-23.4702
-0.0599728	-23.4774
-0.0519969	-23.4843
-0.0435676	-23.4907
-0.0345342	-23.4975
-0.0259438	-23.5035
-0.0169091	-23.5093
-0.00801054	-23.5143
0.000587592	-23.5196
0.00865009	-23.5252
0.0162015	-23.531
0.0244982	-23.5361
0.0327203	-23.5413
0.041816	-23.5465
0.050753	-23.5515
0.0599583	-23.5558
0.0693724	-23.56
0.0778428	-23.564
0.0862176	-23.5679
0.0942879	-23.5717
0.102399	-23.5755
0.110433	-23.5795
0.118327	-23.5834
0.126281	-23.5873
0.13395	-23.5918
0.142025	-23.5954
0.151667	-23.5992
0.161459	-23.6037
0.170972	-23.6083
0.180342	-23.6132
0.189468	-23.6182
0.19885	-23.6225
0.208007	-23.6271
0.216335	-23.6326
0.225447	-23.6398
0.233855	-23.6474
0.242244	-23.6549
0.250474	-23.6618
0.258717	-23.6692
0.266885	-23.676
0.274869	-23.6827
0.282721	-23.6872
0.290876	-23.6918
0.298728	-23.6956
0.305902	-23.7005
0.312679	-23.704
0.319484	-23.7078
0.325746	-23.7118
0.331944	-23.7167
0.338176	-23.7224
0.346364	-23.728
0.354841	-23.7333
0.362723	-23.7383
0.371226	-23.744
0.379519	-23.7498
0.387441	-23.7542
0.396466	-23.7588
0.406041	-23.7641
0.415407	-23.7691
0.424634	-23.774
0.433216	-23.7788
0.441401	-23.7842
0.449774	-23.7892
0.457086	-23.7947
0.464396	-23.7999
0.471857	-23.8051
0.479102	-23.8102
0.486422	-23.8155
0.493853	-23.8208
0.501273	-23.8276
0.509571	-23.8349
0.518181	-23.8427
0.526034	-23.8508
0.533324	-23.8594
0.539065	-23.8675
0.544678	-23.8755
0.551598	-23.8813
0.558499	-23.8871
0.565376	-23.8923
0.572212	-23.8977
0.580151	-23.9047
0.587552	-23.912
0.594951	-23.9199
0.602108	-23.9278
0.608836	-23.9361
0.615598	-23.944
0.621953	-23.9516
0.628365	-23.9595
0.634013	-23.9687
0.639486	-23.9782
0.645254	-23.987
0.652652	-23.9952
0.659798	-24.0032
0.666712	-24.0114
0.673355	-24.0194
0.679816	-24.0273
0.686308	-24.035
0.692176	-24.0425
0.698393	-24.0505
0.70493	-24.0577
0.711554	-24.0649
0.717664	-24.0721
0.723865	-24.0795
0.729648	-24.0869
0.735847	-24.0953
0.741917	-24.1037
0.748193	-24.113
0.754624	-24.1217
0.761025	-24.1303
0.766763	-24.1381
0.772789	-24.146
0.778245	-24.1533
0.783288	-24.1605
0.787798	-24.1677
0.792012	-24.1752
0.796962	-24.1829
0.802199	-24.1898
0.807736	-24.1964
0.813667	-24.2032
0.819973	-24.2107
0.825826	-24.2183
0.831617	-24.226
0.837297	-24.2338
0.843365	-24.2427
0.848926	-24.2502
0.854513	-24.2575
0.859837	-24.2651
0.864873	-24.273
0.869441	-24.2805
0.873837	-24.2877
0.87842	-24.2945
0.883109	-24.3009
0.888025	-24.3078
0.893579	-24.3145
0.899518	-24.321
0.906209	-24.3277
0.913026	-24.3342
0.919803	-24.3407
0.925746	-24.3476
0.93159	-24.3545
0.937357	-24.3618
0.943208	-24.368
0.949219	-24.375
0.955278	-24.3822
0.960802	-24.3896
0.966703	-24.3979
0.972383	-24.4066
0.978308	-24.4166
0.98349	-24.4264
0.988551	-24.4361
0.993136	-24.4454
0.997572	-24.4545
1.00169	-24.4636
1.00746	-24.4723
1.01312	-24.4816
1.01871	-24.4907
1.02503	-24.4988
1.03118	-24.5069
1.03605	-24.5161
1.04073	-24.5253
1.04663	-24.5348
1.05162	-24.5437
1.05644	-24.5527
1.06115	-24.5616
1.06565	-24.5704
1.06998	-24.5792
1.07408	-24.5876
1.07802	-24.5952
1.0811	-24.6026
1.08449	-24.6106
1.08776	-24.6185
1.09097	-24.6267
1.09397	-24.6354
1.09688	-24.6447
1.09967	-24.6536
1.1024	-24.6632
1.1055	-24.6719
1.10916	-24.6807
1.11321	-24.6884
1.11706	-24.6964
1.12127	-24.7047
1.12473	-24.713
1.12773	-24.7208
1.13103	-24.7288
1.13362	-24.7369
1.13629	-24.7454
1.13931	-24.7536
1.14239	-24.7619
1.14605	-24.7702
1.14886	-24.7786
1.15202	-24.7874
1.15506	-24.7963
1.1577	-24.8046
1.16032	-24.8132
1.16191	-24.8205
1.16344	-24.8274
1.16598	-24.835
1.16912	-24.8429
1.17213	-24.8511
1.17515	-24.8595
1.17797	-24.8682
1.1807	-24.8769
1.18363	-24.8851
1.18654	-24.8935
1.18961	-24.9024
1.19188	-24.911
1.19359	-24.9204
1.19539	-24.9313
1.19745	-24.9425
1.19949	-24.9538
1.20093	-24.9653
1.20312	-24.9759
1.20522	-24.9864
1.20614	-24.9968
1.20704	-25.0071
1.20721	-25.017
1.20729	-25.0269
1.2073	-25.0373
1.20745	-25.046
1.20732	-25.0553
1.20631	-25.0647
1.20488	-25.0743
1.20384	-25.0831
1.20263	-25.0919
1.20198	-25.1006
1.20046	-25.1087
1.19881	-25.1171
1.19669	-25.1262
1.19458	-25.1338
1.19228	-25.1417
1.18953	-25.1494
1.18615	-25.1578
1.18291	-25.166
1.18006	-25.1727
1.1761	-25.1801
1.1722	-25.1877
1.16825	-25.1956
1.16302	-25.205
1.1579	-25.2137
1.15194	-25.2223
1.14459	-25.2297
1.13737	-25.2373
1.13091	-25.2461
1.12587	-25.2545
1.12126	-25.2632
1.11707	-25.2725
1.11282	-25.2817
1.10848	-25.2907
1.10446	-25.2992
1.10233	-25.3072
1.10009	-25.3154
1.09768	-25.324
1.09373	-25.3318
1.08856	-25.3398
1.08367	-25.3478
1.07882	-25.3555
1.07384	-25.3633
1.06846	-25.3713
1.063	-25.3793
1.05692	-25.3872
1.05039	-25.3964
1.04428	-25.4056
1.0383	-25.4153
1.03233	-25.4255
1.02571	-25.4348
1.0203	-25.4436
1.01488	-25.4527
1.00891	-25.4614
1.00318	-25.4698
0.997263	-25.4787
0.992116	-25.486
0.985904	-25.4941
0.978921	-25.5039
0.971169	-25.5121
0.964341	-25.5201
0.957519	-25.5279
0.950924	-25.5354
0.943287	-25.542
0.936065	-25.5481
0.928655	-25.5535
0.921031	-25.5588
0.912307	-25.5646
0.90378	-25.5699
0.893996	-25.5765
0.884306	-25.583
0.874732	-25.5897
0.865211	-25.5971
0.855915	-25.6043
0.847131	-25.6111
0.838486	-25.6177
0.828651	-25.6218
0.818915	-25.6259
0.808811	-25.6296
0.798463	-25.6332
0.787047	-25.637
0.777425	-25.6412
0.768879	-25.6431
0.760178	-25.6454
0.753218	-25.6466
0.745447	-25.6475
0.737093	-25.649
0.728394	-25.6502
0.718436	-25.6512
0.708513	-25.6519
0.698125	-25.6524
0.687871	-25.6526
0.678573	-25.6535
0.669418	-25.6547
0.660072	-25.6559
0.649739	-25.6574
0.639512	-25.6583
0.629251	-25.6594
0.618443	-25.6605
0.607131	-25.661
0.595966	-25.6614
0.585933	-25.6629
0.576157	-25.6646
0.566404	-25.6663
0.556467	-25.668
0.546945	-25.6701
0.539357	-25.672
0.531312	-25.6743
0.524013	-25.6765
0.516529	-25.6783
0.509611	-25.6802
0.502368	-25.6816
0.494584	-25.6834
0.486582	-25.6854
0.477723	-25.6876
0.468713	-25.6898
0.45947	-25.692
0.451257	-25.6935
0.442532	-25.6958
0.432749	-25.6986
0.423438	-25.7015
0.414927	-25.7049
0.406082	-25.7085
0.396378	-25.7118
0.384967	-25.715
0.374197	-25.7181
0.363614	-25.7213
0.353122	-25.7244
0.341907	-25.7272
0.33137	-25.729
0.320957	-25.7305
0.310995	-25.7324
0.302089	-25.7349
0.29293	-25.7378
0.283786	-25.741
0.274801	-25.7442
0.26552	-25.7489
0.256372	-25.7537
0.246613	-25.7574
0.236946	-25.7611
0.22751	-25.7646
0.2181	-25.7681
0.208094	-25.7713
0.198996	-25.7743
0.18994	-25.7769
0.180863	-25.7801
0.171677	-25.7821
0.162416	-25.7841
0.153033	-25.7861
0.144596	-25.7886
0.135702	-25.7914
0.126348	-25.7944
0.116776	-25.7973
0.106615	-25.8003
0.0967343	-25.8026
0.0861868	-25.8058
0.0751365	-25.8096
0.0664139	-25.8117
0.0577216	-25.814
0.0486303	-25.8164
0.0403241	-25.8192
0.0318684	-25.8221
0.0225888	-25.8259
0.0134839	-25.8294
0.00381207	-25.8325
-0.00625249	-25.8357
-0.0159798	-25.8396
-0.0251307	-25.8433
-0.0331404	-25.8466
-0.0417201	-25.85
-0.048888	-25.8521
-0.0562983	-25.8543
-0.0640081	-25.8568
-0.0717376	-25.8601
-0.0795457	-25.8635
-0.0870348	-25.8681
-0.0946824	-25.8718
-0.102614	-25.8751
-0.110438	-25.8785
-0.117864	-25.8817
-0.125445	-25.8849
-0.133008	-25.8881
-0.140701	-25.8912
-0.148419	-25.8947
-0.156334	-25.8983
-0.164601	-25.9018
-0.173149	-25.9055
-0.182319	-25.9079
-0.191369	-25.91
-0.200722	-25.9125
-0.209717	-25.9148
-0.219228	-25.9173
-0.229169	-25.9195
-0.238739	-25.9215
-0.248494	-25.9246
-0.258069	-25.9279
-0.267631	-25.9314
-0.276737	-25.935
-0.286864	-25.939
-0.297439	-25.9424
-0.307614	-25.9457
-0.316707	-25.9492
-0.325788	-25.9531
-0.335087	-25.9573
-0.344226	-25.9622
-0.353232	-25.9671
-0.362112	-25.9719
-0.371062	-25.9764
-0.379932	-25.9802
-0.388995	-25.9844
-0.396812	-25.9883
-0.404969	-25.9922
-0.413568	-25.9962
-0.422317	-26
-0.430436	-26.006
-0.438281	-26.0122
-0.445906	-26.0184
-0.453371	-26.0247
-0.460411	-26.0317
-0.467373	-26.0382
-0.475644	-26.0448
-0.483663	-26.0514
-0.490814	-26.0585
-0.497296	-26.0655
-0.501977	-26.0727
-0.506577	-26.0804
-0.509899	-26.0895
-0.512828	-26.0989
-0.514874	-26.1098
-0.516138	-26.1201
-0.517913	-26.1317
-0.517207	-26.1415
-0.516287	-26.1512
-0.515299	-26.1608
-0.515552	-26.1692
-0.515256	-26.1773
-0.51514	-26.1858
-0.514892	-26.1948
-0.514905	-26.2035
-0.514228	-26.2128
-0.513411	-26.2222
-0.512811	-26.2314
-0.512604	-26.2408
-0.512179	-26.2504
-0.511382	-26.2598
-0.511218	-26.2689
-0.510989	-26.2784
-0.510655	-26.288
-0.50886	-26.2986
-0.506817	-26.3068
-0.50397	-26.3155
-0.500962	-26.3242
-0.497967	-26.3328
-0.494305	-26.3412
-0.490227	-26.349
-0.487751	-26.3568
-0.485728	-26.3646
-0.483006	-26.3722
-0.480252	-26.3803
-0.476788	-26.3896
-0.473401	-26.3991
-0.470364	-26.4078
-0.467812	-26.4164
-0.465775	-26.424
-0.463442	-26.432
-0.460592	-26.4404
-0.457016	-26.4485
-0.453103	-26.4562
-0.449298	-26.463
-0.445164	-26.47
-0.440395	-26.4776
-0.434781	-26.485
-0.428428	-26.4917
-0.42213	-26.4996
-0.417348	-26.5084
-0.412938	-26.5179
-0.408455	-26.5272
-0.403964	-26.5363
-0.40038	-26.545
-0.396147	-26.5535
-0.392046	-26.5637
-0.387373	-26.5736
-0.383349	-26.5832
-0.379711	-26.5929
-0.377165	-26.6021
-0.373713	-26.6116
-0.370433	-26.621
-0.366906	-26.6306
-0.36354	-26.6415
-0.358897	-26.6524
-0.354495	-26.6617
-0.349705	-26.6697
-0.344242	-26.6771
-0.338342	-26.6851
-0.33249	-26.6934
-0.326703	-26.7016
-0.321184	-26.7099
-0.315501	-26.7177
-0.309902	-26.7263
-0.304335	-26.7348
-0.298628	-26.7433
-0.292956	-26.7519
-0.287421	-26.7612
-0.281787	-26.7707
-0.276411	-26.7799
-0.271153	-26.7881
-0.265764	-26.7958
-0.260648	-26.8036
-0.254688	-26.8104
-0.247573	-26.8174
-0.240679	-26.8233
-0.233897	-26.8278
-0.226933	-26.8333
-0.220418	-26.8406
-0.21392	-26.8477
-0.207122	-26.8547
-0.200896	-26.8612
-0.196179	-26.8685
-0.191535	-26.8755
-0.186424	-26.883
-0.180718	-26.8909
-0.174884	-26.8988
-0.170804	-26.9059
-0.166422	-26.9132
-0.161818	-26.9204
-0.157355	-26.928
-0.153643	-26.9351
-0.151084	-26.9421
-0.14566	-26.9496
-0.140966	-26.9567
-0.135849	-26.964
-0.129794	-26.9721
-0.122653	-26.9797
-0.116463	-26.9879
-0.110443	-26.9962
-0.104049	-27.0044
-0.0978265	-27.0126
-0.0899331	-27.0211
-0.0812893	-27.0296
-0.0738601	-27.0373
-0.0672208	-27.0446
-0.0601888	-27.0526
-0.0531718	-27.0604
-0.0467856	-27.0681
-0.0410628	-27.0756
-0.0353665	-27.0833
-0.0296377	-27.0899
-0.0233885	-27.0962
-0.0171127	-27.1023
-0.0104224	-27.109
-0.00353064	-27.1155
0.00284419	-27.1224
0.00974756	-27.1302
0.0158633	-27.1377
0.0217124	-27.1451
0.0274501	-27.1519
0.0330325	-27.159
0.0388518	-27.1664
0.0447404	-27.1739
0.0494512	-27.1801
0.0548785	-27.187
0.0600588	-27.1945
0.0651073	-27.202
0.069595	-27.2094
0.0735474	-27.2164
0.0764451	-27.2237
0.0789739	-27.2315
0.0805491	-27.2384
0.0816028	-27.2459
0.0831092	-27.255
0.0858056	-27.2643
0.0877415	-27.2739
0.0887041	-27.2839
0.0898844	-27.2943
0.0896475	-27.3021
0.0898519	-27.3109
0.0900517	-27.3196
0.0904083	-27.3286
0.0906246	-27.3377
0.0909757	-27.3467
0.0904873	-27.3555
0.0899089	-27.3629
0.0889666	-27.371
0.0883732	-27.3795
0.087643	-27.3882
0.0879033	-27.3961
0.0882116	-27.4047
0.088633	-27.4134
0.0882198	-27.4229
0.0876834	-27.4324
0.0880965	-27.4406
0.0885637	-27.4489
0.0891246	-27.4586
0.0901043	-27.4694
0.0911855	-27.4799
0.092195	-27.4896
0.093112	-27.4998
0.0937397	-27.5101
0.094128	-27.5203
0.0944113	-27.5305
0.0940832	-27.5404
0.0937653	-27.55
0.0933653	-27.5596
0.0931709	-27.5695
0.0933458	-27.5789
0.0940132	-27.5887
0.0948504	-27.5982
0.0963201	-27.6068
0.0971676	-27.6156
0.0977933	-27.6249
0.0992861	-27.6335
0.102786	-27.6421
0.105944	-27.6509
0.108988	-27.6597
0.111922	-27.6684
0.114823	-27.6773
0.117358	-27.686
0.119695	-27.6949
0.122703	-27.7049
0.124753	-27.7143
0.126877	-27.7238
0.128542	-27.7321
0.130197	-27.7401
0.131644	-27.7485
0.133185	-27.757
0.134379	-27.7664
0.135925	-27.7756
0.136822	-27.7844
0.136831	-27.7929
0.137989	-27.8013
0.138934	-27.8098
0.138641	-27.8172
0.137658	-27.8252
0.136523	-27.8334
0.135327	-27.8415
0.133681	-27.8494
0.132608	-27.8564
0.131318	-27.8638
0.129819	-27.8706
0.128298	-27.8778
0.127448	-27.885
0.126471	-27.8929
0.125431	-27.9011
0.12347	-27.9098
0.122574	-27.9198
0.120949	-27.9308
0.118844	-27.9414
0.116491	-27.952
0.114322	-27.9617
0.112525	-27.9706
0.108399	-27.9801
0.103289	-27.9898
0.0978367	-27.9998
0.0908097	-28.0097
0.0851899	-28.0191
0.0783565	-28.0283
0.0719222	-28.037
0.0648424	-28.0456
0.058061	-28.0542
0.0519623	-28.0615
0.0456768	-28.0686
0.0385335	-28.0751
0.0315012	-28.0823
0.024555	-28.0889
0.0175378	-28.0948
0.0103193	-28.1006
0.00186979	-28.1063
-0.00695582	-28.1127
-0.0157511	-28.1187
-0.0232951	-28.1251
-0.030826	-28.1319
-0.0394545	-28.1386
-0.0487772	-28.1463
-0.0580701	-28.1543
-0.0667648	-28.1622
-0.0747267	-28.1697
-0.0818391	-28.1785
-0.0882139	-28.1874
-0.0932561	-28.1954
-0.0970117	-28.2038
-0.101316	-28.2116
-0.105794	-28.2204
-0.110201	-28.2293
-0.115179	-28.238
-0.119308	-28.2472
-0.1234	-28.2563
-0.127778	-28.2651
-0.131959	-28.2739
-0.135277	-28.2828
-0.138187	-28.2919
-0.141	-28.3012
-0.143549	-28.3105
-0.146015	-28.3192
-0.148455	-28.3282
-0.149692	-28.3381
-0.152083	-28.3478
-0.155495	-28.3577
-0.158625	-28.3678
-0.161056	-28.3775
-0.162715	-28.3876
-0.164674	-28.3975
-0.166459	-28.4074
-0.167582	-28.4173
-0.167965	-28.4279
-0.166608	-28.4394
-0.164987	-28.4506
-0.163014	-28.4614
-0.161147	-28.4724
-0.159922	-28.4839
-0.159474	-28.4944
-0.157993	-28.5061
-0.15626	-28.5165
-0.154672	-28.5269
-0.15285	-28.5369
-0.15096	-28.5469
-0.148829	-28.5566
-0.146218	-28.5664
-0.14358	-28.5762
-0.140553	-28.5858
-0.137153	-28.5955
-0.13417	-28.6051
-0.131233	-28.6153
-0.128599	-28.6259
-0.127194	-28.6369
-0.125109	-28.6481
-0.122805	-28.6586
-0.120804	-28.67
-0.118066	-28.6818
-0.114221	-28.6933
-0.109461	-28.7053
-0.105073	-28.7163
-0.101644	-28.7263
-0.0988205	-28.7345
-0.0954702	-28.7434
-0.0930249	-28.7529
-0.0907577	-28.7626
-0.0884477	-28.7723
-0.0860529	-28.7813
-0.0832798	-28.79
-0.0805519	-28.7994
-0.0775183	-28.808
-0.0731763	-28.8164
-0.0684479	-28.8245
-0.0638174	-28.8328
-0.0573646	-28.8405
-0.050847	-28.8485
-0.0443702	-28.8563
-0.03787	-28.864
-0.0316876	-28.8725
-0.0264838	-28.8809
-0.0212617	-28.8889
-0.0165879	-28.8972

-0.0117321	28.8976
-0.00682268	28.8881
-0.000784505	28.8791
0.00525504	28.8703
0.011235	28.862
0.0158679	28.8556
0.0204629	28.849
0.0253775	28.842
0.0304765	28.8341
0.036209	28.8264
0.0424949	28.819
0.0486379	28.8117
0.0551945	28.8038
0.0613439	28.7961
0.0667975	28.7885
0.0725102	28.7813
0.0786151	28.7735
0.0844475	28.7659
0.0885393	28.7587
0.0935135	28.7511
0.0984451	28.7434
0.10359	28.7358
0.109617	28.7289
0.115138	28.7226
0.122506	28.7159
0.129549	28.7087
0.137144	28.7007
0.144511	28.6929
0.151876	28.6855
0.157932	28.6783
0.163722	28.6706
0.169418	28.6639
0.174987	28.657
0.180696	28.6488
0.186249	28.6395
0.191972	28.6302
0.197484	28.6212
0.202853	28.6127
0.209751	28.605
0.216685	28.5976
0.223423	28.5902
0.229305	28.584
0.235188	28.5762
0.240586	28.5683
0.245414	28.5595
0.25006	28.5507
0.253531	28.5423
0.257203	28.534
0.2606	28.5259
0.26327	28.5173
0.265399	28.5087
0.267427	28.4997
0.268801	28.4904
0.270124	28.4811
0.271555	28.4718
0.272965	28.4621
0.274918	28.4528
0.278077	28.4433
0.281376	28.4332
0.2845	28.4235
0.288092	28.4129
0.291737	28.4026
0.294627	28.3918
0.296726	28.3818
0.2986	28.3719
0.300351	28.362
0.302201	28.3515
0.303877	28.3413
0.3047	28.3315
0.30541	28.3215
0.306739	28.3116
0.307796	28.3024
0.309037	28.2931
0.310029	28.2837
0.310801	28.2734
0.311259	28.2643
0.311781	28.2552
0.312025	28.2467
0.312353	28.2376
0.312866	28.2285
0.31269	28.2191
0.311829	28.2089
0.311362	28.1989
0.310693	28.1884
0.309864	28.1785
0.307368	28.1675
0.30477	28.1568
0.302416	28.1464
0.300085	28.1363
0.297421	28.1262
0.294073	28.1158
0.290802	28.1056
0.288258	28.0946
0.285681	28.0842
0.282845	28.0747
0.279777	28.0642
0.276655	28.0539
0.27323	28.043
0.268389	28.0335
0.261965	28.0252
0.256041	28.016
0.250074	28.0072
0.244451	27.9982
0.239062	27.9894
0.234212	27.9817
0.229908	27.9746
0.225189	27.968
0.220842	27.9612
0.216843	27.9542
0.213694	27.9479
0.210088	27.9415
0.205479	27.935
0.199972	27.9278
0.194592	27.9207
0.189958	27.9131
0.185068	27.9058
0.180471	27.8998
0.175703	27.8934
0.1703	27.8866
0.164215	27.8807
0.159186	27.8749
0.1539	27.8688
0.149088	27.8615
0.143047	27.8542
0.13682	27.8468
0.130528	27.8394
0.12426	27.8323
0.117739	27.8243
0.111293	27.8156
0.106213	27.8069
0.100595	27.7975
0.0948315	27.7885
0.0890861	27.78
0.0834353	27.7717
0.0777223	27.7637
0.0719246	27.7558
0.0665756	27.7496
0.0615697	27.7436
0.0564343	27.7379
0.0511468	27.7318
0.0455452	27.7269
0.0411517	27.7222
0.0362542	27.7182
0.0306256	27.7138
0.0243686	27.7092
0.0180961	27.7045
0.0111643	27.6992
0.00351828	27.6942
-0.00498302	27.6897
-0.0141216	27.6852
-0.0226325	27.682
-0.0316664	27.6781
-0.0394085	27.6737
-0.0471155	27.67
-0.0542235	27.6663
-0.0622312	27.663
-0.069695	27.6599
-0.0769963	27.6579
-0.0840701	27.6556
-0.0915745	27.6533
-0.0993735	27.6508
-0.107123	27.6477
-0.114609	27.6445
-0.122303	27.6411
-0.129955	27.6375
-0.139566	27.634
-0.149182	27.6307
-0.158483	27.6272
-0.167332	27.6239
-0.176107	27.6196
-0.1853	27.6153
-0.194107	27.6111
-0.202496	27.607
-0.211652	27.6026
-0.21988	27.5982
-0.228017	27.5933
-0.235694	27.5901
-0.242069	27.5871
-0.248042	27.5826
-0.254049	27.5775
-0.260029	27.5722
-0.265769	27.5664
-0.271369	27.5607
-0.27734	27.5546
-0.282753	27.5473
-0.288034	27.5388
-0.292518	27.5296
-0.295345	27.5199
-0.297758	27.5099
-0.300259	27.4996
-0.302235	27.4901
-0.303019	27.4796
-0.303525	27.4695
-0.303622	27.4593
-0.304583	27.4478
-0.305985	27.4351
-0.30664	27.4231
-0.307422	27.412
-0.308314	27.4017
-0.308693	27.3917
-0.308325	27.382
-0.309204	27.3726
-0.309068	27.3634
-0.309256	27.3544
-0.310085	27.3455
-0.310829	27.3365
-0.310768	27.3268
-0.309716	27.3178
-0.308139	27.3083
-0.306266	27.2988
-0.304301	27.2886
-0.30105	27.279
-0.297587	27.2689
-0.29502	27.26
-0.291906	27.2511
-0.288596	27.2427
-0.28478	27.2347
-0.281922	27.2266
-0.27902	27.2183
-0.275871	27.2107
-0.271602	27.2032
-0.266605	27.1961
-0.262427	27.1883
-0.257464	27.1804
-0.252285	27.1728
-0.246181	27.1651
-0.239834	27.1572
-0.233862	27.1504
-0.226608	27.1431
-0.219068	27.1344
-0.211747	27.1261
-0.20537	27.1187
-0.198593	27.1116
-0.19149	27.1034
-0.184363	27.0954
-0.177334	27.0876
-0.169862	27.0815
-0.162058	27.0757
-0.154484	27.0699
-0.14678	27.0636
-0.139763	27.0571
-0.133112	27.0504
-0.126129	27.0436
-0.119742	27.0378
-0.113156	27.032
-0.106595	27.0252
-0.0997048	27.0184
-0.0921904	27.0115
-0.084572	27.0051
-0.0768551	26.9987
-0.06918	26.9925
-0.0605581	26.9859
-0.0524758	26.9796
-0.0440653	26.9733
-0.0353306	26.9681
-0.0269616	26.9623
-0.0192829	26.957
-0.0123299	26.9527
-0.00515341	26.9484
0.00260799	26.944
0.0111443	26.9396
0.0192191	26.9356
0.0273334	26.9312
0.0353842	26.9266
0.0442037	26.9208
0.0543217	26.9152
0.0649131	26.9097
0.07594	26.9038
0.0860719	26.8976
0.095857	26.8917
0.104421	26.8849
0.112903	26.8778
0.121163	26.871
0.129825	26.8643
0.139057	26.8578
0.147963	26.8522
0.156546	26.8467
0.165023	26.8416
0.173151	26.8363
0.180605	26.8306
0.187941	26.8256
0.195191	26.8202
0.202825	26.815
0.210688	26.8101
0.218573	26.8052
0.225847	26.7999
0.232932	26.7941
0.240156	26.7882
0.246755	26.7828
0.254327	26.7773
0.261943	26.7717
0.268935	26.766
0.27622	26.7595
0.28337	26.7531
0.290317	26.7464
0.296436	26.7391
0.302457	26.7318
0.308624	26.7252
0.314832	26.7185
0.320852	26.7119
0.326268	26.7054
0.331753	26.6988
0.336942	26.6919
0.342274	26.6856
0.348151	26.6792
0.355089	26.6728
0.36202	26.6663
0.368934	26.6598
0.375762	26.6532
0.382135	26.6464
0.389552	26.6387
0.396166	26.6319
0.403546	26.625
0.410219	26.6184
0.417032	26.6114
0.423688	26.6041
0.429553	26.5965
0.435325	26.5892
0.441608	26.5812
0.447977	26.5733
0.45431	26.5658
0.460653	26.5592
0.466726	26.5526
0.472415	26.546
0.478563	26.5402
0.484407	26.5342
0.490504	26.5281
0.496684	26.5217
0.503193	26.5139
0.509562	26.5062
0.515097	26.4985
0.52073	26.4907
0.525946	26.4844
0.53188	26.4772
0.536628	26.4698
0.541376	26.4622
0.546529	26.4541
0.550902	26.4473
0.555661	26.4405
0.560114	26.4323
0.564517	26.4239
0.568714	26.416
0.573435	26.4082
0.5783	26.3997
0.583033	26.3918
0.588128	26.3838
0.594096	26.3751
0.599994	26.3658
0.605663	26.3567
0.611125	26.3476
0.616146	26.3402
0.620737	26.3329
0.625488	26.3248
0.630997	26.3158
0.636433	26.3071
0.641519	26.2983
0.647186	26.2897
0.651607	26.2823
0.65781	26.2778
0.664327	26.273
0.6707	26.2701
0.677128	26.2664
0.683928	26.2623
0.691761	26.2581
0.700357	26.2539
0.709273	26.2502
0.718327	26.2466
0.726452	26.2429
0.734697	26.2391
0.741964	26.235
0.749005	26.2322
0.756524	26.2299
0.764578	26.2278
0.772834	26.2254
0.781011	26.2221
0.789319	26.2189
0.796641	26.2157
0.803022	26.211
0.808996	26.2063
0.814758	26.2014
0.82071	26.1964
0.826677	26.1906
0.832321	26.1848
0.838396	26.1787
0.844406	26.1719
0.851316	26.1643
0.858429	26.1562
0.865999	26.1482
0.874058	26.1389
0.881933	26.1298
0.889431	26.1208
0.896385	26.1117
0.905503	26.1013
0.914119	26.0912
0.922141	26.0834
0.929627	26.0749
0.936992	26.066
0.94335	26.0571
0.94928	26.0485
0.954667	26.0402
0.960071	26.0309
0.965095	26.0207
0.971275	26.0114
0.975929	26.0023
0.980757	25.9927
0.984892	25.9829
0.987943	25.9731
0.990657	25.9633
0.993932	25.9544
0.99653	25.9452
0.998821	25.9359
1.00086	25.9266
1.00292	25.9167
1.00468	25.9068
1.00545	25.896
1.00612	25.8855
1.00613	25.8753
1.00594	25.8654
1.00584	25.8552
1.00525	25.8446
1.0053	25.8337
1.00469	25.8225
1.00385	25.8117
1.00243	25.8007
1.00146	25.791
1.00058	25.782
1.00005	25.7724
0.999482	25.7628
0.998628	25.7546
