###  Units are X_hat = 1.73cm.
0.141421
0.150054
0.156953
0.16108
0.157775
0.16596
0.170782
0.177447
0.180721
0.173104
0.177923
0.178574
0.184113
0.191696
0.192799
0.192798
0.187879
0.185922
0.201918
0.199983
0.195529
0.198803
0.188762
0.192282
0.188922
0.201086
0.19767
0.190153
0.177361
0.184048
0.181001
0.183045
0.189751
0.190113
0.20432
0.199167
0.19761
0.189536
0.189292
0.187906
0.189176
0.194687
0.18348
0.186081
0.189126
0.193206
0.197689
0.190408
0.189381
0.188137
0.178194
0.188489
0.171892
0.173107
0.189276
0.187233
0.195092
0.193599
0.189124
0.188097
0.198534
0.202008
0.189732
0.190404
0.190269
0.186688
0.188606
0.191854
0.186479
0.177729
0.177974
0.183709
0.185114
0.187612
0.183895
0.193875
0.188885
0.180478
0.175825
0.182461
0.180905
0.181918
0.179771
0.179614
0.172863
0.175581
0.177998
0.192129
0.182936
0.184103
0.185453
0.189897
0.197269
0.213751
0.211034
0.201462
0.199384
0.198817
0.192833
0.199898
0.192519
0.190456
0.191233
0.188769
0.190588
0.187511
0.189832
0.193247
0.196032
0.190414
0.203161
0.20293
0.20994
0.208232
0.205887
0.201326
0.19537
0.19862
0.194869
0.194109
0.200269
0.197459
0.189875
0.188197
0.192406
0.207435
0.206463
0.203348
0.201492
0.200982
0.204172
0.203647
0.204753
0.200947
0.2043
0.201784
0.198325
0.197702
0.195732
0.191368
0.19167
0.185351
0.181284
0.180908
0.182228
0.182955
0.184418
0.174608
0.179794
0.188472
0.189594
0.189517
0.196554
0.179825
0.184393
0.186531
0.184484
0.170139
0.173377
0.180394
0.181215
0.183029
0.177363
0.174385
0.177768
0.175512
0.175909
0.167437
0.178071
0.185545
0.185825
0.197358
0.195657
0.195618
0.190469
0.194564
0.187758
0.185774
0.176884
0.176039
0.178054
0.190525
0.189704
0.192858
0.194884
0.195393
0.194721
0.198889
0.191949
0.195009
0.196206
0.19791
0.195878
0.19448
0.189756
0.193824
0.198788
0.202738
0.199591
0.196164
0.202419
0.184712
0.185929
0.179527
0.180313
0.181954
0.179818
0.173192
0.175705
0.182681
0.186974
0.186179
0.187393
0.192163
0.191984
0.19032
0.198904
0.195836
0.197233
0.198889
0.195394
0.196672
0.195937
0.19293
0.189805
0.188754
0.187732
0.187257
0.201481
0.196793
0.187208
0.188594
0.188278
0.194618
0.189407
0.208646
0.203146
0.199426
0.199428
0.202184
0.200149
0.19989
0.211295
0.202403
0.19476
0.194751
0.198046
0.19956
0.198284
0.217248
0.209685
0.205418
0.19117
0.191162
0.197347
0.19898
0.194901
0.178917
0.172156
0.18039
0.182417
0.181442
0.185732
0.199294
0.195304
0.17898
0.190941
0.19654
0.193363
0.183787
0.185633
0.187059
0.189432
0.186558
0.187153
0.185852
0.190751
0.198794
0.202764
0.192615
0.193245
0.206908
0.201386
0.204358
0.202953
0.176098
0.174751
0.173395
0.178919
0.182893
0.185975
0.188136
0.179988
0.182113
0.173429
0.177558
0.184419
0.183907
0.181328
0.177839
0.191906
0.199606
0.202277
0.203297
0.214022
0.19772
0.196439
0.19958
0.192134
0.193911
0.199801
0.196705
0.199098
0.200694
0.197281
0.190748
0.190011
0.190894
0.19198
0.190895
0.200146
0.217436
0.20801
0.205943
0.202171
0.193943
0.192335
0.186843
0.188488
0.189837
0.194589
0.198462
0.198329
0.198424
0.200275
0.19386
0.19365
0.194103
0.193127
0.184129
0.180456
0.181145
0.188066
0.186661
0.193673
0.192398
0.192344
0.184172
0.17483
0.183945
0.184277
0.185142
0.187634
0.198064
0.196917
0.204817
0.206287
0.205037
0.211102
0.217006
0.217596
0.207924
0.204328
0.201106
0.197354
0.1911
0.190094
0.192974
0.198511
0.198837
0.197405
0.200525
0.199591
0.199366
0.198279
0.198657
0.197458
0.194204
0.189931
0.174923
0.173838
0.181133
0.185369
0.188348
0.195295
0.186087
0.187206
0.186951
0.176248
0.175799
0.185056
0.180018
0.177681
0.187549
0.192433
0.19427
0.19749
0.196041
0.197559
0.202335
0.202679
0.201492
0.191877
0.191312
0.196442
0.186853
0.192819
0.200283
0.204216
0.208776
0.205773
0.203118
0.208684
0.213364
0.215673
0.20342
0.197063
0.196095
0.19651
0.203975
0.203059
0.192722
0.198438
0.197879
0.201161
0.200175
0.203154
0.203518
0.206942
0.205719
0.19754
0.207508
0.219488
0.217217
0.208123
0.200516
0.209216
0.198782
0.195419
0.18693
0.19768
0.189266
0.190692
0.188838
0.190234
0.192023
0.195491
0.197653
0.202856
0.197481
0.191192
0.197434
0.199065
0.199593
0.201169
0.197603
0.193067
0.193194
0.180126
0.175731
0.181459
0.178824
0.182218
0.17928
0.18491
0.179513
0.186944
0.185206
0.193697
0.19145
0.197188
0.202061
0.197169
0.196996
0.196683
0.197817
0.189264
0.185569
0.191711
0.183634
0.187683
0.186292
0.187789
0.188017
0.197368
0.179427
0.182072
0.177745
0.176355
0.180838
0.181968
0.182747
0.179622
0.183547
0.200833
0.210119
0.206536
0.205688
0.209744
0.201041
0.204168
0.206959
0.217147
0.217832
0.219096
0.216792
0.220975
0.21834
0.215066
0.213238
0.224888
0.21711
0.213587
0.210846
0.211615
0.198418
0.200462
0.200026
0.200893
0.207761
0.198672
0.204042
0.200818
0.202574
0.202482
0.200618
0.186307
0.188615
0.191017
0.183653
0.18229
0.185089
0.189756
0.188585
0.192145
0.192579
0.192867
0.18996
0.204657
0.211734
0.206905
0.202728
0.201778
0.19734
0.192919
0.193252
0.197937
0.195871
0.196559
0.201151
0.202454
0.19258
0.191862
0.197482
0.189914
0.196329
0.207651
0.210326
0.207279
0.207416
0.209851
0.214185
0.210386
0.208115
0.205673
0.19743
0.196017
0.206263
0.203028
0.201746
0.202052
0.201255
0.194493
0.198297
0.193237
0.194821
0.196584
0.195775
0.19568
0.213764
0.210467
0.210065
0.199939
0.202209
0.203216
0.202994
0.201998
0.205675
0.21009
0.205997
0.201709
0.199354
0.186902
0.183443
0.18151
0.188841
0.186433
0.181595
0.181894
0.186399
0.189571
0.181542
0.193153
0.178066
0.187421
0.186002
0.186887
0.19803
0.191713
0.191312
0.195747
0.190974
0.188114
0.194004
0.193436
0.189456
0.193108
0.19321
0.186933
0.174694
0.176446
0.179945
0.185624
0.185786
0.186477
0.188596
0.185066
0.186488
0.180589
0.193529
0.18953
0.189073
0.187503
0.177625
0.179387
0.178671
0.183071
0.181944
0.180164
0.18069
0.180446
0.185357
0.179472
0.177466
0.182407
0.180716
0.182218
0.188448
0.194618
0.194189
0.193336
0.18929
0.18677
0.185416
0.184647
0.184889
0.17936
0.18389
0.184035
0.183724
0.188933
0.185496
0.184972
0.172686
0.177346
0.171632
0.170445
0.170691
0.170285
0.177904
0.186628
0.186618
0.18622
0.185788
0.185774
0.187047
0.179543
0.172746
0.166524
0.158232
0.166336
0.166849
0.166809
0.168777
0.172195
0.180256
0.176403
0.170567
0.178099
0.18443
0.179797
0.176331
0.191087
0.190543
0.192016
0.196664
0.192653
0.189453
0.189212
0.193997
0.186614
0.195959
0.194287
0.187268
0.177351
0.16322
0.169317
0.164567
0.169418
0.17154
0.165422
0.174396
0.180226
0.178689
0.176496
0.193142
0.188745
0.188846
0.18483
0.181379
0.19172
0.201815
0.206463
0.206947
0.192445
0.190987
0.191818
0.189071
0.168575
0.176969
0.180417
0.180237
0.182927
0.184604
0.188081
0.187059
0.187096
0.184463
0.183904
0.179385
0.179042
0.179371
0.181692
0.179168
0.185705
0.18987
0.184233
0.184836
0.19026
0.183416
0.183474
0.177676
0.187376
0.188053
0.186399
0.194793
0.181948
0.192083
0.182145
0.181015
0.179273
0.183165
0.18215
0.185458
0.183385
0.194232
0.203236
0.201331
0.198341
0.199686
0.197186
0.189766
0.189156
0.190067
0.188744
0.175608
0.175211
0.170664
0.15668
0.159509
0.166889
0.171823
0.182032
0.179174
0.184745
0.190417
0.189676
0.182892
0.183411
0.190987
0.198323
0.201971
0.204163
0.193195
0.195344
0.192191
0.201028
0.197575
0.196315
0.204429
0.209062
0.209751
0.205348
0.198809
0.196457
0.191939
0.192679
0.191642
0.192878
0.192922
0.195815
0.194129
0.185282
0.181322
0.18649
0.165364
0.16705
0.183329
0.169411
0.17342
0.177237
0.180028
0.181821
0.181394
0.174267
0.16968
0.164855
0.173159
0.17613
0.178791
0.182668
0.196696
0.200609
0.197563
0.201072
0.205939
0.201435
0.207366
0.207624
0.211365
0.20738
0.199196
0.200257
0.198778
0.197716
0.200475
0.199286
0.196786
0.195017
0.195628
0.184009
0.183564
0.175557
0.178184
0.176341
0.172369
0.176795
0.17434
0.189638
0.192861
0.199006
0.197376
0.202746
0.201401
0.196893
0.19858
0.188974
0.18815
0.179039
0.180873
0.183055
0.19479
0.191754
0.195572
0.205415
0.206959
0.193326
0.200352
0.201604
0.196926
0.1935
0.195686
0.204176
0.192539
0.186477
0.192305
0.193242
0.192501
0.196145
0.194081
0.191771
0.172278
0.174022
0.180778
0.178885
0.184875
0.184644
0.184726
0.191287
0.192243
0.187991
0.183903
0.177767
0.190667
0.201664
0.200754
0.200795
0.20379
0.205013
0.208874
0.215418
0.212595
0.213287
0.20887
0.20455
0.203648
0.202975
0.19891
0.204761
0.205124
0.203694
0.199578
0.205357
0.217917
0.22469
0.218486
0.208124
0.199776
0.198566
0.196714
0.193089
0.19537
0.194388
0.190449
0.193681
0.189048
0.189879
0.186075
0.188354
0.188094
0.188869
0.190903
0.206378
0.204364
0.213311
0.235483
0.228103
0.2162
0.219276
0.204267
0.197565
0.201903
0.200917
0.201021
0.203333
0.202433
0.20131
0.204921
0.203439
0.197056
0.196993
0.189269
0.190331
0.192937
0.198199
0.197677
0.197307
0.186406
0.194863
0.193925
0.199575
0.193651
0.19205
0.192498
0.191915
0.189379
0.198615
0.202243
0.208118
0.202376
0.202572
0.198263
0.185611
0.181492
0.177732
0.179367
0.19198
0.19063
0.19793
0.181304
0.184739
0.183975
0.173793
0.177509
0.178646
0.197704
0.197866
0.198151
0.198651
0.204412
0.205567
0.208569
0.209481
0.203469
0.196258
0.190376
0.187504
0.175239
0.173129
0.176514
0.182016
0.171796
0.17344
0.177491
0.178682
0.179613
0.178973
0.187956
0.188321
0.191762
0.186476
0.180424
0.18397
0.193767
0.189782
0.19182
0.190698
0.190412
0.186397
0.17486
0.170433
0.16124
0.180975
0.177481
0.178628
0.17649
0.177657
0.175935
0.17761
0.184204
0.186546
0.181812
0.1815
0.182403
0.179914
0.184026
0.194879
0.208733
0.195557
0.199201
0.195264
0.198421
0.210419
0.20322
0.202647
0.197556
0.199894
0.197224
0.197485
0.189547
0.191674
0.188082
0.198904
0.189031
0.192356
0.194757
0.188074
0.187661
0.181427
0.180964
0.180257
0.171046
0.173519
0.173453
0.173363
0.172123
0.169753
0.161848
0.166458
0.171429
0.181115
0.180951
0.185351
0.164834
0.169098
0.167484
0.171122
0.164399
0.170748
0.175524
0.171654
0.169768
0.171615
0.167674
0.172563
0.175373
0.185434
0.186189
0.180779
0.183538
0.185874
0.188553
0.179403
0.180817
0.179499
0.183686
0.186276
0.188306
0.190381
0.182544
0.193953
0.190376
0.190568
0.190685
0.181665
0.177299
0.180566
0.197033
0.199404
0.199638
0.207554
0.205036
0.190535
0.193172
0.195186
0.19192
0.192263
0.192586
0.198471
0.198072
0.210409
0.216755
0.21457
0.208091
0.204544
0.217708
0.211652
0.207076
0.204471
0.207209
0.199393
0.200225
0.19705
0.195831
0.204756
0.184695
0.178561
0.174742
0.174981
0.195184
0.206576
0.213537
0.216119
0.2047
0.20306
0.200528
0.190262
0.189942
0.182189
0.183399
0.185548
0.182193
0.190685
0.205214
0.204288
0.2106
0.197481
0.203095
0.207166
0.209372
0.206803
0.203237
0.188005
0.192646
0.193619
0.201368
0.216512
0.210317
0.211935
0.205219
0.203875
0.208295
0.204897
0.20312
0.213169
0.200075
0.184628
0.187787
0.187588
0.188852
0.190891
0.187917
0.169439
0.174704
0.179524
0.172176
0.175841
0.178305
0.171839
0.177342
0.178284
0.164786
0.170947
0.1703
0.163985
0.168969
0.171897
0.174589
0.176378
0.185641
0.197482
0.196017
0.194559
0.189952
0.187789
0.196914
0.199637
0.191752
0.190393
0.176272
0.171455
0.177613
0.175072
0.174789
0.193859
0.212714
0.200982
0.217577
0.212272
0.208515
0.210553
0.199771
0.201062
0.200407
0.200705
0.199141
0.195169
0.196854
0.190464
0.192757
0.188762
0.195032
0.195079
0.195037
0.194148
0.191703
0.18884
0.195968
0.194782
0.18983
0.192071
0.192362
0.190531
0.200347
0.198187
0.192674
0.198772
0.195604
0.195078
0.195062
0.192143
0.194249
0.194022
0.200566
0.197441
0.217687
0.213865
0.213826
0.20288
0.203438
0.207257
0.199093
0.207171
0.204249
0.204967
0.203419
0.201806
0.199312
0.191808
0.18602
0.196199
0.202199
0.199585
0.191863
0.195354
0.202142
0.201277
0.200233
0.192943
0.188721
0.185903
0.18692
0.185424
0.180424
0.181679
0.190341
0.180756
0.170916
0.177425
0.178838
0.18197
0.175535
0.170654
0.166603
0.176289
0.177018
0.1841
0.185998
0.182587
0.187534
0.178991
0.17396
0.175934
0.183362
0.186734
0.18559
0.190674
0.183864
0.184965
0.182382
0.199695
0.198854
0.195251
0.208542
0.208405
0.202329
0.194634
0.190594
0.181909
0.181508
0.189654
0.193891
0.206728
0.204726
0.202592
0.208403
0.202992
0.214504
0.215227
0.204858
0.19905
0.196894
0.192008
0.198448
0.201737
0.196319
0.195165
0.197902
0.196956
0.196899
0.199528
0.199681
0.195073
0.195076
0.206796
0.204266
0.212252
0.199395
0.198264
0.184552
0.180334
0.172988
0.178115
0.176692
0.186965
0.192929
0.191918
0.189934
0.187011
0.205922
0.207679
0.218249
0.210034
0.206869
0.205246
0.202432
0.19927
0.205658
0.203078
0.20083
0.18658
0.195324
0.188777
0.193052
0.186833
0.192295
0.187633
0.191662
0.189365
0.186573
0.186423
0.186632
0.181967
0.19424
0.188129
0.192541
0.194731
0.194397
0.189286
0.192593
0.199787
0.20067
0.198891
0.197894
0.200506
0.200377
0.203806
0.208983
0.206999
0.205349
0.201544
0.194257
0.189819
0.186903
0.188521
0.193398
0.192162
0.193107
0.197916
0.192703
0.184451
0.183351
0.18543
0.185215
0.177293
0.180766
0.185178
0.187649
0.193129
0.190433
0.202065
0.191687
0.186579
0.187098
0.186348
0.187789
0.186815
0.191361
0.185134
0.189816
0.185652
0.188323
0.186981
0.186145
0.182435
0.183114
0.182851
0.184758
0.190453
0.200563
0.205218
0.209952
0.20853
0.208774
0.211305
0.205386
0.20479
0.208949
0.207782
0.197943
0.207086
0.204317
0.200372
0.199039
0.188957
0.193391
0.196249
0.201932
0.19734
0.198854
0.20349
0.200671
0.206312
0.204272
0.210276
0.199948
0.199577
0.204545
0.200506
0.196879
0.2012
0.205094
0.213661
0.212131
0.204312
0.202333
0.198279
0.19885
0.198387
0.197806
0.197979
0.196443
0.190487
0.184049
0.202677
0.185812
0.187268
0.188019
0.180844
0.179663
0.182436
0.180991
0.183721
0.186964
0.181345
0.179637
0.18417
0.174048
0.176812
0.178182
0.18484
0.192486
0.193513
0.19155
0.190823
0.193736
0.192539
0.192713
0.198205
0.183709
0.190485
0.175504
0.175766
0.182192
0.190465
0.196156
0.191139
0.20129
0.201543
0.193936
0.187013
0.189851
0.1826
0.177485
0.174156
0.181751
0.180346
0.179829
0.177795
0.17528
0.17626
0.179566
0.176688
0.185819
0.190212
0.184822
0.184126
0.180276
0.19197
0.186975
0.188369
0.187705
0.187623
0.190561
0.189502
0.185587
0.182389
0.200327
0.208444
0.201999
0.208441
0.205012
0.203578
0.206994
0.212212
0.211725
0.201647
0.19882
0.197967
0.197105
0.195183
0.198046
0.192336
0.195058
0.191993
0.191153
0.190773
0.18573
0.185334
0.168576
0.170423
0.169301
0.169819
0.169889
0.177169
0.169828
0.174329
0.175972
0.171934
0.180049
0.187914
0.189532
0.193293
0.178866
0.191142
0.196506
0.19487
0.19306
0.195539
0.195455
0.19268
0.191062
0.192924
0.191558
0.192627
0.205494
0.203488
0.201314
0.194051
0.193011
0.194284
0.199662
0.198618
0.204423
0.204373
0.202805
0.200279
0.19859
0.190461
0.194064
0.196729
0.193351
0.1863
0.191091
0.193625
0.193642
0.193135
0.183589
0.190891
0.197469
0.1965
0.196251
0.20164
0.206158
0.203946
0.206905
0.213186
0.214049
0.215536
0.220468
0.214141
0.212386
0.21919
0.213293
0.194836
0.194291
0.197563
0.198002
0.195374
0.194365
0.179373
0.16685
0.170444
0.173306
0.173967
0.171174
0.170954
0.170156
0.168383
0.165867
0.166651
0.170024
0.1516
0.157044
0.153599
0.177142
0.177506
0.177219
0.178727
0.186633
0.180157
0.18833
0.187336
0.184542
0.184874
0.185927
0.179555
0.161996
0.155967
0.160984
0.172731
0.175437
0.17175
0.174949
0.176571
0.186794
0.181174
0.181751
0.18313
0.174518
0.18105
0.180201
0.191311
0.19653
0.188764
0.192811
0.180215
0.184519
0.185172
0.196535
0.183686
0.177282
0.170508
0.188506
0.189117
0.184144
0.174609
0.175052
0.176111
0.173267
0.177739
0.185815
0.177537
0.18566
0.191763
0.191212
0.184669
0.182136
0.191837
0.184704
0.182377
0.184353
0.186627
0.184704
0.18605
0.187934
0.188918
0.19106
0.189639
0.20105
0.199539
0.188064
0.193043
0.199742
0.203835
0.194836
0.191446
0.188896
0.189132
0.19385
0.200087
0.190202
0.191866
0.20187
0.204915
0.203361
0.198788
0.191587
0.18724
0.189797
0.190357
0.194954
0.193303
0.203821
0.208947
0.204388
0.20764
0.20183
0.1967
0.193789
0.192348
0.203611
0.201447
0.189002
0.203304
0.197662
0.19632
0.194425
0.189938
0.192216
0.194816
0.19711
0.189416
0.184823
0.174793
0.190318
0.192916
0.190532
0.181183
0.19061
0.200641
0.207086
0.194757
0.19736
0.197915
0.202551
0.201854
0.205489
0.197562
0.194419
0.193296
0.190796
0.193949
0.192392
0.191727
0.200732
0.199898
0.197791
0.192659
0.192533
0.19337
0.196919
0.198893
0.201608
0.198578
0.192408
0.183369
0.174144
0.175894
0.188887
0.189352
0.202091
0.195878
0.193058
0.195405
0.197019
0.208358
0.211179
0.207088
0.198767
0.197916
0.18901
0.188897
0.185426
0.170647
0.168821
0.167594
0.17148
0.186622
0.18954
0.182878
0.180601
0.179518
0.181799
0.180966
0.191024
0.196341
0.197267
0.192516
0.192031
0.188566
0.186051
0.182477
0.182983
0.183205
0.184764
0.186933
0.191354
0.193689
0.19332
0.18852
0.182133
0.184616
0.192195
0.188671
0.189445
0.191469
0.203957
0.200516
0.198788
0.199464
0.193157
0.184858
0.185804
0.202476
0.204221
0.211638
0.20993
0.207281
0.207496
0.20924
0.208029
0.203796
0.205563
0.202298
0.212716
0.204132
0.214598
0.217319
0.217361
0.216471
0.227936
0.224292
0.225475
0.219855
0.21398
0.215384
0.216562
0.21137
0.204277
0.201818
0.207549
0.206466
0.203652
0.213683
0.20758
0.205778
0.201361
0.202208
0.214369
0.207372
0.202344
0.196154
0.206197
0.19726
0.192699
0.188653
0.195681
0.193318
0.195533
0.193628
0.191329
0.188786
0.192362
0.192819
0.190467
0.194708
0.194153
0.195642
0.193385
0.19659
0.19849
0.186092
0.200522
0.186675
0.17797
0.180513
0.183404
0.178992
0.179862
0.180788
0.180441
0.189201
0.189609
0.189078
0.1915
0.184744
0.176857
0.187471
0.186652
0.178445
0.180871
0.183052
0.192736
0.188513
0.19461
0.183719
0.193405
0.194109
0.182001
0.188452
0.191192
0.190121
0.195517
0.194238
0.185162
0.186475
0.2022
0.19435
0.191694
0.199698
0.19958
0.210863
0.208239
0.205922
0.199671
0.202272
0.197454
0.19211
0.196219
0.201501
0.200114
0.195847
0.198427
0.201287
0.202322
0.198875
0.200404
0.203171
0.200086
0.196976
0.198527
0.190531
0.187815
0.186769
0.190884
0.188829
0.190952
0.181104
0.182052
0.176552
0.180899
0.183538
0.181727
0.190163
0.189003
0.192375
0.191937
0.208573
0.2054
0.197367
0.196254
0.188968
0.193133
0.194682
0.192269
0.199364
0.199845
0.206549
0.202698
0.204888
0.206452
0.202554
0.201026
0.207956
0.191102
0.190741
0.193691
0.19575
0.194067
0.193901
0.199978
0.200054
0.203509
0.202234
0.195462
0.197701
0.203157
0.197623
0.196027
0.209294
0.208347
0.206399
0.204221
0.202457
0.197531
0.198683
0.197663
0.197861
0.183481
0.183132
0.191211
0.192538
0.191947
0.191779
0.195804
0.196553
0.193624
0.191427
0.189861
0.188146
0.188924
0.188622
0.188338
0.203808
0.201159
0.19987
0.18965
0.189099
0.190546
0.191459
0.195417
0.187169
0.190949
0.186631
0.191488
0.197714
0.19669
0.197372
0.199438
0.198188
0.19682
0.196372
0.197008
0.196564
0.209168
0.209754
0.206403
0.199034
0.214425
0.211181
0.210118
0.213287
0.209634
0.202421
0.201687
0.1985
0.194046
0.200075
0.197675
0.200079
0.200509
0.209434
0.20176
0.195472
0.186065
0.186191
0.192057
0.183386
0.170646
0.168647
0.159411
0.17041
0.165734
0.170571
0.1819
0.184141
0.184894
0.186999
0.183602
0.191138
0.192323
0.189125
0.19829
0.195893
0.19376
0.189957
0.18186
0.185703
0.185988
0.17943
0.183709
0.183154
0.184066
0.189897
0.19815
0.196465
0.197785
0.20183
0.198567
0.188484
0.190597
0.189266
0.184358
0.177125
0.159422
0.152873
0.156162
0.162185
0.171161
0.161592
0.159501
0.161275
0.16821
0.169058
0.182083
0.190871
0.193773
0.18769
0.187502
0.191083
0.195389
0.196365
0.199233
0.204996
0.203744
0.203896
0.197517
0.193112
0.19341
0.182482
0.185939
0.187324
0.188654
0.194025
0.20125
0.200669
0.190232
0.181373
0.18156
0.188194
0.197828
0.193604
0.196109
0.192075
0.192407
0.203581
0.195136
0.195827
0.199805
0.201408
0.210872
0.202493
0.209919
0.213293
0.207004
0.209315
0.21298
0.204931
0.211294
0.209256
0.21084
0.199174
0.198238
0.19014
0.188952
0.186678
0.181841
0.182934
0.181134
0.183348
0.184649
0.1831
0.185743
0.189996
0.189776
0.179137
0.17704
0.177444
0.180743
0.182213
0.181111
0.178765
0.180364
0.185094
0.196609
0.196731
0.199312
0.181072
0.184974
0.187762
0.18424
0.180223
0.182626
0.17921
0.18537
0.187859
0.191119
0.188486
0.193067
0.205255
0.203015
0.20103
0.200294
0.198445
0.191979
0.186781
0.183163
0.194088
0.18366
0.192414
0.187708
0.190705
0.184742
0.189134
0.19323
0.1933
0.198797
0.19958
0.200722
0.193667
0.182942
0.178938
0.191605
0.187656
0.187128
0.185937
0.181815
0.185274
0.195675
0.193698
0.203545
0.200299
0.200173
0.209393
0.20958
0.201475
0.196146
0.193723
0.205689
0.208464
0.205588
0.2037
0.194389
0.195659
0.195303
0.199022
0.212336
0.205445
0.199712
0.195224
0.204102
0.200282
0.19254
0.189862
0.198328
0.1926
0.193561
0.180879
0.180213
0.180289
0.181322
0.172073
0.160341
0.165595
0.170218
0.170151
0.17614
0.180896
0.191261
0.194423
0.186228
0.185413
0.181935
0.183523
0.187939
0.186848
0.183425
0.197927
0.198566
0.189143
0.189754
0.188433
0.194803
0.18368
0.184617
0.194888
0.194602
0.192613
0.193404
0.19278
0.192868
0.194344
0.195232
0.194163
0.186415
0.18675
0.186862
0.183682
0.185749
0.186991
0.188322
0.189138
0.188903
0.195346
0.191162
0.196023
0.19304
0.193516
0.206128
0.20789
0.209214
0.202152
0.202064
0.204834
0.202833
0.200254
0.200314
0.203009
0.201827
0.203922
0.204097
0.206
0.197944
0.200986
0.200497
0.20332
0.201047
0.200669
0.199317
0.200758
0.199802
0.207027
0.20553
0.203669
0.194052
0.193185
0.207807
0.200634
0.20194
0.200428
0.200942
0.200734
0.204652
0.202681
0.198762
0.190739
0.19195
0.188429
0.187913
0.176717
0.174621
0.199271
0.199561
0.198078
0.199501
0.20789
0.204806
0.192461
0.186767
0.185269
0.179613
0.181325
0.184322
0.184358
0.181069
0.182866
0.181775
0.182712
0.176966
0.178915
0.183776
0.186512
0.184946
0.172044
0.166866
0.171092
0.175295
0.173092
0.175516
0.176392
0.17669
0.183459
0.18729
0.188162
0.184524
0.186773
0.191679
0.198304
0.194766
0.203857
0.199441
0.204277
0.193377
0.190758
0.190547
0.195797
0.194621
0.193262
0.192998
0.185258
0.188995
0.192044
0.197423
0.207538
0.189998
0.190209
0.200043
0.206475
0.215945
0.202026
0.200296
0.197174
0.202559
0.203484
0.202163
0.203616
0.215768
0.210886
0.214847
0.213355
0.211373
0.20825
0.199856
0.203153
0.204842
0.203544
0.210954
0.207838
0.203638
0.20484
0.206528
0.210671
0.199969
0.213142
0.209918
0.214351
0.200135
0.206254
0.204569
0.200027
0.200237
0.199454
0.195211
0.203749
0.202733
0.197637
0.19541
0.195811
0.1869
0.193765
0.193238
0.195957
0.187034
0.194617
0.196112
0.194719
0.196951
0.189908
0.188884
0.185854
0.18816
0.171367
0.182817
0.179262
0.181403
0.186534
0.197978
0.194752
0.203835
0.20185
0.204216
0.203448
0.196444
0.203254
0.188901
0.194964
0.193144
0.182408
0.176994
0.178398
0.166542
0.170643
0.157511
0.166127
0.168735
0.171372
0.166085
0.168741
0.182426
0.185764
0.191258
0.196373
0.194314
0.184466
0.190645
0.179581
0.185562
0.184781
0.182824
0.200464
0.197807
0.1973
0.194656
0.195553
0.193478
0.189893
0.190814
0.190396
0.188542
0.184802
0.179404
0.186044
0.186797
0.191933
0.193146
0.20159
0.2017
0.197039
0.193555
0.191362
0.186484
0.196034
0.19529
0.187587
0.188619
0.188816
0.191372
0.193286
0.193275
0.194154
0.197456
0.198017
0.200964
0.20661
0.200526
0.199143
0.199098
0.18062
0.183898
0.183666
0.18481
0.184879
0.185773
0.18436
0.190888
0.191084
0.180608
0.182044
0.186628
0.190843
0.185738
0.197132
0.194953
0.177095
0.180199
0.183401
0.177494
0.175654
0.17998
0.181214
0.174113
0.169206
0.160597
0.165385
0.169507
0.171827
0.17547
0.177729
0.180103
0.179916
0.183131
0.185211
0.180738
0.180608
0.18542
0.18424
0.190005
0.19058
0.190712
0.203109
0.204866
0.208481
0.196597
0.187791
0.191906
0.197862
0.192458
0.191478
0.185031
0.186324
0.173083
0.182496
0.180897
0.182117
0.187721
0.188161
0.195982
0.198295
0.204287
0.202858
0.200171
0.192458
0.190734
0.186934
0.188966
0.18636
0.183424
0.193756
0.199665
0.186613
0.193881
0.191057
0.184269
0.187001
0.186979
0.1843
0.192713
0.189931
0.199727
0.178702
0.187739
0.183179
0.183424
0.191596
0.204779
0.205532
0.204977
0.20664
0.202768
0.20256
0.19894
0.191852
0.190235
0.182973
0.18601
0.187873
0.184234
0.18453
0.187157
0.188322
0.194308
0.198777
0.198804
0.197872
0.198656
0.192466
0.189443
0.188487
0.185289
0.189689
0.176213
0.176465
0.174371
0.171654
0.17363
0.175315
0.175492
0.175678
0.186524
0.19292
0.192535
0.179815
0.173779
0.177698
0.181611
0.192005
0.196683
0.206516
0.199445
0.195208
0.188163
0.204936
0.212345
0.208921
0.206987
0.196386
0.193958
0.193202
0.184532
0.193864
0.19015
0.192388
0.189867
0.188725
0.184075
0.175352
0.186981
0.189469
0.191314
0.184139
0.190407
0.196673
0.20842
0.204891
0.202364
0.201144
0.201429
0.199307
0.199725
0.196871
0.203852
0.195475
0.194294
0.181759
0.177111
0.177405
0.186735
0.200192
0.199093
0.207513
0.192533
0.19798
0.204697
0.201101
0.195622
0.20234
0.206631
0.201845
0.195528
0.188103
0.190296
0.191848
0.198988
0.202605
0.201548
0.196736
0.193632
0.19298
0.194923
0.197159
0.189536
0.191879
0.193903
0.200938
0.19706
0.200539
0.192755
0.192593
0.186324
0.200322
0.202623
0.200261
0.200614
0.196039
0.19973
0.196355
0.196546
0.193492
0.185411
0.193282
0.194858
0.194629
0.193065
0.196727
0.193614
0.19585
0.202797
0.20045
0.19968
0.199808
0.192896
0.19631
0.200438
0.178552
0.183482
0.19594
0.188473
0.189665
0.182853
0.184157
0.183689
0.177213
0.181485
0.181543
0.18144
0.185587
0.186087
0.203284
0.202074
0.203047
0.210029
0.214214
0.21382
0.210227
0.21059
0.204245
0.20525
0.200741
0.199574
0.202541
0.200073
0.200926
0.19616
0.191563
0.186853
0.18843
0.194248
0.193789
0.194739
0.193564
0.198428
0.195578
0.207545
0.209445
0.232176
0.225257
0.217719
0.214937
0.209731
0.2089
0.206054
0.203834
0.202058
0.199827
0.205189
0.202522
0.20042
0.188333
0.188859
0.188913
0.190346
0.183956
0.184751
0.17473
0.176947
0.192528
0.184209
0.186206
0.191244
0.196752
0.181832
0.183981
0.200576
0.21506
0.211308
0.219887
0.222392
0.220816
0.218743
0.211687
0.206202
0.191439
0.192422
0.191644
0.193805
0.183097
0.187794
0.186743
0.184387
0.188986
0.189295
0.187352
0.18928
0.191558
0.189102
0.188516
0.192196
0.185172
0.185241
0.185912
0.169244
0.173371
0.177895
0.178988
0.18163
0.189175
0.190148
0.192378
0.183027
0.181094
0.196148
0.197249
0.197029
0.19922
0.197593
0.197224
0.194181
0.199505
0.194668
0.19508
0.198472
0.197936
0.191748
0.208438
0.206376
0.203353
0.203344
0.200624
0.188842
0.190759
0.193095
0.186017
0.181826
0.186302
0.188326
0.19633
0.199553
0.196519
0.183291
0.165173
0.17093
0.17328
0.179527
0.18115
0.193758
0.189631
0.194618
0.192907
0.198843
0.198578
0.207245
0.199949
0.194846
0.186699
0.187038
0.189792
0.199613
0.205443
0.201664
0.202131
0.188472
0.195809
0.195388
0.196819
0.202844
0.198509
0.202136
0.198444
0.197648
0.194415
0.195326
0.192789
0.194026
0.19407
0.194021
0.202779
0.201612
0.203265
0.202286
0.199907
0.19452
0.205738
0.205387
0.196947
0.19984
0.209118
0.194759
0.193234
0.193072
0.192688
0.192659
0.201328
0.211334
0.208017
0.20416
0.19539
0.185423
0.174
0.182989
0.180485
0.186794
0.200739
0.201879
0.19901
0.197411
0.191314
0.197463
0.195711
0.187329
0.189913
0.191772
0.177892
0.16781
0.171823
0.179943
0.168951
0.175673
0.165324
0.17993
0.166929
0.164791
0.169053
0.168963
0.17277
0.173225
0.167945
0.173106
0.173193
0.177322
0.171728
0.172803
0.17428
0.18576
0.184985
0.185075
0.178947
0.189027
0.189252
0.189003
0.187913
0.184303
0.189171
0.1923
0.192908
0.203879
0.200865
0.197463
0.201393
0.210111
0.208413
0.195955
0.19004
0.182357
0.175307
0.184505
0.188196
0.188717
0.186504
0.186309
0.197099
0.203887
0.202777
0.20114
0.193044
0.192624
0.194327
0.189415
0.190782
0.17732
0.18733
0.189647
0.193524
0.195097
0.195738
0.188085
0.189417
0.191496
0.182191
0.178115
0.18481
0.176944
0.167043
0.177842
0.175284
0.176277
0.17642
0.185349
0.19111
0.193022
0.189727
0.194145
0.194454
0.194901
0.194649
0.198934
0.207709
0.212257
0.212334
0.209101
0.206386
0.201753
0.208221
0.207894
0.204045
0.195156
0.193368
0.200052
0.19818
0.19705
0.1908
0.19164
0.199339
0.199701
0.198306
0.193225
0.193585
0.194101
0.194008
0.194973
0.210977
0.208514
0.205351
0.204855
0.201504
0.198613
0.198415
0.193722
0.19619
0.200776
0.188407
0.18452
0.18349
0.186103
0.182058
0.182239
0.184106
0.187895
0.184031
0.186913
0.186985
0.19244
0.200008
0.194132
0.19396
0.18637
0.193105
0.193008
0.191972
0.192932
0.193128
0.199043
0.194245
0.200227
0.200573
0.195594
0.19309
0.193321
0.19577
0.182248
0.18336
0.17559
0.182728
0.175212
0.175701
0.165404
0.169906
0.169702
0.170012
0.173476
0.166369
0.169034
0.17201
0.180074
0.194696
0.202627
0.200695
0.207005
0.204198
0.212271
0.212864
0.208826
0.196564
0.201589
0.197023
0.197863
0.187214
0.187866
0.193553
0.192148
0.197067
0.191508
0.193631
0.193304
0.199613
0.196514
0.198695
0.19719
0.198879
0.184634
0.185639
0.173585
0.172696
0.176785
0.178415
0.177475
0.181035
0.181561
0.180424
0.185865
0.180377
0.173547
0.176579
0.178069
0.182062
0.183508
0.18679
0.188836
0.202124
0.190974
0.197535
0.200259
0.19718
0.202798
0.200813
0.206045
0.20713
0.19974
0.197993
0.196346
0.194136
0.195244
0.19816
0.201552
0.199064
0.1999
0.199141
0.199387
0.204935
0.19836
0.188771
0.191147
0.191886
0.187385
0.183281
0.187088
0.180234
0.180117
0.18146
0.172927
0.176271
0.174939
0.177798
0.180745
0.181153
0.182441
0.180049
0.181169
0.185285
0.188933
0.179123
0.174385
0.173507
0.174475
0.172208
0.178292
0.182906
0.184429
0.181633
0.178672
0.180666
0.188572
0.196555
0.201335
0.197688
0.193924
0.199046
0.193357
0.195002
0.193262
0.204061
0.200214
0.195921
0.196129
0.205036
0.198464
0.194858
0.19168
0.194347
0.188609
0.186288
0.190471
0.175704
0.170632
0.173446
0.176183
0.170888
0.167642
0.175548
0.18168
0.180277
0.18397
0.181063
0.183525
0.184186
0.177673
0.182496
0.188084
0.193658
0.18892
0.204997
0.207223
0.208836
0.202181
0.191111
0.196328
0.187118
0.182632
0.197607
0.195978
0.193604
0.194347
0.194072
0.194711
0.189959
0.191732
0.191088
0.191498
0.191369
0.190366
0.186871
0.207849
0.20493
0.202325
0.200017
0.204035
0.192505
0.186467
0.186622
0.186706
0.176951
0.17724
0.179588
0.178866
0.184048
0.186297
0.190513
0.182149
0.173903
0.18116
0.182264
0.170508
0.164218
0.179426
0.176251
0.184567
0.182058
0.186075
0.180336
0.184704
0.186577
0.186095
0.187185
0.196655
0.189889
0.189328
0.183871
0.182314
0.183798
0.193357
0.187326
0.188632
0.197365
0.200046
0.200031
0.198236
0.183817
0.192587
0.193761
0.190977
0.189798
0.19518
0.216862
0.213498
0.213495
0.210656
0.209172
0.205188
0.198624
0.194214
0.188075
0.182418
0.176103
0.182896
0.178029
0.178787
0.181113
0.193094
0.188045
0.190625
0.185319
0.186976
0.190085
0.191663
0.187662
0.187036
0.201378
0.201071
0.199261
0.207125
0.20497
0.207811
0.205834
0.220016
0.22642
0.220075
0.201076
0.205487
0.204067
0.199164
0.200435
0.198677
0.194937
0.194373
0.193256
0.192332
0.191693
0.191578
0.182828
0.184204
0.196009
0.192698
0.185496
0.182761
0.191075
0.189428
0.194025
0.192582
0.193086
0.196773
0.202424
0.201451
0.200353
0.202815
0.202045
0.203462
0.19704
0.184943
0.191073
0.191248
0.190919
0.20118
0.202927
0.200306
0.200599
0.206141
0.209674
0.211502
0.212609
0.207334
0.209315
0.200385
0.193917
0.195345
0.179108
0.176909
0.18753
0.189693
0.193136
0.191061
0.210004
0.211358
0.205929
0.204194
0.201979
0.204071
0.203991
0.203948
0.208481
0.206868
0.203162
0.20002
0.193619
0.193878
0.192635
0.191
0.188512
0.176584
0.188776
0.185461
0.195174
0.196674
0.173051
0.176009
0.178096
0.179433
0.184135
0.193582
0.184921
0.184145
0.172502
0.171511
0.179251
0.182894
0.184039
0.189363
0.189543
0.189838
0.18762
0.193881
0.196341
0.209679
0.198825
0.203808
0.200883
0.198754
0.194159
0.194165
0.190821
0.196527
0.201055
0.201412
0.208869
0.20825
0.213102
0.200447
0.198714
0.189075
0.188245
0.184192
0.175001
0.184033
0.193574
0.188266
0.188629
0.178065
0.184428
0.186376
0.187448
0.188535
0.192269
0.188657
0.189387
0.194628
0.190972
0.189654
0.191883
0.188932
0.188009
0.181111
0.173125
0.171344
0.175626
0.17734
0.184481
0.189159
0.195489
0.195835
0.198988
0.203307
0.201426
0.198239
0.194871
0.194437
0.195402
0.203827
0.201289
0.197226
0.19178
0.195037
0.195977
0.196142
0.191622
0.187374
0.179566
0.182277
0.183384
0.180394
0.189049
0.191369
0.18876
0.190642
0.188543
0.189258
0.193142
0.187281
0.195971
0.193893
0.195058
0.198944
0.205868
0.198317
0.197804
0.206652
0.205076
0.204056
0.202308
0.200165
0.19799
0.20381
0.200674
0.201223
0.208206
0.194212
0.197574
0.18803
0.187102
0.201379
0.20252
0.201587
0.189304
0.189586
0.182008
0.193061
0.198621
0.193413
0.193337
0.204153
0.212128
0.210089
0.201768
0.207246
0.201903
0.201795
0.212394
0.203737
0.204532
0.200966
0.19279
0.19733
0.178855
0.157879
0.1633
0.169795
0.181784
0.187294
0.187485
0.196299
0.193857
0.209456
0.20765
0.197371
0.192814
0.191515
0.195741
0.191789
0.198434
0.194521
0.19397
0.196464
0.187667
0.1962
0.198294
0.190153
0.188607
0.180229
0.174411
0.179088
0.181069
0.182162
0.177285
0.184933
0.186859
0.187694
0.188101
0.189519
0.185861
0.179026
0.175577
0.184373
0.171387
0.174016
0.176767
0.174765
0.186136
0.186992
0.187694
0.194363
0.193517
0.186442
0.179871
0.186457
0.191918
0.190829
0.202426
0.209014
0.208345
0.201666
0.19369
0.194761
0.187679
0.186157
0.193999
0.203489
0.201339
0.198575
0.203441
0.204875
0.206952
0.215464
0.211288
0.208627
0.208657
0.200825
0.200674
0.208886
0.201328
0.200666
0.200569
0.199783
0.197637
0.19512
0.207172
0.204511
0.208916
0.224357
0.216089
0.209749
0.206763
0.201542
0.190404
0.2001
0.195722
0.194602
0.1961
0.200261
0.195533
0.19641
0.189939
0.183311
0.167446
0.183699
0.184735
0.192481
0.192484
0.197498
0.197134
0.1963
0.21917
0.216082
0.211833
0.209179
0.207567
0.20606
0.20387
0.203193
0.191055
0.199346
0.195939
0.193455
0.196121
0.194905
0.186499
0.188019
0.192441
0.199573
0.203414
0.207854
0.203408
0.208829
0.211622
0.208108
0.198541
0.201242
0.198633
0.196005
0.19523
0.186361
0.190768
0.190957
0.19318
0.193522
0.202708
0.201692
0.204184
0.206874
0.211771
0.213121
0.211984
0.20775
0.217911
0.209315
0.208399
0.205955
0.206477
0.203307
0.199995
0.198923
0.197614
0.204898
0.202865
0.199447
0.192543
0.192971
0.190955
0.187075
0.189035
0.192481
0.193602
0.192596
0.195061
0.194944
0.200691
0.198647
0.196552
0.204521
0.207071
0.203482
0.201567
0.20141
0.204913
0.203312
0.205282
0.204729
0.20218
0.194551
0.196322
0.192262
0.191081
0.188096
0.19366
0.188224
0.187962
0.182315
0.187433
0.190726
0.191625
0.186523
0.188025
0.190403
0.18998
0.18434
0.186932
0.183278
0.18354
0.18244
0.184475
0.185846
0.183881
0.184753
0.187854
0.181395
0.188189
0.1971
0.197206
0.198688
0.197729
0.19275
0.193905
0.200828
0.21699
0.217746
0.213139
0.206184
0.209566
0.201672
0.199402
0.176957
0.180539
0.17333
0.183987
0.169069
0.173347
0.176237
0.185229
0.190839
0.1899
0.188009
0.184514
0.19283
0.192608
0.178932
0.182545
0.192756
0.18917
0.189001
0.189173
0.19354
0.190534
0.194168
0.190352
0.188521
0.188482
0.188937
0.188435
0.202965
0.205815
0.208903
0.212022
0.214427
0.208787
0.205387
0.178505
0.180852
0.174827
0.178793
0.19386
0.197429
0.202759
0.201809
0.205634
0.199358
0.197193
0.198316
0.212298
0.212187
0.203245
0.191969
0.191608
0.194774
0.193605
0.193519
0.190872
0.19051
0.193253
0.185638
0.185709
0.187038
0.189647
0.190198
0.198488
0.197581
0.204765
0.198782
0.196539
0.190726
0.190346
0.186724
0.187532
0.188469
0.190206
0.188005
0.178295
0.174378
0.176031
0.183884
0.185934
0.186862
0.187622
0.198062
0.184681
0.182934
0.185969
0.189441
0.185686
0.181622
0.177397
0.172685
0.178893
0.177043
0.175877
0.180719
0.180543
0.181944
0.185451
0.185318
0.18908
0.179405
0.18765
0.189828
0.190388
0.199872
0.202832
0.215881
0.210949
0.208357
0.202062
0.199971
0.197883
0.197638
0.203059
0.201008
0.193891
0.193054
0.201005
0.198821
0.205587
0.197194
0.196826
0.196042
0.193429
0.193706
0.188549
0.180585
0.176978
0.182986
0.181978
0.18435
0.188591
0.194682
0.190412
0.195806
0.187571
0.187638
0.178605
0.180361
0.184718
0.185172
0.179436
0.182125
0.182852
0.186479
0.182331
0.183119
0.183412
0.184812
0.188598
0.189021
0.183621
0.185966
0.176122
0.171148
0.17454
0.17692
0.180774
0.182435
0.186466
0.187478
0.18094
0.183753
0.187834
0.187444
0.195881
0.209703
0.210436
0.210321
0.213519
0.201957
0.20118
0.203557
0.20081
0.198286
0.196872
0.200735
0.183477
0.189558
0.191301
0.194053
0.185349
0.183817
0.18253
0.177729
0.180681
0.187533
0.173716
0.176446
0.175873
0.183664
0.18132
0.166576
0.176339
0.178268
0.182149
0.197727
0.192488
0.192258
0.184271
0.18789
0.200816
0.197156
0.20054
0.206337
0.203574
0.200728
0.196666
0.195547
0.195593
0.197855
0.183441
0.184378
0.18614
0.185134
0.187413
0.189514
0.189852
0.188776
0.201012
0.20442
0.208303
0.214327
0.203002
0.203238
0.204474
0.198311
0.196544
0.200786
0.188675
0.19233
0.207397
0.191547
0.192745
0.192259
0.190862
0.18064
0.179708
0.17377
0.175718
0.183414
0.180511
0.196988
0.197577
0.200872
0.208271
0.206992
0.202789
0.20103
0.179564
0.182116
0.183378
0.185579
0.193587
0.193909
0.169984
0.177426
0.16324
0.165519
0.176369
0.175804
0.179141
0.178254
0.179863
0.17862
0.184846
0.188001
0.188515
0.194051
0.187707
0.190773
0.191399
0.18758
0.187071
0.197223
0.19839
0.197272
0.196343
0.19909
0.197171
0.199872
0.197397
0.192919
0.194813
0.189982
0.192322
0.194781
0.194827
0.194002
0.193372
0.190446
0.198053
0.198285
0.199418
0.207387
0.206783
0.197197
0.191301
0.19108
0.193845
0.192383
0.187853
0.180702
0.180112
0.18633
0.194794
0.197638
0.19998
0.199194
0.21265
0.210221
0.197332
0.19641
0.194986
0.194122
0.191201
0.190794
0.186733
0.19313
0.182089
0.18322
0.184205
0.191601
0.193311
0.195947
0.194959
0.196163
0.189787
0.200007
0.206861
0.186056
0.187852
0.190294
0.193546
0.193747
0.203187
0.19941
0.195788
0.197646
0.203231
0.199488
0.19077
0.192129
0.175587
0.178136
0.182232
0.189778
0.189809
0.201094
0.188053
0.184851
0.184946
0.182972
0.184067
0.182566
0.183639
0.186745
0.187257
0.185775
0.187502
0.174854
0.173262
0.180218
0.179761
0.182987
0.180102
0.180696
0.19229
0.194431
0.19555
0.196516
0.199008
0.19339
0.192914
0.193486
0.196649
0.200291
0.20506
0.201913
0.200727
0.19487
0.187647
0.192311
0.188159
0.188198
0.188171
0.186648
0.209685
0.207784
0.205222
0.204099
0.208245
0.201145
0.198154
0.197125
0.20197
0.200072
0.202445
0.202791
0.216106
0.214934
0.22694
0.219425
0.22566
0.211183
0.207282
0.204365
0.186793
0.183071
0.18622
0.18877
0.185842
0.191427
0.191614
0.188774
0.191589
0.191877
0.19088
0.188152
0.191104
0.193076
0.201308
0.178906
0.183624
0.185038
0.185066
0.183508
0.177939
0.181178
0.182337
0.179553
0.184396
0.195129
0.197738
0.191626
0.192124
0.184326
0.186784
0.189265
0.183571
0.181492
0.173893
0.17735
0.18281
0.179185
0.172039
0.186723
0.202032
0.208778
0.205318
0.201833
0.199985
0.195976
0.210994
0.207038
0.20457
0.20562
0.202719
0.2009
0.200744
0.201429
0.213979
0.212468
0.195971
0.184763
0.178999
0.18676
0.191995
0.192285
0.19361
0.189419
0.198886
0.197117
0.198477
0.198733
0.206911
0.20853
0.204557
0.194355
0.190438
0.191126
0.18277
0.189643
0.179414
0.168475
0.180317
0.197701
0.19438
0.195676
0.188171
0.192006
0.187765
0.192855
0.197291
0.196515
0.185249
0.185993
0.18405
0.188872
0.181544
0.180728
0.185374
0.181461
0.18496
0.192777
0.189929
0.197024
0.198583
0.198223
0.197785
0.20199
0.203438
0.19661
0.193594
0.200632
0.199144
0.199235
0.196539
0.199088
0.188068
0.183807
0.182958
0.190332
0.18834
0.195648
0.200897
0.198947
0.19682
0.189078
0.191081
0.191906
0.192449
0.179668
0.185939
0.190082
0.189927
0.18836
0.183841
0.186919
0.190889
0.180768
0.185356
0.197445
0.195814
0.19857
0.201437
0.20517
0.17986
0.186731
0.185956
0.188358
0.188826
0.186514
0.184819
0.171299
0.177887
0.182031
0.183627
0.177128
0.184153
0.186063
0.191693
0.191845
0.181653
0.182568
0.197044
0.208745
0.206232
0.198145
0.202333
0.202134
0.200674
0.200235
0.194369
0.192114
0.191456
0.19553
0.191592
0.197482
0.19387
0.188362
0.186877
0.190204
0.186929
0.195621
0.194133
0.192574
0.190539
0.191335
0.188151
0.188224
0.201032
0.192316
0.192768
0.179432
0.177039
0.180009
0.182223
0.188651
0.18847
0.183445
0.178028
0.180469
0.180777
0.16694
0.173262
0.175562
0.174475
0.172747
0.165893
0.170243
0.164044
0.168189
0.170661
0.176686
0.179143
0.183745
0.198682
0.206379
0.203088
0.203516
0.194821
0.186554
0.19348
0.198967
0.203604
0.206649
0.200365
0.202633
0.19826
0.200664
0.200719
0.187634
0.186648
0.185471
0.193449
0.187335
0.183637
0.183534
0.190861
0.199303
0.197033
0.195441
0.198921
0.20447
0.217526
0.219709
0.215324
0.208632
0.213551
0.211042
0.195992
0.191995
0.190349
0.198421
0.197363
0.198824
0.197674
0.196095
0.194471
0.193652
0.189979
0.18987
0.191718
0.190848
0.185733
0.187292
0.192998
0.194349
0.200333
0.200487
0.194871
0.196722
0.195591
0.194613
0.194369
0.200406
0.208034
0.206069
0.202664
0.20536
0.210664
0.201118
0.212823
0.200696
0.199749
0.197176
0.196978
0.195201
0.196305
0.196869
0.196774
0.197254
0.196533
0.202534
0.205521
0.20743
0.209834
0.203755
0.212324
0.217441
0.218265
0.224799
0.215413
0.201847
0.183489
0.191373
0.194236
0.19607
0.195786
0.188837
0.188594
0.193934
0.187849
0.192418
0.19029
0.190244
0.194024
0.196173
0.194362
0.193299
0.198421
0.194798
0.190177
0.190498
0.195056
0.202128
0.200993
0.199206
0.19459
0.172125
0.174842
0.178899
0.188749
0.187649
0.187035
0.18607
0.192396
0.191405
0.187529
0.184722
0.191763
0.188827
0.18296
0.186401
0.187069
0.186537
0.180173
0.17404
0.182838
0.188389
0.197874
0.195933
0.193126
0.188925
0.1932
0.182457
0.184116
0.197368
0.207697
0.206195
0.20232
0.196418
0.189162
0.18653
0.187828
0.176717
0.192083
0.193618
0.201682
0.199884
0.195631
0.192566
0.1905
0.194285
0.193325
0.197214
0.199132
0.197328
0.19541
0.198123
0.191686
0.190689
0.19681
0.194124
0.201205
0.199165
0.205088
0.199754
0.19843
0.197623
0.202887
0.199804
0.198138
0.199778
0.195216
0.190085
0.189399
0.190536
0.199646
0.189971
0.188184
0.184243
0.18821
0.186577
0.193426
0.202053
0.197203
0.202843
0.197074
0.214849
0.211486
0.205218
0.201518
0.200997
0.206146
0.202498
0.20563
0.200943
0.192388
0.202632
0.200551
0.20638
0.199078
0.194508
0.200098
0.197683
0.198685
0.195843
0.18348
0.177017
0.172847
0.17479
0.17741
0.168774
0.170845
0.173012
0.180559
0.181805
0.187136
0.18389
0.172604
0.176933
0.181567
0.173025
0.176283
0.179374
0.194007
0.190723
0.191926
0.192325
0.190512
0.1994
0.206437
0.21038
0.213366
0.208408
0.202549
0.201026
0.19767
0.197356
0.183806
0.184942
0.183769
0.187118
0.177845
0.186766
0.180332
0.181681
0.180637
0.183702
0.184697
0.179732
0.172649
0.170158
0.164977
0.170652
0.184249
0.178622
0.182986
0.174032
0.177675
0.172337
0.17842
0.177681
0.179483
0.185853
0.188166
0.187577
0.189351
0.17701
0.17638
0.180638
0.181911
0.191229
0.187022
0.188409
0.188562
0.187079
0.189464
0.194632
0.178378
0.18322
0.198103
0.200334
0.198944
0.200718
0.196804
0.195367
0.205506
0.212702
0.21811
0.223857
0.222412
0.219478
0.20966
0.218899
0.212959
0.211127
0.216852
0.22516
0.219551
0.208604
0.199627
0.197124
0.195527
0.187957
0.188892
0.185002
0.18298
0.184437
0.191286
0.186965
0.191597
0.192092
0.198748
0.194919
0.200409
0.188458
0.18774
0.184938
0.180926
0.182206
0.18396
0.178584
0.177109
0.175485
0.183576
0.185944
0.183257
0.186057
0.189424
0.180542
0.186967
0.203137
0.2004
0.192101
0.1897
0.20124
0.200153
0.199479
0.181329
0.181329
0.183229
0.190261
0.195033
0.19681
0.198167
0.188735
0.188536
0.199497
0.198024
0.197287
0.193031
0.193161
0.193146
0.194381
0.194466
0.194399
0.184357
0.192504
0.191382
0.185635
0.187081
0.1865
0.183474
0.183921
0.187249
0.189726
0.197073
0.189748
0.187849
0.191014
0.196835
0.195836
0.207102
0.207319
0.204197
0.198498
0.194959
0.186819
0.187921
0.185138
0.188793
0.195137
0.189273
0.191595
0.188921
0.184309
0.185352
0.192063
0.196368
0.196084
0.193161
0.188759
0.188285
0.193041
0.197449
0.196445
0.198246
0.206506
0.203675
0.19538
0.194044
0.193594
0.195687
0.194436
0.197591
0.189967
0.187022
0.180031
0.181639
0.183459
0.185378
0.189852
0.187418
0.185268
0.180019
0.183033
0.1849
0.187421
0.193017
0.190354
0.191482
0.188647
0.185029
0.17705
0.17868
0.181002
0.1717
0.17592
0.176936
0.179295
0.191319
0.190356
0.193074
0.191362
0.178572
0.18368
0.189676
0.190096
0.192069
0.179947
0.178654
0.193705
0.192778
0.188043
0.184948
0.191473
0.185687
0.186097
0.193439
0.199992
0.198395
0.19932
0.181187
0.180514
0.188882
0.198752
0.196784
0.196913
0.196273
0.181814
0.160018
0.167115
0.151799
0.162428
0.169492
0.177919
0.183973
0.183493
0.185412
0.182768
0.185308
0.182938
0.171151
0.171806
0.175833
0.180604
0.188342
0.188745
0.182432
0.187919
0.184198
0.182871
0.18463
0.189709
0.185521
0.188523
0.192297
0.202651
0.207447
0.20746
0.220402
0.217201
0.213233
0.211146
0.232913
0.227612
0.204901
0.207826
0.209912
0.204667
0.200373
0.194582
0.204223
0.210179
0.205623
0.198574
0.202692
0.202862
0.198419
0.198618
0.190257
0.191169
0.191594
0.191871
0.196618
0.196541
0.203609
0.201214
0.197752
0.194562
0.197899
0.202049
0.204739
0.207578
0.204491
0.20575
0.193921
0.186009
0.191526
0.19225
0.1788
0.182808
0.186607
0.190327
0.189805
0.191255
0.180031
0.18361
0.183865
0.18682
0.190675
0.189094
0.186859
0.193389
0.201921
0.208889
0.215558
0.21415
0.215094
0.211904
0.209544
0.206577
0.201698
0.206436
0.203182
0.197952
0.202133
0.206305
0.214711
0.21171
0.207993
0.214084
0.195901
0.191279
0.185413
0.180806
0.181321
0.193866
0.192068
0.187055
0.186834
0.186203
0.190915
0.190906
0.199136
0.179556
0.180727
0.181948
0.182923
0.196776
0.205208
0.200832
0.201136
0.198077
0.204305
0.198185
0.192297
0.194829
0.207373
0.206446
0.208634
0.204392
0.199339
0.19628
0.200782
0.200236
0.198241
0.196571
0.194078
0.19311
0.188435
0.205568
0.203857
0.200757
0.187435
0.194707
0.193829
0.190694
0.190281
0.194945
0.192046
0.196831
0.180926
0.182881
0.177645
0.193572
0.195297
0.195299
0.190163
0.189282
0.194586
0.199508
0.198259
0.19237
0.191217
0.199257
0.198142
0.194301
0.195092
0.189661
0.176678
0.177799
0.181867
0.175424
0.178705
0.182289
0.190046
0.188621
0.189596
0.202589
0.212691
0.216406
0.215987
0.218533
0.192385
0.18744
0.188018
0.194416
0.192256
0.193151
0.193089
0.183691
0.188979
0.190963
0.192047
0.199802
0.205406
0.202024
0.194143
0.190877
0.192431
0.189534
0.204232
0.2066
0.202164
0.209226
0.219513
0.21163
0.207793
0.203887
0.200858
0.204785
0.198675
0.209686
0.20141
0.193482
0.175483
0.175399
0.18604
0.191752
0.191893
0.192015
0.199604
0.189328
0.184373
0.19043
0.184549
0.186244
0.189983
0.197213
0.194021
0.193072
0.190843
0.185387
0.178813
0.179489
0.186446
0.1899
0.193322
0.183546
0.17813
0.180644
0.1827
0.198407
0.188649
0.189234
0.186661
0.179485
0.1738
0.185812
0.186331
0.189549
0.198132
0.19927
0.192437
0.188677
0.193202
0.188606
0.188759
0.190472
0.189694
0.199141
0.198069
0.202579
0.195451
0.192461
0.194799
0.202928
0.198192
0.197418
0.198959
0.18575
0.183321
0.192942
0.19338
0.194406
0.191316
0.193971
0.193413
0.192723
0.194106
0.194159
0.195519
0.190642
0.194036
0.196142
0.200353
0.196936
0.196326
0.192264
0.199048
0.206949
0.207253
0.207111
0.211271
0.213679
0.210008
0.193736
0.189809
0.193594
0.19491
0.193995
0.188441
0.18829
0.193988
0.195934
0.194758
0.192654
0.188604
0.189911
0.186137
0.18249
0.186717
0.190555
0.191499
0.194597
0.191816
0.191823
0.190751
0.190918
0.192569
0.189747
0.192824
0.196847
0.194528
0.197457
0.1765
0.158856
0.157793
0.167767
0.162701
0.16739
0.186183
0.186824
0.184741
0.19203
0.197106
0.197842
0.202706
0.190182
0.190504
0.181255
0.187025
0.187451
0.188052
0.191831
0.189057
0.192705
0.191959
0.193714
0.201536
0.207067
0.204422
0.191814
0.184312
0.177684
0.182509
0.194058
0.190976
0.190703
0.187237
0.186168
0.195431
0.189767
0.180944
0.181696
0.185081
0.180047
0.18719
0.188538
0.189679
0.192431
0.195083
0.193349
0.184511
0.194961
0.193127
0.191219
0.189976
0.18839
0.19026
0.195099
0.191022
0.198128
0.193557
0.18528
0.184675
0.182227
0.186329
0.18479
0.181588
0.184276
0.186694
0.166887
0.169721
0.190838
0.184211
0.184434
0.185881
0.180203
0.181864
0.179534
0.19175
0.194561
0.207259
0.201282
0.191578
0.190532
0.191039
0.189493
0.189102
0.195128
0.194313
0.194065
0.185016
0.180805
0.18173
0.172277
0.166605
0.161358
0.157371
0.163929
0.164261
0.166516
0.162031
0.155655
0.163198
0.177146
0.170967
0.177092
0.186771
0.183907
0.181216
0.187764
0.189128
0.190025
0.189256
0.197146
0.204059
0.199319
0.204083
0.200341
0.202009
0.212923
0.203884
0.198977
0.184796
0.190332
0.189656
0.193253
0.197531
0.196059
0.195441
0.195937
0.194386
0.193339
0.199826
0.199542
0.192636
0.192103
0.203074
0.195086
0.182835
0.184006
0.190819
0.199699
0.201102
0.200127
0.1989
0.199217
0.20264
0.197039
0.196016
0.197824
0.193147
0.199842
0.197579
0.196699
0.192443
0.192216
0.194291
0.193691
0.201711
0.200372
0.206017
0.203809
0.200206
0.21532
0.210146
0.206032
0.196084
0.195765
0.201201
0.205744
0.193656
0.198688
0.197274
0.20514
0.20331
0.19822
0.201982
0.199838
0.20639
0.203035
0.199555
0.209328
0.193159
0.189958
0.184984
0.184232
0.185471
0.186529
0.185493
0.179778
0.190383
0.198145
0.197072
0.204078
0.197026
0.195201
0.19222
0.170846
0.1735
0.175725
0.170395
0.17403
0.172446
0.178382
0.172139
0.162313
0.155547
0.162357
0.175245
0.188707
0.190105
0.187369
0.184073
0.184125
0.173424
0.180044
0.177141
0.175406
0.179507
0.180243
0.184026
0.185086
0.190051
0.20616
0.212468
0.208671
0.204083
0.201732
0.195099
0.187807
0.188688
0.192796
0.19428
0.194809
0.18841
0.187826
0.187059
0.188512
0.18432
0.179768
0.18612
0.181481
0.170257
0.186374
0.189475
0.186064
0.197792
0.191396
0.185692
0.183988
0.191073
0.192255
0.195766
0.195027
0.197305
0.198667
0.195993
0.189654
0.182059
0.185783
0.180269
0.182312
0.188435
0.188978
0.195643
0.180938
0.180405
0.17577
0.174398
0.177935
0.175844
0.177338
0.178564
0.17803
0.179716
0.186802
0.195595
0.204958
0.194748
0.192089
0.189531
0.192144
0.19525
0.192747
0.201263
0.199318
0.191588
0.189868
0.191185
0.192154
0.191156
0.19025
0.186728
0.190247
0.188425
0.188422
0.182478
0.180081
0.194805
0.1808
0.191155
0.190131
0.192244
0.188855
0.186491
0.192913
0.186968
0.176383
0.179038
0.186681
0.190773
0.204674
0.203717
0.185931
0.193728
0.192953
0.196302
0.192712
0.187971
0.19055
0.188292
0.196791
0.199738
0.193687
0.194048
0.193031
0.195018
0.192804
0.198054
0.20966
0.196333
0.19173
0.198616
0.193983
0.197677
0.194829
0.204383
0.205826
0.205189
0.202393
0.191635
0.180763
0.190518
0.184932
0.17643
0.179058
0.186138
0.175233
0.178644
0.17519
0.191007
0.190306
0.196763
0.200117
0.201218
0.205295
0.196893
0.18551
0.186223
0.19047
0.194839
0.18832
0.193078
0.18986
0.190458
0.201363
0.199925
0.198728
0.19803
0.186794
0.187427
0.184878
0.179704
0.172587
0.172067
0.173721
0.17417
0.176663
0.189696
0.194976
0.199823
0.210548
0.204195
0.200628
0.204675
0.200042
0.196524
0.19398
0.189737
0.194084
0.191414
0.191286
0.189493
0.189013
0.188306
0.194877
0.195573
0.207539
0.208671
0.204829
0.201163
0.200166
0.199884
0.196246
0.209357
0.208048
0.216706
0.206836
0.205734
0.201596
0.198639
0.199321
0.195001
0.197864
0.208774
0.204318
0.206205
0.199775
0.190752
0.203372
0.206561
0.201875
0.199966
0.2096
0.208522
0.207234
0.203757
0.208274
0.1932
0.199678
0.193308
0.190432
0.20613
0.199075
0.200198
0.194017
0.190528
0.200082
0.195679
0.201647
0.192132
0.192822
0.19277
0.192835
0.193707
0.19603
0.19733
0.196156
0.200969
0.196573
0.192499
0.194316
0.20792
0.210401
0.212521
0.209264
0.204952
0.201223
0.211088
0.207682
0.204945
0.20598
0.203483
0.194379
0.192467
0.193952
0.18488
0.177359
0.18023
0.179766
0.18621
0.187117
0.187673
0.18841
0.185751
0.186361
0.178605
0.178226
0.175584
0.178265
0.184038
0.184408
0.184092
0.18516
0.197343
0.201508
0.194951
0.194927
0.188825
0.188564
0.208363
0.214007
0.20946
0.209721
0.201195
0.2055
0.215565
0.218055
0.213215
0.215869
0.209935
0.208433
0.207409
0.20385
0.199467
0.195992
0.197858
0.187996
0.201445
0.198775
0.20289
0.214997
0.21537
0.218403
0.204854
0.197892
0.201691
0.199204
0.193831
0.194511
0.200739
0.20013
0.199684
0.206976
0.201731
0.189689
0.187813
0.198134
0.20391
0.199556
0.197162
0.183857
0.194755
0.178293
0.181721
0.188298
0.183476
0.18434
0.184409
0.192189
0.193293
0.193527
0.174924
0.17124
0.173156
0.170918
0.174163
0.1786
0.195929
0.193442
0.185869
0.188373
0.180128
0.196671
0.204122
0.204512
0.200367
0.198843
0.186515
0.186564
0.186875
0.187402
0.192938
0.194548
0.182637
0.173242
0.165451
0.170284
0.183147
0.184527
0.196588
0.201027
0.185517
0.187709
0.180683
0.183982
0.171228
0.169953
0.180761
0.186753
0.173472
0.166802
0.170936
0.172597
0.180059
0.179244
0.182654
0.191885
0.192627
0.193805
0.192909
0.178849
0.182748
0.184659
0.186627
0.203399
0.19093
0.187252
0.187455
0.1945
0.189272
0.195467
0.195045
0.195978
0.184437
0.183542
0.187109
0.195496
0.197234
0.19437
0.200939
0.201074
0.186984
0.192963
0.199091
0.195919
0.19761
0.194153
0.193993
0.19802
0.197997
0.195089
0.188801
0.187859
0.189604
0.191942
0.189939
0.208988
0.205243
0.203349
0.199187
0.203223
0.195248
0.191597
0.180802
0.182717
0.155234
0.162337
0.167285
0.168448
0.171417
0.17941
0.180168
0.165458
0.161761
0.168621
0.1689
0.171203
0.188037
0.183955
0.185752
0.183308
0.183577
0.186792
0.174693
0.183716
0.202927
0.186209
0.205906
0.218781
0.21421
0.211753
0.201349
0.193339
0.198618
0.201979
0.214421
0.213773
0.204397
0.204642
0.20264
0.202729
0.205504
0.200421
0.207285
0.194796
0.200504
0.206701
0.208007
0.202875
0.200915
0.19716
0.196482
0.193016
0.19113
0.190307
0.188716
0.189006
0.187337
0.188873
0.203756
0.203045
0.210307
0.206187
0.207624
0.207087
0.214066
0.208244
0.201418
0.193742
0.18784
0.192944
0.187518
0.189137
0.197608
0.202901
0.194254
0.197319
0.197926
0.195148
0.205382
0.195458
0.199295
0.197636
0.204708
0.206671
0.193034
0.198624
0.195266
0.193423
0.192114
0.204467
0.190767
0.192001
0.188548
0.185601
0.183
0.186818
0.186571
0.17545
0.177032
0.190009
0.195203
0.198237
0.199511
0.205478
0.208008
0.205711
0.200148
0.197921
0.208236
0.205328
0.196281
0.197512
0.199708
0.206318
0.204635
