###  Units are X_hat = 1.73cm.
0.785398
0.784827
0.783105
0.773968
0.819343
0.801593
0.802172
0.771403
0.751987
0.794553
0.792435
0.817043
0.824662
0.868767
0.880841
0.871272
0.86559
0.875503
0.839071
0.872937
0.878044
0.895676
0.846149
0.842133
0.883117
0.842271
0.836697
0.850562
0.836922
0.843097
0.821171
0.825728
0.869354
0.865331
0.829162
0.844725
0.842616
0.862415
0.864884
0.840129
0.838257
0.890334
0.839504
0.807754
0.726029
0.699571
0.699449
0.680024
0.663069
0.660371
0.710696
0.736237
0.724657
0.711607
0.757261
0.752093
0.777266
0.783353
0.787245
0.833437
0.847163
0.796383
0.744735
0.743663
0.774957
0.796822
0.749358
0.761107
0.735575
0.698703
0.684701
0.724646
0.710433
0.730403
0.688274
0.661697
0.656432
0.59968
0.622568
0.658574
0.656515
0.655987
0.654556
0.667842
0.656197
0.699205
0.694498
0.652238
0.617227
0.680646
0.714266
0.714662
0.728829
0.763275
0.750985
0.715202
0.647608
0.655241
0.649272
0.654502
0.678928
0.673571
0.654307
0.6103
0.603664
0.569029
0.568743
0.577143
0.584063
0.557002
0.543555
0.494371
0.474989
0.473711
0.492424
0.503194
0.465997
0.425098
0.433585
0.457709
0.433588
0.484429
0.528794
0.555627
0.530448
0.497352
0.480027
0.477199
0.418954
0.45047
0.481518
0.486236
0.465667
0.470469
0.509797
0.513958
0.49804
0.431646
0.437532
0.470405
0.480781
0.540023
0.562146
0.507124
0.500563
0.520361
0.444624
0.462671
0.471142
0.409469
0.411184
0.40851
0.424029
0.368904
0.39653
0.39065
0.383721
0.40315
0.405167
0.446506
0.443214
0.441809
0.57014
0.58072
0.583321
0.591007
0.541046
0.570976
0.576813
0.647423
0.648019
0.590779
0.584441
0.590873
0.599016
0.605036
0.650615
0.686928
0.713239
0.709099
0.671983
0.755187
0.703539
0.696946
0.614921
0.588141
0.582101
0.614266
0.630834
0.613962
0.627542
0.620958
0.621262
0.61435
0.572253
0.612598
0.578561
0.584804
0.566732
0.562134
0.563894
0.593153
0.575019
0.566049
0.599145
0.596909
0.617314
0.611604
0.612274
0.626322
0.655913
0.644799
0.614421
0.611174
0.611099
0.601188
0.632637
0.628074
0.627769
0.688595
0.636582
0.62892
0.642143
0.622683
0.544688
0.542318
0.551476
0.547411
0.581373
0.63531
0.667273
0.671524
0.67226
0.65134
0.647556
0.643657
0.739058
0.741438
0.760503
0.780005
0.803205
0.753269
0.750779
0.736892
0.698302
0.698644
0.693319
0.689104
0.687533
0.676118
0.687269
0.688735
0.687178
0.689501
0.684385
0.723932
0.768429
0.8146
0.713502
0.6917
0.684657
0.692167
0.67401
0.667437
0.643382
0.560116
0.508548
0.52624
0.455766
0.380073
0.379885
0.408453
0.429222
0.47195
0.471028
0.447906
0.439682
0.509355
0.522459
0.618763
0.643235
0.6133
0.623631
0.624295
0.567314
0.587033
0.585799
0.583514
0.536604
0.546688
0.559428
0.538872
0.426221
0.418189
0.406114
0.39507
0.390221
0.38309
0.365996
0.397768
0.394861
0.391291
0.392158
0.386978
0.382183
0.362187
0.380624
0.395834
0.35348
0.390818
0.401208
0.407608
0.406032
0.383978
0.327128
0.335107
0.313129
0.306745
0.304349
0.299102
0.254279
0.301698
0.301106
0.345881
0.344053
0.364321
0.378103
0.376652
0.411471
0.411452
0.384352
0.407925
0.386645
0.373186
0.35052
0.352513
0.354532
0.35396
0.342272
0.357797
0.365822
0.389744
0.433067
0.447186
0.434001
0.441799
0.41339
0.413983
0.44559
0.484521
0.474114
0.476347
0.445112
0.481008
0.477071
0.436422
0.426489
0.439028
0.452924
0.402594
0.389623
0.387261
0.375833
0.397898
0.428134
0.467519
0.468803
0.524309
0.523342
0.559059
0.520631
0.534246
0.528882
0.523169
0.530193
0.518013
0.515623
0.539151
0.534699
0.577504
0.523405
0.4862
0.455436
0.431466
0.403369
0.389479
0.395763
0.37446
0.322318
0.30371
0.294658
0.271207
0.274314
0.291905
0.24348
0.24445
0.236621
0.247934
0.252436
0.265497
0.279654
0.259023
0.297053
0.294055
0.201789
0.262422
0.256251
0.343671
0.31327
0.288435
0.290758
0.237028
0.215855
0.201764
0.213307
0.220098
0.1906
0.197862
0.198795
0.245073
0.222016
0.226713
0.226299
0.227299
0.248744
0.179212
0.172717
0.174279
0.1751
0.189236
0.224044
0.196837
0.147
0.141886
0.136674
0.136951
0.0519155
0.0597596
0.0670035
0.0764789
0.0974791
0.103294
0.099687
0.136757
0.134019
0.129353
0.102923
0.0815242
0.0826202
0.0812292
0.0930054
0.128301
0.123197
0.111905
0.0530207
0.0171555
0.0190028
0.00699222
0.0209166
0.0335734
0.0244768
0.0208383
0.0359387
0.0729577
0.0456959
0.0515401
0.0520437
0.0292692
0.0774963
0.0998884
0.147029
0.127572
0.137305
0.138926
0.0979528
0.102269
0.115634
0.248131
0.255908
0.257796
0.180482
0.175121
0.188859
0.233634
0.201463
0.315419
0.312808
0.329395
0.248961
0.230298
0.224376
0.225557
0.262538
0.263877
0.28512
0.247677
0.274694
0.25887
0.229236
0.260468
0.292616
0.300651
0.292122
0.275316
0.290079
0.276373
0.275727
0.250791
0.283073
0.211399
0.209006
0.22981
0.22666
0.225231
0.200648
0.196984
0.204913
0.202356
0.175193
0.226873
0.247782
0.23519
0.23836
0.227805
0.255831
0.255659
0.226604
0.214904
0.206463
0.261617
0.240217
0.231363
0.245835
0.25151
0.236323
0.274979
0.272725
0.261882
0.248267
0.221287
0.192299
0.182054
0.149097
0.123958
0.131663
0.128617
0.197406
0.172903
0.19117
0.16979
0.162199
0.154962
0.149491
0.169014
0.160633
0.160267
0.168516
0.172765
0.169049
0.141388
0.141222
0.133009
0.144895
0.120787
0.13574
0.0831819
0.021265
0.0414139
0.0670842
0.121545
0.0696113
0.0830426
0.0253077
0.0132804
7.95783e-05
-0.0163255
-0.113489
-0.109351
-0.105668
-0.136008
-0.0850337
-0.101784
-0.0377303
-0.039696
0.000316944
0.000162499
-0.00786291
0.0178442
0.0242117
0.028563
0.0419895
0.052704
0.00762853
0.0193231
-0.0445127
-0.0149637
-0.00344998
0.0218342
0.0356428
0.0675941
0.100757
0.139617
0.0793295
0.096369
0.114901
0.112657
0.114391
0.159023
0.13144
0.096642
0.0594728
0.0625866
0.0642754
0.113914
0.123231
0.117182
0.118763
0.0795515
0.107341
0.0690336
0.0635836
0.097724
0.0941597
0.0945401
0.110309
0.10457
0.140948
0.127323
0.0780064
0.0793225
0.0249867
0.0275665
0.0371408
0.0602567
0.0616009
0.0699057
0.0458815
0.0180703
0.0246345
0.0649449
0.0703931
0.0481294
0.0264816
0.0562114
0.106969
0.101947
0.104222
0.116717
0.03571
0.0163438
0.00857459
-0.0223285
-0.00684417
0.0196015
0.0159064
0.0134649
-0.0274363
-0.0352618
-0.0365479
-0.0817044
-0.100889
-0.101338
-0.119335
-0.144046
-0.146075
-0.151275
-0.172689
-0.206018
-0.211658
-0.202055
-0.232081
-0.236865
-0.239666
-0.22704
-0.2128
-0.228841
-0.187916
-0.151185
-0.184216
-0.285304
-0.285477
-0.367461
-0.431627
-0.413159
-0.418585
-0.405023
-0.388406
-0.392399
-0.414986
-0.458133
-0.524506
-0.511116
-0.559491
-0.576798
-0.601197
-0.623962
-0.607415
-0.560985
-0.586518
-0.683739
-0.66838
-0.646394
-0.662947
-0.65797
-0.586118
-0.654135
-0.603186
-0.653907
-0.668613
-0.680983
-0.711162
-0.743758
-0.748799
-0.769993
-0.791714
-0.83996
-0.806902
-0.816603
-0.82734
-0.846073
-0.792345
-0.771837
-0.83543
-0.837368
-0.822147
-0.831597
-0.845417
-0.852463
-0.865877
-0.872025
-0.855191
-0.900615
-0.915673
-0.918412
-0.93107
-0.946979
-0.959044
-0.966516
-0.935922
-1.03425
-1.10544
-1.08605
-1.06881
-1.08955
-1.05915
-1.02711
-1.161
-1.17382
-1.19135
-1.18153
-1.18136
-1.22012
-1.22962
-1.1543
-1.16827
-1.17485
-1.11721
-1.11596
-1.07171
-1.06412
-1.06742
-1.08923
-1.07746
-1.09744
-1.08651
-1.13937
-1.10355
-1.10339
-1.11719
-1.13419
-1.1477
-1.11067
-1.1361
-1.12541
-1.14105
-1.17524
-1.25275
-1.2347
-1.32926
-1.35219
-1.3798
-1.32563
-1.31065
-1.31968
-1.31699
-1.36156
-1.36811
-1.39124
-1.4029
-1.43467
-1.39651
-1.39907
-1.40397
-1.3707
-1.42101
-1.48906
-1.4698
-1.49007
-1.5013
-1.49866
-1.51501
-1.55077
-1.59809
-1.53832
-1.51673
-1.5093
-1.52237
-1.52647
-1.5279
-1.54147
-1.52247
-1.55534
-1.58701
-1.57263
-1.5307
-1.48745
-1.47878
-1.45998
-1.54727
-1.56187
-1.53843
-1.58204
-1.62042
-1.61285
-1.59809
-1.64526
-1.67649
-1.6627
-1.68133
-1.71225
-1.75473
-1.80319
-1.84762
-1.86313
-1.87169
-1.87758
-1.90033
-1.93205
-2.00197
-1.99007
-1.98165
-1.96858
-1.98938
-2.01496
-2.05088
-2.05208
-2.06277
-2.06314
-2.07672
-2.08881
-2.14005
-2.17928
-2.16832
-2.17775
-2.17455
-2.20282
-2.15467
-2.16424
-2.15759
-2.16057
-2.13115
-2.14515
-2.16347
-2.17407
-2.20529
-2.21823
-2.18639
-2.20717
-2.19933
-2.21392
-2.29109
-2.29998
-2.30067
-2.29421
-2.2888
-2.32299
-2.30662
-2.28923
-2.27752
-2.28661
-2.3176
-2.3373
-2.36623
-2.40197
-2.41378
-2.37538
-2.37082
-2.38586
-2.37742
-2.36859
-2.35573
-2.34776
-2.31843
-2.29686
-2.29273
-2.29573
-2.30769
-2.31124
-2.26028
-2.3055
-2.37148
-2.36158
-2.42922
-2.44859
-2.45278
-2.47036
-2.4839
-2.50822
-2.51299
-2.49423
-2.56214
-2.5731
-2.56074
-2.51561
-2.48756
-2.46297
-2.46255
-2.46064
-2.43736
-2.47172
-2.48395
-2.52315
-2.53277
-2.58717
-2.50695
-2.52702
-2.52863
-2.50516
-2.50795
-2.51171
-2.53414
-2.52466
-2.52759
-2.54362
-2.54567
-2.53726
-2.55098
-2.5743
-2.55283
-2.51393
-2.5189
-2.52235
-2.54977
-2.55605
-2.53528
-2.59116
-2.59551
-2.67641
-2.66618
-2.64697
-2.66186
-2.64976
-2.65563
-2.64083
-2.62196
-2.62998
-2.63576
-2.68147
-2.7081
-2.66673
-2.67165
-2.6067
-2.60768
-2.61886
-2.66217
-2.66355
-2.673
-2.5982
-2.57234
-2.60281
-2.6366
-2.62476
-2.56701
-2.57063
-2.57555
-2.57346
-2.60872
-2.62974
-2.63423
-2.62226
-2.62951
-2.67391
-2.64731
-2.68194
-2.67977
-2.68142
-2.67418
-2.6898
-2.68876
-2.69184
-2.69882
-2.66745
-2.73438
-2.74198
-2.74216
-2.78644
-2.78945
-2.76478
-2.76791
-2.69747
-2.70641
-2.65869
-2.68505
-2.6529
-2.66804
-2.63874
-2.63147
-2.644
-2.66184
-2.6694
-2.65082
-2.63066
-2.68534
-2.68329
-2.68722
-2.66999
-2.68183
-2.68415
-2.69842
-2.69847
-2.68936
-2.65872
-2.62941
-2.6226
-2.65432
-2.67092
-2.65581
-2.63001
-2.57905
-2.5893
-2.57317
-2.53343
-2.56227
-2.61142
-2.59954
-2.60975
-2.5957
-2.60058
-2.58195
-2.61527
-2.54148
-2.51128
-2.46738
-2.45003
-2.43528
-2.40301
-2.34605
-2.33984
-2.30486
-2.29475
-2.28877
-2.26062
-2.28323
-2.25764
-2.27584
-2.27934
-2.30038
-2.27092
-2.17195
-2.21001
-2.21402
-2.26671
-2.24688
-2.23421
-2.23608
-2.21517
-2.17066
-2.18206
-2.14681
-2.13179
-2.12945
-2.121
-2.16498
-2.16106
-2.19317
-2.12002
-2.10922
-2.06389
-2.04369
-2.01387
-1.99537
-2.01786
-1.99334
-2.04509
-2.02154
-2.02956
-2.00927
-2.00524
-1.95184
-1.93455
-1.91165
-1.89802
-1.87417
-1.82194
-1.81089
-1.73203
-1.75404
-1.73542
-1.73384
-1.72247
-1.72156
-1.70739
-1.68814
-1.66784
-1.66153
-1.63929
-1.62382
-1.60451
-1.57155
-1.52205
-1.61866
-1.61118
-1.59374
-1.51252
-1.50488
-1.40936
-1.38869
-1.43692
-1.42201
-1.4009
-1.44699
-1.43013
-1.4124
-1.39429
-1.42011
-1.32138
-1.29126
-1.27553
-1.22206
-1.16437
-1.08617
-1.12804
-1.1234
-1.14965
-1.19639
-1.16519
-1.13104
-1.11322
-1.09946
-1.07924
-1.0898
-1.10072
-1.1117
-1.10048
-1.0887
-0.996642
-1.0092
-1.04006
-1.02551
-1.0388
-1.05317
-0.972778
-0.965297
-0.945312
-0.931299
-0.918164
-0.871428
-0.862689
-0.849295
-0.839562
-0.823893
-0.857945
-0.955407
-0.912027
-0.858901
-0.834461
-0.870341
-0.850543
-0.836002
-0.854235
-0.846495
-0.856669
-0.833001
-0.845827
-0.826988
-0.798446
-0.736853
-0.72334
-0.712591
-0.729804
-0.718048
-0.664672
-0.626338
-0.613567
-0.6543
-0.627917
-0.641027
-0.629884
-0.613056
-0.623122
-0.59213
-0.621918
-0.619235
-0.611786
-0.677165
-0.678585
-0.700796
-0.703096
-0.745655
-0.743676
-0.7613
-0.804344
-0.85528
-0.907472
-0.985175
-0.996116
-1.01224
-1.03126
-1.02316
-1.05693
-1.01229
-1.02455
-1.03484
-1.00569
-1.03312
-1.02547
-1.06013
-1.08679
-1.07703
-1.1352
-1.14099
-1.16265
-1.19898
-1.2494
-1.31901
-1.33661
-1.33394
-1.36467
-1.3749
-1.38968
-1.41238
-1.39944
-1.41518
-1.47807
-1.48527
-1.49829
-1.55301
-1.57014
-1.55876
-1.53902
-1.56658
-1.58592
-1.60844
-1.62189
-1.6477
-1.67861
-1.69454
-1.70724
-1.69497
-1.67513
-1.65063
-1.65288
-1.66928
-1.71338
-1.72541
-1.7321
-1.83273
-1.82921
-1.84116
-1.84243
-1.87182
-1.90049
-1.91659
-1.93766
-1.96183
-2.03499
-2.0452
-2.05235
-2.07135
-2.07133
-2.15555
-2.1563
-2.12377
-2.1291
-2.15531
-2.16732
-2.17708
-2.1368
-2.08925
-2.10783
-2.09304
-2.11656
-2.12959
-2.16671
-2.14053
-2.13722
-2.10625
-2.11661
-2.11808
-2.16213
-2.1723
-2.18332
-2.20966
-2.2517
-2.26352
-2.23673
-2.26869
-2.29596
-2.28808
-2.27174
-2.23952
-2.24268
-2.33749
-2.36223
-2.37896
-2.39314
-2.39329
-2.37335
-2.37528
-2.36236
-2.31671
-2.32058
-2.30432
-2.25564
-2.24705
-2.24698
-2.26597
-2.22605
-2.18694
-2.14174
-2.07631
-2.03575
-2.01204
-2.02503
-2.00077
-1.97987
-1.96988
-1.91896
-1.90775
-1.90017
-1.86018
-1.79392
-1.7483
-1.72925
-1.71783
-1.72167
-1.73601
-1.70032
-1.78489
-1.74951
-1.74226
-1.73189
-1.69384
-1.68581
-1.67677
-1.66921
-1.66256
-1.63716
-1.63018
-1.61413
-1.6089
-1.59068
-1.57889
-1.55965
-1.56488
-1.54829
-1.52453
-1.46356
-1.447
-1.43444
-1.4767
-1.52011
-1.50651
-1.49179
-1.50992
-1.50152
-1.4848
-1.51004
-1.50932
-1.54522
-1.56966
-1.46724
-1.44454
-1.42896
-1.4034
-1.38685
-1.36288
-1.35529
-1.34673
-1.33441
-1.24744
-1.18796
-1.09534
-1.07072
-1.0767
-1.08725
-1.06338
-1.02241
-0.990503
-0.988429
-0.983991
-0.986752
-0.970505
-0.943191
-0.890208
-0.934898
-0.925308
-0.923608
-0.907238
-0.866317
-0.829076
-0.841514
-0.841306
-0.822815
-0.824378
-0.811114
-0.810221
-0.732119
-0.725481
-0.718882
-0.619437
-0.684935
-0.664228
-0.699989
-0.719162
-0.74207
-0.753905
-0.786035
-0.766015
-0.772174
-0.757619
-0.746284
-0.825214
-0.831465
-0.837842
-0.848389
-0.874759
-0.869541
-0.897419
-0.909168
-0.919361
-0.881936
-0.906094
-0.918467
-0.944066
-0.972334
-0.981931
-0.956864
-0.977361
-0.955272
-1.02488
-1.04436
-1.00208
-1.00223
-1.0398
-1.0529
-1.07971
-1.11709
-1.141
-1.1489
-1.18157
-1.20963
-1.25405
-1.27201
-1.30403
-1.293
-1.33304
-1.38627
-1.40641
-1.41436
-1.39856
-1.41133
-1.4282
-1.44064
-1.47452
-1.48713
-1.47107
-1.56396
-1.56545
-1.57429
-1.64087
-1.63512
-1.63398
-1.6298
-1.65236
-1.63365
-1.66182
-1.68187
-1.68281
-1.7099
-1.71504
-1.6949
-1.70062
-1.71092
-1.71396
-1.71853
-1.74084
-1.79463
-1.80476
-1.88939
-1.8807
-1.91594
-1.94383
-1.93423
-2.0001
-1.95249
-1.90176
-1.8762
-1.86955
-1.83988
-1.8589
-1.86973
-1.90246
-1.91376
-1.90112
-1.91068
-1.94086
-1.95339
-1.96945
-1.98369
-1.97644
-1.98195
-1.98573
-2.04755
-2.02112
-2.02761
-2.09134
-2.10405
-2.14927
-2.19459
-2.23702
-2.22113
-2.22723
-2.21904
-2.18933
-2.24183
-2.21093
-2.275
-2.30084
-2.30883
-2.31025
-2.31841
-2.36097
-2.39844
-2.33551
-2.42898
-2.44612
-2.46641
-2.38978
-2.39463
-2.39333
-2.39913
-2.41107
-2.37948
-2.41782
-2.43837
-2.40895
-2.40756
-2.41045
-2.39091
-2.36908
-2.35697
-2.33587
-2.29846
-2.28933
-2.26725
-2.26766
-2.25089
-2.17309
-2.1639
-2.17634
-2.13703
-2.11165
-2.07851
-2.0851
-2.06006
-2.05624
-1.9849
-2.01815
-1.99975
-1.99771
-1.96806
-1.96594
-1.95147
-1.92644
-1.91415
-1.88641
-1.88141
-1.84054
-1.86703
-1.86741
-1.85842
-1.80627
-1.76476
-1.74471
-1.76102
-1.74003
-1.71428
-1.67658
-1.65381
-1.58753
-1.58339
-1.60127
-1.59328
-1.6165
-1.55421
-1.55786
-1.53785
-1.48298
-1.44806
-1.43733
-1.40377
-1.34379
-1.32999
-1.29163
-1.23451
-1.21833
-1.19681
-1.17916
-1.20607
-1.20472
-1.21837
-1.2069
-1.1974
-1.1814
-1.1527
-1.13239
-1.10976
-1.0886
-1.01919
-1.01445
-0.992169
-1.01863
-1.04855
-0.977329
-0.965381
-0.952054
-0.94588
-0.97512
-0.955584
-0.913245
-0.901277
-0.906236
-0.860211
-0.845657
-0.81155
-0.789546
-0.787624
-0.762528
-0.777833
-0.769597
-0.765847
-0.714025
-0.647974
-0.588647
-0.559014
-0.618794
-0.639586
-0.653089
-0.664278
-0.633629
-0.59349
-0.606711
-0.553477
-0.558196
-0.54301
-0.571389
-0.605041
-0.619865
-0.635998
-0.605471
-0.613906
-0.684991
-0.617825
-0.648128
-0.664957
-0.686453
-0.730939
-0.745503
-0.731117
-0.704657
-0.746638
-0.753934
-0.79115
-0.802173
-0.812776
-0.814259
-0.853929
-0.834819
-0.78
-0.826774
-0.848771
-0.832527
-0.842735
-0.855181
-0.861901
-0.892067
-0.909583
-0.923697
-0.980268
-1.00329
-1.05462
-1.10046
-1.07446
-1.11723
-1.11813
-1.18114
-1.19855
-1.21206
-1.24319
-1.26886
-1.27122
-1.25514
-1.30547
-1.2568
-1.2896
-1.31754
-1.36507
-1.2834
-1.24487
-1.32652
-1.34311
-1.30194
-1.29363
-1.28737
-1.2832
-1.28546
-1.33155
-1.36355
-1.43583
-1.42314
-1.46173
-1.44503
-1.46748
-1.48685
-1.4854
-1.51851
-1.52779
-1.5838
-1.65221
-1.67474
-1.66571
-1.65945
-1.68555
-1.71565
-1.77068
-1.78932
-1.83759
-1.85026
-1.84647
-1.90493
-1.8623
-1.87202
-1.8954
-1.92011
-1.92108
-1.92808
-1.89817
-1.96764
-1.97603
-1.98592
-2.10453
-2.11884
-2.15598
-2.15662
-2.20949
-2.17857
-2.18821
-2.20759
-2.27664
-2.27298
-2.29323
-2.3105
-2.30147
-2.29592
-2.3061
-2.31006
-2.26863
-2.25519
-2.27676
-2.28656
-2.32337
-2.30514
-2.30732
-2.29879
-2.24416
-2.2653
-2.30747
-2.32049
-2.33543
-2.35144
-2.36546
-2.40512
-2.36657
-2.36566
-2.36898
-2.37755
-2.399
-2.41747
-2.38586
-2.39734
-2.37505
-2.37292
-2.38976
-2.3918
-2.39237
-2.40112
-2.39982
-2.41342
-2.42202
-2.4359
-2.44702
-2.44258
-2.42152
-2.41321
-2.40176
-2.38123
-2.3075
-2.29168
-2.18881
-2.16707
-2.19295
-2.2208
-2.16542
-2.16234
-2.14977
-2.13811
-2.09268
-2.07478
-2.01989
-2.00259
-1.97468
-1.95726
-1.89158
-1.92678
-1.90796
-1.88652
-1.86495
-1.86912
-1.84737
-1.84184
-1.79964
-1.77282
-1.75089
-1.70555
-1.63292
-1.55686
-1.53936
-1.59274
-1.57556
-1.56286
-1.56861
-1.65152
-1.63663
-1.6273
-1.60661
-1.58194
-1.54446
-1.55355
-1.53628
-1.56447
-1.5284
-1.50912
-1.49439
-1.45636
-1.43179
-1.40364
-1.40956
-1.40783
-1.39955
-1.41276
-1.41801
-1.37889
-1.35636
-1.29496
-1.28578
-1.33429
-1.33985
-1.33015
-1.31141
-1.26949
-1.25383
-1.20829
-1.15084
-1.15984
-1.20836
-1.19675
-1.16546
-1.12231
-1.20346
-1.19196
-1.20777
-1.1171
-1.07401
-1.06512
-1.03727
-1.0826
-1.05562
-1.07894
-1.07505
-1.08161
-1.06759
-0.958879
-0.943383
-0.942099
-0.950156
-1.0245
-1.03807
-1.08319
-1.16373
-1.17527
-1.16474
-1.16714
-1.16636
-1.13739
-1.17115
-1.19362
-1.17475
-1.21131
-1.23858
-1.23464
-1.26792
-1.26115
-1.29545
-1.34402
-1.33484
-1.36285
-1.33496
-1.33919
-1.3444
-1.34943
-1.37893
-1.4049
-1.41554
-1.41644
-1.3856
-1.40722
-1.43337
-1.41943
-1.42692
-1.42553
-1.42202
-1.4799
-1.51073
-1.51403
-1.51074
-1.5246
-1.67511
-1.7444
-1.81288
-1.84578
-1.85863
-1.8844
-1.88512
-1.91621
-1.95879
-1.96397
-1.93885
-1.94489
-2.01404
-2.01905
-2.01291
-2.04298
-2.05042
-2.04953
-1.98037
-1.99437
-2.01103
-2.02212
-2.03987
-2.05039
-2.07953
-2.10216
-2.11547
-2.18838
-2.21152
-2.1946
-2.18266
-2.15606
-2.10599
-2.08722
-2.01935
-1.9571
-1.91153
-1.91303
-1.88566
-1.86218
-1.83138
-1.8074
-1.78884
-1.76667
-1.75612
-1.84445
-1.82685
-1.77265
-1.72448
-1.74154
-1.74538
-1.85449
-1.83591
-1.82047
-1.79461
-1.78821
-1.78244
-1.71307
-1.74222
-1.71799
-1.69865
-1.66526
-1.65017
-1.6321
-1.61476
-1.574
-1.55227
-1.60821
-1.55024
-1.53402
-1.5363
-1.5161
-1.45047
-1.45399
-1.4858
-1.47639
-1.45153
-1.43032
-1.38007
-1.3608
-1.33122
-1.31588
-1.34193
-1.33897
-1.34474
-1.33064
-1.29825
-1.28815
-1.27481
-1.2398
-1.1675
-1.15153
-1.14574
-1.07033
-1.05243
-1.05884
-1.0485
-1.03583
-0.984808
-0.936567
-0.912892
-0.890118
-0.89547
-0.907372
-0.898931
-0.933183
-0.976777
-0.988605
-0.96275
-0.988571
-1.01854
-0.9317
-0.93399
-0.941346
-0.967938
-0.991067
-1.0084
-1.00997
-1.0512
-1.06394
-1.01837
-1.03542
-1.04607
-1.0347
-1.06778
-1.05408
-1.06694
-1.05079
-1.05181
-1.06727
-1.06962
-1.05718
-1.08222
-1.08662
-1.12087
-1.1318
-1.14437
-1.14609
-1.24675
-1.29676
-1.30942
-1.26253
-1.28415
-1.2873
-1.29302
-1.29164
-1.30526
-1.27525
-1.24954
-1.24454
-1.30856
-1.33431
-1.34156
-1.34775
-1.35372
-1.36674
-1.36358
-1.35937
-1.34932
-1.36022
-1.37347
-1.35819
-1.34804
-1.38374
-1.41422
-1.4016
-1.43013
-1.43935
-1.42263
-1.45783
-1.50872
-1.53741
-1.56239
-1.5622
-1.58851
-1.59854
-1.56439
-1.6085
-1.60186
-1.61209
-1.59502
-1.61197
-1.6193
-1.65512
-1.69323
-1.69992
-1.70921
-1.73647
-1.74903
-1.72078
-1.75369
-1.80963
-1.76264
-1.7948
-1.77493
-1.77849
-1.85398
-1.88099
-1.91888
-1.95413
-1.99661
-2.00629
-2.02073
-1.96572
-1.93088
-1.97612
-1.95939
-1.97012
-2.00296
-2.01343
-2.01417
-2.03925
-2.03146
-1.98156
-2.05587
-2.0532
-2.01535
-2.05938
-2.08028
-2.12595
-2.17098
-2.19094
-2.20122
-2.2158
-2.24123
-2.25431
-2.2361
-2.23961
-2.23321
-2.26245
-2.26595
-2.2768
-2.28583
-2.24714
-2.28638
-2.28386
-2.25925
-2.23584
-2.24044
-2.23444
-2.22477
-2.21236
-2.20253
-2.19363
-2.18552
-2.18611
-2.12534
-2.07307
-2.03623
-2.06815
-2.0181
-1.99569
-1.99368
-1.92992
-1.90767
-1.91866
-1.93469
-1.98164
-1.96584
-2.00583
-1.97041
-1.96027
-1.93688
-1.92364
-1.88931
-1.8592
-1.8497
-1.87045
-1.87902
-1.88805
-1.87317
-1.85163
-1.79035
-1.76711
-1.74467
-1.73607
-1.72103
-1.60456
-1.6169
-1.61789
-1.59925
-1.58386
-1.58854
-1.55904
-1.54469
-1.53649
-1.51159
-1.4935
-1.51092
-1.4978
-1.49859
-1.50698
-1.45848
-1.41182
-1.40195
-1.38349
-1.36962
-1.35008
-1.28975
-1.20278
-1.17814
-1.14532
-1.16127
-1.20878
-1.17666
-1.15465
-1.11992
-1.14932
-1.13988
-1.12572
-1.08705
-1.06982
-1.08829
-1.08981
-1.13594
-1.16603
-1.19594
-1.20089
-1.24454
-1.24746
-1.20389
-1.19703
-1.24142
-1.24155
-1.22401
-1.2293
-1.21982
-1.23542
-1.23724
-1.3486
-1.36
-1.28842
-1.26876
-1.29526
-1.32906
-1.34816
-1.34071
-1.31382
-1.33267
-1.31812
-1.37727
-1.3614
-1.37982
-1.40059
-1.44646
-1.45715
-1.49063
-1.49563
-1.52004
-1.50271
-1.52317
-1.54902
-1.58376
-1.58007
-1.5858
-1.6261
-1.69872
-1.71419
-1.67698
-1.70883
-1.71954
-1.71494
-1.65778
-1.69241
-1.70034
-1.68762
-1.71524
-1.72975
-1.77582
-1.7933
-1.81405
-1.79409
-1.81261
-1.82021
-1.83366
-1.83819
-1.83171
-1.89241
-1.94108
-1.94189
-2.02616
-2.06368
-2.04479
-2.03295
-2.00281
-1.96652
-1.92199
-1.90532
-1.96593
-1.94843
-1.95855
-1.96999
-1.91768
-1.94004
-1.92106
-1.99647
-1.9769
-1.96177
-1.91319
-1.91607
-1.88851
-1.9099
-1.95251
-1.93335
-1.91869
-1.91655
-1.89838
-1.81561
-1.78468
-1.76607
-1.68233
-1.59325
-1.58019
-1.5582
-1.55326
-1.52814
-1.52992
-1.53591
-1.50513
-1.50404
-1.49242
-1.5302
-1.53284
-1.52278
-1.50296
-1.50683
-1.47516
-1.45397
-1.45602
-1.44482
-1.39425
-1.35905
-1.33948
-1.32383
-1.29617
-1.28626
-1.3027
-1.28779
-1.27368
-1.2706
-1.25209
-1.30143
-1.23266
-1.25404
-1.28862
-1.20106
-1.15858
-1.12369
-1.1412
-1.16302
-1.16734
-1.10054
-1.00341
-0.992282
-1.00517
-1.01907
-1
-1.01572
-1.07538
-1.0914
-1.12115
-1.14747
-1.18848
-1.20794
-1.1837
-1.18252
-1.21612
-1.28055
-1.27498
-1.29166
-1.27913
-1.26934
-1.27579
-1.29954
-1.25726
-1.30962
-1.34732
-1.35832
-1.25776
-1.25746
-1.32261
-1.36434
-1.37855
-1.39363
-1.42795
-1.50813
-1.50933
-1.52123
-1.53193
-1.50142
-1.51521
-1.52676
-1.53922
-1.553
-1.58528
-1.64631
-1.6547
-1.69873
-1.71052
-1.71004
-1.74288
-1.69014
-1.74046
-1.74042
-1.75535
-1.77653
-1.74503
-1.81177
-1.81672
-1.81367
-1.80191
-1.80402
-1.8109
-1.79468
-1.8334
-1.83519
-1.80718
-1.80617
-1.80751
-1.77999
-1.76473
-1.77207
-1.81343
-1.7777
-1.77518
-1.76065
-1.80623
-1.86036
-1.87396
-1.9003
-1.87628
-1.88071
-1.89299
-1.94971
-1.95199
-1.94162
-1.9143
-1.85258
-1.81447
-1.7094
-1.71582
-1.70508
-1.68438
-1.66543
-1.686
-1.63639
-1.62689
-1.57659
-1.58764
-1.63972
-1.61866
-1.6522
-1.64857
-1.59294
-1.57067
-1.54438
-1.5273
-1.48284
-1.45702
-1.37201
-1.3716
-1.35984
-1.37947
-1.36429
-1.37101
-1.37572
-1.41939
-1.40188
-1.38723
-1.39672
-1.38986
-1.43412
-1.38766
-1.25539
-1.22526
-1.24849
-1.26225
-1.31036
-1.30663
-1.31941
-1.35945
-1.37905
-1.3791
-1.40657
-1.42085
-1.44243
-1.43757
-1.54756
-1.55687
-1.58322
-1.60395
-1.61781
-1.60317
-1.64918
-1.6884
-1.69163
-1.7122
-1.71667
-1.72526
-1.72727
-1.75436
-1.71836
-1.75203
-1.80672
-1.84289
-1.83332
-1.84473
-1.93437
-1.91501
-1.91391
-1.89287
-1.86101
-1.80038
-1.78711
-1.75475
-1.76319
-1.74527
-1.73146
-1.72163
-1.70172
-1.68619
-1.68451
-1.6678
-1.57904
-1.53523
-1.5736
-1.50421
-1.42451
-1.43106
-1.41469
-1.39639
-1.38069
-1.29559
-1.24677
-1.23369
-1.25456
-1.26869
-1.27145
-1.26791
-1.25977
-1.25304
-1.2672
-1.30591
-1.28917
-1.38858
-1.37304
-1.4197
-1.44127
-1.41955
-1.3946
-1.38275
-1.47204
-1.48179
-1.52063
-1.61099
-1.64744
-1.64733
-1.63701
-1.60793
-1.60867
-1.64546
-1.65748
-1.67433
-1.72299
-1.76076
-1.77664
-1.78338
-1.79495
-1.81544
-1.85355
-1.92428
-1.92922
-1.87109
-1.84532
-1.88075
-1.86971
-1.83556
-1.84081
-1.80596
-1.79208
-1.77276
-1.76198
-1.82792
-1.83803
-1.87891
-1.85632
-1.84725
-1.83613
-1.76827
-1.74818
-1.80065
-1.80309
-1.85069
-1.79429
-1.76609
-1.74413
-1.71915
-1.6924
-1.62536
-1.62227
-1.5845
-1.51379
-1.49515
-1.4737
-1.48266
-1.45188
-1.42089
-1.43076
-1.43241
-1.39983
-1.27114
-1.27205
-1.28475
-1.30928
-1.28709
-1.27002
-1.23822
-1.221
-1.20036
-1.18341
-1.1716
-1.07977
-1.10266
-1.11523
-1.10798
-1.17228
-1.17923
-1.22905
-1.21951
-1.23221
-1.19543
-1.19873
-1.24143
-1.24289
-1.27763
-1.31108
-1.31429
-1.36567
-1.41425
-1.38024
-1.37875
-1.34834
-1.37161
-1.43684
-1.34768
-1.39897
-1.41537
-1.39652
-1.41444
-1.43461
-1.44902
-1.46331
-1.46612
-1.45661
-1.47554
-1.51004
-1.58088
-1.60514
-1.57173
-1.56957
-1.57823
-1.66114
-1.72101
-1.70565
-1.69988
-1.67922
-1.67048
-1.68597
-1.70994
-1.71021
-1.74611
-1.74388
-1.72991
-1.75219
-1.79892
-1.86215
-1.85011
-1.89435
-1.92114
-1.91989
-1.91178
-1.90145
-1.94435
-1.96213
-2.03503
-2.05715
-2.09648
-2.10127
-2.08498
-2.10716
-2.08631
-2.09567
-2.06265
-2.04718
-2.02795
-2.00963
-1.98797
-1.99827
-1.9122
-1.89069
-1.88453
-1.85343
-1.82417
-1.8127
-1.74732
-1.76066
-1.74377
-1.70121
-1.72088
-1.71681
-1.70327
-1.73234
-1.68721
-1.70116
-1.6817
-1.65758
-1.6784
-1.62256
-1.61646
-1.54423
-1.56764
-1.60873
-1.60487
-1.56364
-1.49679
-1.48682
-1.44668
-1.40503
-1.4284
-1.40436
-1.37219
-1.35582
-1.3211
-1.28743
-1.31074
-1.29016
-1.26556
-1.24245
-1.18529
-1.15092
-1.1335
-1.12125
-1.08776
-1.13236
-1.1134
-1.0996
-1.0888
-1.05271
-1.04138
-0.965286
-0.920079
-0.932001
-0.939086
-0.961083
-0.949442
-0.966586
-0.978278
-1.00191
-0.933618
-0.89469
-0.906519
-0.910981
-0.946997
-0.960165
-0.995061
-0.931641
-0.982614
-1.00397
-1.01626
-1.05133
-1.06515
-0.977154
-1.00036
-1.03022
-1.04426
-1.08437
-1.09552
-1.09785
-1.12476
-1.12498
-1.09832
-1.14747
-1.16667
-1.1845
-1.19827
-1.20994
-1.26456
-1.33055
-1.32505
-1.34617
-1.36881
-1.37193
-1.37119
-1.33825
-1.36136
-1.38088
-1.39647
-1.41157
-1.39589
-1.40801
-1.37424
-1.38299
-1.43032
-1.45586
-1.47058
-1.48219
-1.4978
-1.54365
-1.56904
-1.57639
-1.59525
-1.63569
-1.68716
-1.6712
-1.69005
-1.65553
-1.6984
-1.74611
-1.79485
-1.72442
-1.74009
-1.80273
-1.7675
-1.79139
-1.80753
-1.82999
-1.82724
-1.81921
-1.83035
-1.86763
-1.87547
-1.88654
-1.85602
-1.92558
-1.96116
-1.96656
-1.97774
-1.96302
-2.02183
-1.95962
-1.97854
-2.0008
-2.03271
-2.06364
-2.06705
-2.04156
-2.02784
-2.00827
-2.08038
-2.09878
-2.08638
-2.09857
-2.11513
-2.12599
-2.15785
-2.17736
-2.18346
-2.1367
-2.09638
-2.11464
-2.17928
-2.17841
-2.12792
-2.12269
-2.16179
-2.17195
-2.22578
-2.22237
-2.21994
-2.22932
-2.21073
-2.19044
-2.18709
-2.09836
-2.08979
-2.03971
-2.04213
-2.00461
-2.0149
-1.99763
-2.0397
-2.04573
-2.02374
-2.00008
-1.95202
-1.94146
-1.95463
-1.91767
-1.8999
-1.8708
-1.90463
-1.91358
-1.92515
-1.85813
-1.8636
-1.86368
-1.79287
-1.7764
-1.77259
-1.7824
-1.79389
-1.7506
-1.70382
-1.73396
-1.73401
-1.70285
-1.67503
-1.65099
-1.63334
-1.61245
-1.54411
-1.55958
-1.52861
-1.52667
-1.52092
-1.48981
-1.44953
-1.44551
-1.43065
-1.3486
-1.33914
-1.26084
-1.2455
-1.2836
-1.18856
-1.18227
-1.14477
-1.13009
-1.1094
-1.15256
-1.14182
-1.1407
-1.10851
-1.09969
-1.06228
-1.00755
-0.991513
-0.959209
-0.933409
-0.946029
-1.00569
-1.02419
-1.01345
-0.993862
-0.963756
-0.924473
-0.95101
-0.99456
-0.96587
-0.984817
-0.962724
-0.968346
-0.971199
-0.964012
-1.06164
-1.0483
-1.06835
-1.08375
-1.09448
-1.07743
-1.07915
-1.0969
-1.08921
-1.05135
-1.07568
-1.15516
-1.2492
-1.23392
-1.36032
-1.4264
-1.42913
-1.41669
-1.44506
-1.4796
-1.56468
-1.63051
-1.73324
-1.74641
-1.74683
-1.78515
-1.81425
-1.82782
-1.85175
-1.86984
-1.88551
-1.92519
-1.8916
-1.94116
-1.93123
-1.89769
-2.00533
-2.01654
-2.02824
-2.09394
-2.10313
-2.17932
-2.20366
-2.23888
-2.24552
-2.26029
-2.2542
-2.26448
-2.2811
-2.29564
-2.30522
-2.22042
-2.26092
-2.22165
-2.15263
-2.1879
-2.21336
-2.20349
-2.19236
-2.12279
-2.13209
-2.08338
-2.12956
-2.11686
-2.13019
-2.12358
-2.05579
-2.04982
-2.05503
-2.04064
-2.03825
-1.98732
-1.94808
-1.92505
-1.84912
-1.85221
-1.84434
-1.84247
-1.80628
-1.74403
-1.74167
-1.75869
-1.76155
-1.78177
-1.76091
-1.79598
-1.74293
-1.68328
-1.66516
-1.60109
-1.57665
-1.55725
-1.5318
-1.51855
-1.42643
-1.41272
-1.37969
-1.3598
-1.34535
-1.32998
-1.30149
-1.23417
-1.21939
-1.20287
-1.13407
-1.12959
-1.10895
-1.09427
-1.06828
-0.976095
-0.949061
-0.882703
-0.875976
-0.923803
-0.891137
-0.879064
-0.816518
-0.807352
-0.791973
-0.8163
-0.810319
-0.801401
-0.774515
-0.763162
-0.776617
-0.795608
-0.763389
-0.770161
-0.808383
-0.872248
-0.875953
-0.854201
-0.879477
-0.948987
-0.992554
-1.04602
-1.01402
-1.01672
-1.0041
-0.986284
-1.00964
-0.974874
-0.952285
-0.970606
-1.02632
-1.07424
-1.12737
-1.12918
-1.14696
-1.15907
-1.19053
-1.18872
-1.21346
-1.29824
-1.3211
-1.31463
-1.33608
-1.31278
-1.31858
-1.33129
-1.28638
-1.2569
-1.24587
-1.23598
-1.26552
-1.24129
-1.21919
-1.29588
-1.30976
-1.34841
-1.3831
-1.39721
-1.40742
-1.46132
-1.47714
-1.49061
-1.46779
-1.48055
-1.47907
-1.49955
-1.50959
-1.53628
-1.52437
-1.51275
-1.5129
-1.5256
-1.53964
-1.56009
-1.57612
-1.59906
-1.6055
-1.63656
-1.62526
-1.61888
-1.62026
-1.636
-1.64719
-1.69598
-1.68702
-1.69123
-1.69371
-1.7272
-1.73922
-1.76413
-1.77244
-1.76523
-1.77563
-1.80318
-1.85449
-1.927
-1.95011
-1.94674
-1.973
-1.93333
-1.92696
-1.88394
-1.90757
-1.91116
-1.91056
-1.90892
-1.88627
-1.9434
-1.95405
-1.9637
-1.96105
-1.94771
-1.97251
-1.98526
-2.00915
-2.04179
-2.01745
-2.02324
-2.04367
-2.04858
-2.04748
-2.0341
-2.03999
-2.06548
-2.05739
-2.0642
-2.10034
-2.09499
-2.09864
-2.11084
-2.15404
-2.16317
-2.19283
-2.2027
-2.27507
-2.26171
-2.20138
-2.21631
-2.23441
-2.23405
-2.21862
-2.1818
-2.16479
-2.16899
-2.14825
-2.20128
-2.13458
-2.15035
-2.13505
-2.0716
-2.05858
-2.0366
-2.01343
-1.98384
-1.98769
-1.96443
-1.87985
-1.90195
-1.84972
-1.81803
-1.7894
-1.7678
-1.77273
-1.72529
-1.69366
-1.63433
-1.69073
-1.63704
-1.61728
-1.61218
-1.60873
-1.61459
-1.55815
-1.49738
-1.47213
-1.48647
-1.52985
-1.5113
-1.48527
-1.46198
-1.42056
-1.39222
-1.39338
-1.3407
-1.29502
-1.27221
-1.20817
-1.26118
-1.22344
-1.22631
-1.21049
-1.21599
-1.1601
-1.09882
-1.09192
-1.12076
-1.07589
-1.05338
-1.04449
-0.941951
-0.913015
-0.992137
-0.993359
-1.02583
-0.99993
-0.969598
-1.00673
-1.01888
-1.02043
-1.0191
-1.02867
-1.06941
-1.07976
-1.11993
-1.168
-1.15481
-1.21163
-1.24589
-1.25991
-1.23461
-1.24817
-1.27632
-1.23804
-1.16392
-1.17644
-1.21322
-1.25046
-1.24249
-1.24372
-1.2667
-1.27645
-1.30049
-1.32969
-1.3585
-1.37867
-1.36584
-1.39054
-1.37992
-1.43276
-1.42418
-1.42943
-1.47863
-1.51937
-1.56258
-1.57545
-1.58878
-1.60153
-1.60777
-1.68777
-1.6994
-1.68846
-1.58421
-1.5956
-1.60809
-1.57033
-1.58344
-1.62128
-1.61333
-1.64893
-1.65454
-1.6748
-1.66464
-1.6728
-1.67579
-1.68457
-1.66858
-1.69512
-1.70233
-1.67969
-1.73099
-1.72803
-1.745
-1.78276
-1.785
-1.80423
-1.81856
-1.84857
-1.92752
-1.92709
-1.93417
-1.94823
-1.99024
-1.96207
-1.92187
-1.94687
-1.96162
-1.97157
-1.98892
-1.99006
-1.96902
-1.97988
-1.97475
-1.95986
-1.9318
-1.9473
-1.96022
-1.96292
-1.99167
-1.99036
-1.96974
-1.95388
-1.96857
-1.95353
-1.95054
-1.9013
-1.89365
-1.87918
-1.86905
-1.85684
-1.83705
-1.78105
-1.74934
-1.71802
-1.69673
-1.64163
-1.72562
-1.63799
-1.64276
-1.6395
-1.57357
-1.5645
-1.53701
-1.54534
-1.49445
-1.49074
-1.46097
-1.43532
-1.42483
-1.42387
-1.41648
-1.39686
-1.40645
-1.45123
-1.3631
-1.34671
-1.33445
-1.1781
-1.15666
-1.17892
-1.20535
-1.17012
-1.14792
-1.13459
-1.1727
-1.17912
-1.18452
-1.17577
-1.2055
-1.19443
-1.20348
-1.19694
-1.26649
-1.25901
-1.26346
-1.28168
-1.29756
-1.25866
-1.26372
-1.27723
-1.3179
-1.32722
-1.37013
-1.37142
-1.36418
-1.37882
-1.39828
-1.39979
-1.39057
-1.40164
-1.42461
-1.47403
-1.46849
-1.45979
-1.40809
-1.46398
-1.47537
-1.49342
-1.53187
-1.56909
-1.58477
-1.62456
-1.62438
-1.64277
-1.68524
-1.68723
-1.6615
-1.68503
-1.6798
-1.74651
-1.75239
-1.74554
-1.74805
-1.75599
-1.73286
-1.74955
-1.71385
-1.66243
-1.74921
-1.76252
-1.76304
-1.76614
-1.77772
-1.74116
-1.61599
-1.65351
-1.65031
-1.64015
-1.56592
-1.54151
-1.55874
-1.50716
-1.51989
-1.54953
-1.56013
-1.57619
-1.66631
-1.64593
-1.64371
-1.66579
-1.68145
-1.70922
-1.75132
-1.76028
-1.82618
-1.875
-1.91935
-1.87437
-1.88525
-1.87323
-1.79883
-1.82197
-1.84769
-1.85069
-1.91351
-1.95085
-1.94088
-1.93075
-1.94461
-1.88719
-1.90553
-1.89971
-1.85232
-1.83514
-1.81597
-1.79412
-1.78979
-1.82269
-1.79727
-1.82238
-1.80287
-1.74696
-1.73499
-1.74639
-1.68548
-1.66172
-1.67902
-1.63844
-1.61532
-1.58989
-1.59768
-1.61683
-1.62585
-1.61118
-1.63952
-1.61732
-1.59851
-1.61732
-1.59381
-1.5807
-1.55394
-1.48112
-1.44094
-1.43904
-1.4298
-1.39651
-1.38346
-1.3673
-1.35041
-1.31907
-1.23301
-1.21068
-1.19633
-1.18676
-1.18255
-1.22629
-1.20913
-1.15935
-1.15042
-1.21653
-1.22202
-1.28748
-1.30024
-1.33538
-1.32839
-1.33869
-1.36326
-1.38493
-1.40432
-1.39914
-1.41055
-1.44021
-1.45445
-1.409
-1.41497
-1.41499
-1.40817
-1.35786
-1.3378
-1.35559
-1.42529
-1.45446
-1.45313
-1.492
-1.52258
-1.57338
-1.53421
-1.46458
-1.45752
-1.56215
-1.66158
-1.68
-1.6744
-1.68394
-1.76229
-1.79376
-1.80878
-1.79157
-1.8149
-1.83574
-1.82961
-1.88841
-1.93339
-1.94787
-1.99453
-1.99637
-2.05685
-2.02839
-2.03695
-2.02284
-2.00833
-1.93495
-1.90808
-1.91984
-1.89961
-1.86604
-1.81966
-1.85566
-1.84369
-1.81581
-1.79721
-1.77932
-1.80964
-1.89637
-1.84383
-1.93793
-1.90214
-1.88394
-1.86387
-1.85159
-1.80529
-1.78734
-1.77022
-1.70848
-1.69309
-1.74168
-1.76348
-1.77028
-1.76455
-1.75462
-1.72894
-1.70617
-1.70426
-1.67735
-1.66566
-1.64897
-1.53847
-1.42373
-1.38142
-1.40911
-1.39169
-1.37319
-1.34061
-1.34678
-1.33889
-1.34697
-1.33057
-1.32049
-1.35869
-1.31749
-1.30071
-1.29722
-1.28853
-1.26844
-1.28881
-1.31644
-1.3028
-1.18859
-1.19441
-1.19274
-1.13935
-1.11558
-1.10809
-1.12099
-1.1003
-1.08951
-1.13585
-1.08842
-1.1204
-1.14337
-1.14062
-1.15857
-1.13155
-1.15525
-1.14142
-1.21044
-1.25216
-1.30158
-1.32167
-1.34627
-1.43331
-1.45213
-1.41812
-1.43389
-1.39723
-1.38346
-1.39703
-1.32379
-1.33055
-1.35554
-1.36263
-1.37093
-1.39697
-1.45461
-1.47304
-1.49209
-1.50416
-1.51025
-1.50576
-1.52452
-1.50586
-1.56446
-1.50457
-1.54189
-1.54067
-1.57351
-1.59007
-1.6399
-1.66986
-1.73937
-1.72313
-1.70882
-1.72176
-1.72582
-1.75508
-1.76773
-1.77726
-1.79093
-1.76956
-1.78457
-1.7438
-1.73657
-1.73892
-1.71065
-1.67433
-1.68427
-1.68442
-1.69744
-1.6659
-1.67882
-1.72788
-1.72796
-1.75266
-1.7782
-1.73017
-1.76823
-1.78018
-1.76499
-1.86625
-1.88176
-1.88021
-1.87582
-1.89094
-1.98474
-1.99097
-1.99575
-2.01698
-2.02896
-1.9791
-1.9279
-1.90833
-1.92033
-1.88087
-1.86527
-1.85169
-1.82361
-1.8104
-1.78696
-1.79408
-1.76546
-1.74613
-1.71598
-1.64997
-1.62122
-1.60887
-1.56564
-1.5144
-1.51102
-1.46676
-1.44783
-1.44766
-1.45259
-1.45691
-1.39187
-1.37388
-1.30632
-1.28636
-1.2346
-1.19999
-1.21857
-1.20299
-1.1979
-1.18184
-1.17143
-1.18887
-1.20185
-1.2382
-1.21767
-1.15465
-1.16866
-1.18601
-1.20021
-1.21571
-1.19735
-1.21621
-1.27765
-1.27012
-1.30638
-1.3043
-1.30604
-1.3138
-1.31015
-1.3208
-1.30177
-1.30118
-1.31782
-1.38378
-1.40779
-1.43472
-1.49134
-1.52359
-1.5433
-1.45657
-1.44696
-1.48323
-1.4655
-1.48103
-1.50133
-1.45557
-1.43794
-1.44586
-1.45499
-1.49245
-1.52217
-1.51976
-1.5833
-1.59597
-1.6018
-1.6266
-1.63673
-1.64441
-1.65148
-1.61193
-1.59506
-1.62613
-1.6489
-1.72291
-1.73509
-1.69056
-1.70475
-1.72532
-1.74321
-1.68834
-1.71539
-1.714
-1.72608
-1.74464
-1.74784
-1.77297
-1.77334
-1.79952
-1.80536
-1.79787
-1.72486
-1.73812
-1.74872
-1.76488
-1.77723
-1.78204
-1.82109
-1.80666
-1.80331
-1.8065
-1.84112
-1.84203
-1.87148
-1.84504
-1.85391
-1.83462
-1.83065
-1.83387
-1.87833
-1.86978
-1.91368
-1.94682
-1.98771
-1.98192
-1.92449
-1.9039
-1.87644
-1.83516
-1.78507
-1.78272
-1.7613
-1.7425
-1.69079
-1.69563
-1.67248
-1.66345
-1.65506
-1.65845
-1.64905
-1.62121
-1.59847
-1.56977
-1.51456
-1.47195
-1.41256
-1.38103
-1.36085
-1.38764
-1.37174
-1.35953
-1.3205
-1.30419
-1.28373
-1.29238
-1.26663
-1.26086
-1.24775
-1.25445
-1.26303
-1.28439
-1.29629
-1.31758
-1.23719
-1.25739
-1.26345
-1.21715
-1.23004
-1.31585
-1.329
-1.28247
-1.32143
-1.33593
-1.34741
-1.36258
-1.3784
-1.3933
-1.4035
-1.46011
-1.45899
-1.47591
-1.49055
-1.51349
-1.52843
-1.54076
-1.55192
-1.53899
-1.51686
-1.50127
-1.52347
-1.51592
-1.56548
-1.60075
-1.59653
-1.64619
-1.65082
-1.6438
-1.65074
-1.62946
-1.68486
-1.67432
-1.68832
-1.722
-1.73265
-1.81216
-1.83883
-1.79176
-1.77075
-1.78752
-1.79762
-1.81524
-1.8286
-1.83577
-1.84587
-1.84169
-1.89528
-1.92028
-1.89656
-1.88156
-1.88115
-1.90398
-1.88254
-1.88993
-1.91922
-1.89677
-1.91277
-1.89379
-1.86567
-1.85796
-1.84112
-1.86251
-1.85602
-1.82182
-1.8091
-1.7545
-1.78469
-1.76331
-1.75701
-1.74533
-1.72635
-1.72536
-1.72716
-1.69622
-1.65548
-1.68298
-1.65003
-1.62437
-1.66055
-1.63908
-1.66252
-1.72413
-1.69817
-1.63607
-1.55019
-1.50808
-1.4707
-1.4541
-1.43911
-1.4004
-1.27801
-1.26056
-1.25057
-1.29038
-1.33146
-1.29506
-1.26663
-1.25167
-1.25335
-1.23737
-1.24881
-1.27474
-1.24914
-1.23982
-1.24232
-1.25411
-1.18341
-1.20245
-1.23716
-1.23782
-1.26772
-1.22237
-1.29285
-1.36381
-1.41207
-1.3846
-1.39908
-1.40033
-1.46176
-1.45128
-1.4674
-1.48715
-1.55831
-1.56528
-1.64313
-1.66347
-1.67996
-1.69585
-1.70864
-1.70764
-1.71992
-1.82448
-1.83825
-1.87871
-1.91218
-1.98054
-1.9104
-1.91191
-1.91657
-1.84644
-1.88795
-1.87065
-1.86328
-1.90591
-1.89137
-1.90118
-1.88511
-1.80935
-1.77594
-1.76246
-1.78784
-1.77588
-1.76067
-1.77552
-1.79795
-1.7864
-1.71167
-1.68237
-1.66449
-1.65703
-1.61947
-1.5034
-1.49462
-1.42742
-1.39876
-1.33623
-1.3083
-1.3025
-1.28556
-1.30242
-1.28787
-1.27894
-1.19789
-1.21181
-1.24864
-1.21456
-1.1739
-1.1751
-1.21814
-1.3194
-1.31583
-1.33475
-1.35276
-1.41031
-1.39549
-1.40897
-1.40882
-1.37648
-1.40137
-1.41463
-1.41886
-1.45335
-1.46346
-1.50518
-1.51821
-1.52318
-1.53667
-1.5821
-1.55323
-1.56207
-1.57317
-1.59112
-1.60552
-1.62289
-1.5829
-1.61119
-1.6426
-1.66661
-1.71004
-1.71869
-1.76021
-1.79847
-1.72222
-1.72567
-1.75113
-1.71616
-1.72741
-1.76585
-1.77202
-1.81577
-1.84792
-1.8454
-1.8417
-1.81053
-1.81776
-1.74049
-1.71979
-1.70353
-1.67383
-1.65471
-1.61316
-1.60543
-1.59863
-1.57108
-1.52661
-1.5087
-1.48205
-1.46362
-1.44247
-1.43093
-1.42804
-1.42589
-1.43455
-1.40874
-1.41254
-1.41028
-1.45579
-1.4981
-1.50096
-1.53329
-1.54712
-1.56845
-1.56726
-1.63768
-1.6904
-1.69944
-1.66891
-1.68487
-1.7123
-1.692
-1.67901
-1.66423
-1.66093
-1.64934
-1.64463
-1.56945
-1.56734
-1.57318
-1.56668
-1.52455
-1.50408
-1.485
-1.4683
-1.44169
-1.42666
-1.48153
-1.46426
-1.44778
-1.43621
-1.36779
-1.38175
-1.35132
-1.3558
-1.3508
-1.33442
-1.38895
-1.28347
-1.2924
-1.30938
-1.37814
-1.36583
-1.40083
-1.41793
-1.45211
-1.44072
-1.45547
-1.48754
-1.53112
-1.54153
-1.54359
-1.59889
-1.61687
-1.63232
-1.5775
-1.58536
-1.56554
-1.57935
-1.6023
-1.589
-1.58932
-1.70235
-1.75321
-1.74354
-1.76438
-1.74035
-1.75999
-1.8024
-1.84895
-1.91317
-1.91902
-1.91045
-1.90322
-1.91375
-1.96507
-1.97345
-1.95565
-1.90611
-1.86643
-1.83895
-1.88205
-1.87451
-1.85728
-1.84438
-1.8782
-1.83717
-1.81242
-1.77003
-1.78621
-1.78851
-1.83123
-1.77429
-1.76936
-1.74274
-1.72686
-1.65047
-1.64924
-1.61803
-1.57029
-1.53624
-1.52571
-1.51436
-1.51449
-1.49104
-1.48723
-1.47405
-1.45451
-1.44291
-1.44183
-1.42435
-1.41995
-1.40456
-1.38287
-1.38772
-1.32162
-1.25748
-1.23639
-1.20762
-1.21254
-1.25949
-1.24444
-1.22066
-1.22723
-1.30879
-1.30068
-1.27744
-1.27496
-1.28688
-1.38686
-1.39671
-1.40745
-1.44335
-1.50358
-1.59453
-1.467
-1.52646
-1.52941
-1.50414
-1.46239
-1.52755
-1.55141
-1.54756
-1.57
-1.50162
-1.47168
-1.53353
-1.58516
-1.58075
-1.59327
-1.63722
-1.68705
-1.70523
-1.72936
-1.72846
-1.75208
-1.7473
-1.75695
-1.79521
-1.76902
-1.81225
-1.83333
-1.82513
-1.81097
-1.77614
-1.74876
-1.80253
-1.74311
-1.73298
-1.71844
-1.72787
-1.7406
-1.77794
-1.77472
-1.81758
-1.82164
-1.76165
-1.67673
-1.68916
-1.71137
-1.67335
-1.73853
-1.68415
-1.65997
-1.62597
-1.60867
-1.57694
-1.5974
-1.57728
-1.57002
-1.52399
-1.50574
-1.41995
-1.39692
-1.3673
-1.39358
-1.37673
-1.28683
-1.25872
-1.25309
-1.23042
-1.2032
-1.17273
-1.16676
-1.16342
-1.15476
-1.16909
-1.19995
-1.20278
-1.21319
-1.21655
-1.1966
-1.1882
-1.17986
-1.13896
-1.17855
-1.20406
-1.15384
-1.06567
-1.09091
-1.10202
-1.11118
-1.12272
-1.14358
-1.16209
-1.15952
-1.2017
-1.20528
-1.21151
-1.21247
-1.23598
-1.23996
-1.27651
-1.26307
-1.2979
-1.34688
-1.28884
-1.30731
-1.36743
-1.41749
-1.43158
-1.43837
-1.46694
-1.43109
-1.4484
-1.45879
-1.46255
-1.42559
-1.44018
-1.44942
-1.5073
-1.46364
-1.51062
-1.54245
-1.56369
-1.56341
-1.55126
-1.67867
-1.73503
-1.76
-1.84792
-1.80051
-1.87137
-1.87145
-1.91371
-1.91127
-1.91025
-1.93181
-1.99338
-1.97933
-1.99924
-2.02243
-2.04403
-2.10677
-2.11685
-2.14685
-2.10036
-2.10833
-2.17452
-2.19186
-2.20409
-2.20536
-2.20509
-2.15723
-2.14035
-2.12673
-2.07951
-2.138
-2.11073
-2.09816
-2.11619
-2.05931
-2.05105
-2.06171
-2.04234
-1.99172
-1.95895
-1.9402
-1.91769
-1.91314
-1.89935
-1.81538
-1.86562
-1.90078
-1.87656
-1.83882
-1.78649
-1.79392
-1.77651
-1.73264
-1.68136
-1.58414
-1.56043
-1.53188
-1.52683
-1.54813
-1.57524
-1.51765
-1.49149
-1.48868
-1.46599
-1.45287
-1.4297
-1.39632
-1.38583
-1.35608
-1.32769
-1.33894
-1.33938
-1.34904
-1.40316
-1.36447
-1.33928
-1.35568
-1.319
-1.25999
-1.21882
-1.21297
-1.23005
-1.22097
-1.19822
-1.24551
-1.2504
-1.23995
-1.2146
-1.18422
-1.19003
-1.15145
-1.07851
-1.07191
-1.09915
-1.02304
-1.04361
-1.05826
-1.07142
-1.12019
-1.18391
-1.19298
-1.24418
-1.26246
-1.28947
-1.24706
-1.25971
-1.25942
-1.30494
-1.32484
-1.32476
-1.33838
-1.31016
-1.28572
-1.29841
-1.29216
-1.31743
-1.35642
-1.34757
-1.34369
-1.36105
-1.4585
-1.42507
-1.43752
-1.43501
-1.39001
-1.42287
-1.34101
-1.3698
-1.35567
-1.36607
-1.36525
-1.4341
-1.45957
-1.46629
-1.48636
-1.49598
-1.51266
-1.50626
-1.51745
-1.52647
-1.44907
-1.44889
-1.46481
-1.5125
-1.53024
-1.56244
-1.59796
-1.612
-1.67822
-1.67721
-1.7013
-1.74553
-1.78213
-1.79023
-1.82696
-1.83605
-1.83741
-1.83956
-1.82326
-1.76558
-1.75709
-1.77122
-1.744
-1.74329
-1.77677
-1.82305
-1.83915
-1.8499
-1.84065
-1.8552
-1.90527
-1.91145
-1.88868
-1.91673
-1.9139
-1.93195
-1.932
-1.97128
-1.97757
-2.01025
-2.00361
-2.00327
-2.03338
-2.05379
-2.04458
-2.04371
-2.06825
-2.11426
-2.12611
-2.09939
-2.07911
-2.07139
-2.06871
-2.04691
-1.9747
-1.96003
-1.96632
-1.93391
-1.91617
-1.89827
-1.96261
-2.03901
-1.97823
-1.96544
-1.92455
-1.89619
-1.86502
-1.81758
-1.81878
-1.76426
-1.71118
-1.63571
-1.62529
-1.64751
-1.66273
-1.62875
-1.56101
-1.54757
-1.49927
-1.47403
-1.47829
-1.48283
-1.39158
-1.3723
-1.33038
-1.36714
-1.35642
-1.33979
-1.31582
-1.3196
-1.31055
-1.23737
-1.25668
-1.24808
-1.22712
-1.20572
-1.18754
-1.17454
-1.09798
-1.04596
-1.01355
-0.996356
-0.947235
-0.852775
-0.806527
-0.807712
-0.827591
-0.827476
-0.867272
-0.892469
-0.920739
-0.965993
-0.912531
-0.972561
-0.948369
-0.934268
-0.913654
-0.939167
-0.915819
-0.874962
-0.870238
-0.884876
-0.905239
-0.925803
-0.921792
-0.937211
-0.947448
-1.03967
-1.05768
-1.06954
-1.06365
-1.09974
-1.13519
-1.13878
-1.13518
-1.19304
-1.16833
-1.19085
-1.14859
-1.08481
-1.0953
-1.10979
-1.11674
-1.12043
-1.11851
-1.14905
-1.15668
-1.18697
-1.18573
-1.14581
-1.15471
-1.18517
-1.17142
-1.15659
-1.16098
-1.16484
-1.24524
-1.30487
-1.29213
-1.31171
-1.33182
-1.32611
-1.30806
-1.38885
-1.35691
-1.39276
-1.44813
-1.46593
-1.4484
-1.41457
-1.41224
-1.4186
-1.43964
-1.39091
-1.4043
-1.46107
-1.45315
-1.46242
-1.45485
-1.53161
-1.55387
-1.56424
-1.5276
-1.51133
-1.58245
-1.5638
-1.57331
-1.54547
-1.55069
-1.58733
-1.54034
-1.5417
-1.55975
-1.61842
-1.61555
-1.61271
-1.62241
-1.63838
-1.63356
-1.63398
-1.66329
-1.67144
-1.71917
-1.75327
-1.7523
-1.8093
-1.82342
-1.83301
-1.83387
-1.81704
-1.82893
-1.83744
-1.85325
-1.81492
-1.85071
-1.84437
-1.85104
-1.87184
-1.9237
-1.99671
-2.01065
-2.00568
-1.98274
-2.02074
-2.02565
-2.03563
-1.98453
-1.92519
-1.89456
-1.85528
-1.87969
-1.88902
-1.92607
-1.9229
-1.93259
-1.91679
-1.88807
-1.91454
-1.93292
-1.94903
-1.96883
-2.00036
-2.02891
-2.04138
-2.03744
-2.04727
-2.05673
-2.08682
-2.09649
-2.0965
-2.14931
-2.11733
-2.12578
-2.15838
-2.13526
-2.14797
-2.15681
-2.17981
-2.19193
-2.21168
-2.22035
-2.24116
-2.28068
-2.2908
-2.30586
-2.33809
-2.32915
-2.30085
-2.30908
-2.31539
-2.32434
-2.31415
-2.22905
-2.26067
-2.20798
-2.22068
-2.18407
-2.16124
-2.1659
-2.15434
-2.09551
-2.06952
-2.05421
-2.05163
-2.04725
-2.04867
-2.0302
-2.02871
-1.99959
-1.97523
-1.91507
-1.89684
-1.91164
-1.88455
-1.90615
-1.84245
-1.87803
-1.8567
-1.81061
-1.8457
-1.81028
-1.79289
-1.77253
-1.76443
-1.717
-1.68329
-1.66856
-1.62664
-1.55698
-1.5343
-1.51722
-1.50101
-1.48945
-1.49168
-1.46732
-1.41266
-1.38959
-1.38346
-1.32876
-1.35372
-1.18203
-1.15983
-1.1026
-1.11543
-1.09584
-1.03756
-0.987053
-0.93936
-0.91199
-0.939361
-0.922657
-0.960676
-0.913384
-0.867454
-0.831026
-0.82256
-0.850111
-0.829431
-0.856642
-0.936486
-0.941068
-0.942048
-0.927236
-0.936273
-0.958835
-0.958426
-0.990118
-0.982457
-0.995526
-0.977474
-0.996979
-1.00337
-1.01821
-1.04821
-0.999981
-1.01378
-0.982014
-1.02617
-1.044
-1.09076
-1.11037
-1.13412
-1.1628
-1.20119
-1.13828
-1.21116
-1.21695
-1.2602
-1.31716
-1.34255
-1.30993
-1.35582
-1.38071
-1.40224
-1.41323
-1.43579
-1.49704
-1.50853
-1.54777
-1.56591
-1.56901
-1.60047
-1.57666
-1.61519
-1.63399
-1.66947
-1.66028
-1.66688
-1.65358
-1.66244
-1.69361
-1.69627
-1.66547
-1.66954
-1.69357
-1.70262
-1.72792
-1.79505
-1.80819
-1.83154
-1.85418
-1.85109
-1.87631
-1.90334
-1.96177
-1.96464
-1.95999
-1.96464
-1.93996
-1.95148
-1.95653
-1.96649
-2.03146
-2.02286
-2.0388
-2.11598
-2.09083
-2.11658
-2.06376
-2.04437
-2.01501
-2.05686
-2.05788
-2.0427
-2.0154
-2.01246
-2.02271
-2.03087
-2.035
-1.99695
-1.9717
-1.93524
-1.90376
-1.86456
-1.80982
-1.82677
-1.81993
-1.77433
-1.75408
-1.7413
-1.66916
-1.62644
-1.61373
-1.59621
-1.60089
-1.59181
-1.55436
-1.54329
-1.54334
-1.51448
-1.50582
-1.48283
-1.45112
-1.46841
-1.39756
-1.3831
-1.37418
-1.36647
-1.34275
-1.33691
-1.33852
-1.34027
-1.40441
-1.39259
-1.3305
-1.30188
-1.27708
-1.28293
-1.30445
-1.31267
-1.32016
-1.34756
-1.40348
-1.33811
-1.38603
-1.42935
-1.44063
-1.45975
-1.44794
-1.46178
-1.44225
-1.42673
-1.41722
-1.4322
-1.45327
-1.4585
-1.47232
-1.49076
-1.43121
-1.52024
-1.4973
-1.53065
-1.53953
-1.56871
-1.58348
-1.60186
-1.6506
-1.65008
-1.66978
-1.68291
-1.702
-1.71952
-1.72462
-1.74645
-1.72385
-1.77229
-1.78711
-1.81569
-1.85407
-1.84683
-1.859
-1.76465
-1.76813
-1.77448
-1.78161
-1.80324
-1.81939
-1.78483
-1.80091
-1.76783
-1.76596
-1.72935
-1.74736
-1.80667
-1.78379
-1.71118
-1.70774
-1.73672
-1.71789
-1.72046
-1.71421
-1.66841
-1.67497
-1.64859
-1.65406
-1.66188
-1.71483
-1.68712
-1.65199
-1.61588
-1.62137
-1.60078
-1.58773
-1.60402
-1.5954
-1.53404
-1.50683
-1.48661
-1.45039
-1.42624
-1.44354
-1.41804
-1.37794
-1.37534
-1.37681
-1.36015
-1.34384
-1.35284
-1.34077
-1.34618
-1.32094
-1.30771
-1.29084
-1.31722
-1.25756
-1.29245
-1.26146
-1.29542
-1.31675
-1.39617
-1.4331
-1.45499
-1.5042
-1.5491
-1.54712
-1.59794
-1.65098
-1.65288
-1.63158
-1.66176
-1.69424
-1.72644
-1.75963
-1.77874
-1.72519
-1.76239
-1.77838
-1.76303
-1.77716
-1.79307
-1.81937
-1.81484
-1.80724
-1.803
-1.7835
-1.79377
-1.79201
-1.76121
-1.74275
-1.7225
-1.70246
-1.64957
-1.61233
-1.59958
-1.57399
-1.60536
-1.59692
-1.56929
-1.5767
-1.53847
-1.55334
-1.53725
-1.53365
-1.52405
-1.50337
-1.49676
-1.48093
-1.48142
-1.5118
-1.46803
-1.50832
-1.49958
-1.47137
-1.42927
-1.42919
-1.41528
-1.40534
-1.37927
-1.35941
-1.3358
-1.39705
-1.26403
-1.24275
-1.23286
-1.21694
-1.2019
-1.24534
-1.27455
-1.27333
-1.25002
-1.22841
-1.29168
-1.33642
-1.34065
-1.35556
-1.35605
-1.3931
-1.38993
-1.45425
-1.48849
-1.52987
-1.54553
-1.49586
-1.5193
-1.57573
-1.58347
-1.58531
-1.5683
-1.58228
-1.55
-1.56314
-1.53269
-1.54561
-1.55822
-1.57175
-1.60833
-1.657
-1.7061
-1.71877
-1.74436
-1.7379
-1.75317
-1.74931
-1.79962
-1.83117
-1.86141
-1.87213
-1.86615
-1.89655
-1.907
-1.88042
-1.90706
-1.81365
-1.8197
-1.76721
-1.78712
-1.7714
-1.77567
-1.77686
-1.75101
-1.7401
-1.75024
-1.723
-1.70393
-1.6686
-1.65818
-1.66114
-1.64175
-1.63036
-1.68427
-1.66579
-1.6465
-1.64399
-1.63573
-1.64943
-1.61128
-1.58362
-1.548
-1.5376
-1.47524
-1.45413
-1.42555
-1.41372
-1.48909
-1.4586
-1.48217
-1.43616
-1.41922
-1.40977
-1.35573
-1.39328
-1.37014
-1.39359
-1.34775
-1.32823
-1.31979
-1.31421
-1.30123
-1.33091
-1.36117
-1.38423
-1.44283
-1.45623
-1.47855
-1.52299
-1.56136
-1.56804
-1.51398
-1.58179
-1.50258
-1.49798
-1.50706
-1.53098
-1.53036
-1.52923
-1.5615
-1.58915
-1.59058
-1.57394
-1.59132
-1.64007
-1.66203
-1.70631
-1.68679
-1.62419
-1.6369
-1.63894
-1.63819
-1.64443
-1.66397
-1.65612
-1.6698
-1.67808
-1.70215
-1.71353
-1.72156
-1.74837
-1.74924
-1.72958
-1.70107
-1.679
-1.65849
-1.65066
-1.63631
-1.61544
-1.59619
-1.5242
-1.50668
-1.46538
-1.45039
-1.42641
-1.46662
-1.53971
-1.51559
-1.46145
-1.47777
-1.43272
-1.43105
-1.44329
-1.40074
-1.40986
-1.43423
-1.44713
-1.42328
-1.4468
-1.44442
-1.46128
-1.47724
-1.48566
-1.50035
-1.51878
-1.54518
-1.55222
-1.56627
-1.58033
-1.58829
-1.61255
-1.67082
-1.72539
-1.73789
-1.75723
-1.75484
-1.87688
-1.86538
-1.87546
-1.90656
-1.87907
-1.8029
-1.74955
-1.70911
-1.67837
-1.66252
-1.6363
-1.62
-1.66796
-1.645
-1.71171
-1.6845
-1.65047
-1.637
-1.61854
-1.59899
-1.57428
-1.48946
-1.47038
-1.33106
-1.3517
-1.3482
-1.33471
-1.3161
-1.29685
-1.31158
-1.30157
-1.27894
-1.21352
-1.20853
-1.17543
-1.22604
-1.21924
-1.17886
-1.17892
-1.21551
-1.20599
-1.12354
-1.1236
-1.12752
-1.18399
-1.19567
-1.21014
-1.22415
-1.21795
-1.19674
-1.20138
-1.22771
-1.29539
-1.30611
-1.24818
-1.37054
-1.39905
-1.41313
-1.41315
-1.42151
-1.43294
-1.49978
-1.51412
-1.45738
-1.48148
-1.50836
-1.53168
-1.53632
-1.54
-1.55478
-1.54521
-1.50174
-1.544
-1.58547
-1.62226
-1.67898
-1.68141
-1.6244
-1.68144
-1.75
-1.76088
-1.74943
-1.75974
-1.78191
-1.84903
-1.86188
-1.82512
-1.85434
-1.83685
-1.76937
-1.83752
-1.8076
-1.78284
-1.7951
-1.81047
-1.82572
-1.87312
-1.88457
-1.90703
-1.87233
-1.86853
-1.87774
-1.86849
-1.91854
-1.98915
-2.03557
-2.00896
-1.9918
-2.0092
-1.99325
-2.09284
-2.05306
-2.0102
-2.00355
-2.00273
-1.95899
-1.91011
-1.88982
-1.86053
-1.81063
-1.78595
-1.75326
-1.70864
-1.68679
-1.68798
-1.68062
-1.77016
-1.72756
-1.72496
-1.73163
-1.66995
-1.63703
-1.62815
-1.6217
-1.61524
-1.59356
-1.57665
-1.58499
-1.51318
-1.55079
-1.56483
-1.50941
-1.4961
-1.47888
-1.48222
-1.47352
-1.41747
-1.41072
-1.41822
-1.38358
-1.3378
-1.30161
-1.28154
-1.29695
-1.23976
-1.23419
-1.22165
-1.26263
-1.25896
-1.23663
-1.21424
-1.18749
-1.2298
-1.23666
-1.20015
-1.19974
-1.24591
-1.21896
-1.25137
-1.27186
-1.33875
-1.35063
-1.36446
-1.39255
-1.40419
-1.43997
-1.47748
-1.49394
-1.59392
-1.57105
-1.58728
-1.59408
-1.61417
-1.6246
-1.62625
-1.62406
-1.62171
-1.58921
-1.61717
-1.64985
-1.62096
-1.6182
-1.61414
-1.69387
-1.68737
-1.70144
-1.69323
-1.71983
-1.74501
-1.75759
-1.7735
-1.79921
-1.80063
-1.82789
-1.87082
-1.91298
-1.90056
-1.90738
-1.87731
-1.85761
-1.84494
-1.83508
-1.80928
-1.81882
-1.79822
-1.78605
-1.75986
-1.74382
-1.7226
-1.71887
-1.69553
-1.66346
-1.6336
-1.616
-1.59407
-1.54255
-1.53461
-1.50122
-1.51753
-1.49601
-1.47073
-1.4501
-1.42383
-1.41327
-1.41285
-1.38735
-1.41287
-1.37378
-1.31613
-1.38843
-1.37113
-1.3616
-1.33887
-1.30649
-1.28532
-1.28602
-1.25014
-1.26706
-1.35315
-1.2416
-1.27044
-1.27424
-1.29412
-1.30612
-1.35293
-1.38432
-1.39173
-1.41025
-1.4207
-1.48401
-1.52813
-1.5117
-1.52323
-1.59424
-1.56294
-1.60236
-1.59834
-1.59574
-1.60502
-1.61063
-1.61075
-1.65123
-1.67191
-1.67451
-1.68691
-1.69552
-1.70283
-1.72287
-1.73979
-1.75121
-1.77041
-1.78117
-1.80577
-1.76063
-1.8248
-1.74583
-1.72585
-1.71495
-1.72924
-1.79764
-1.80752
-1.78835
-1.79296
-1.76254
-1.77016
-1.76081
-1.7151
-1.71127
-1.75888
-1.67533
-1.62801
-1.63452
-1.60169
-1.58107
-1.55244
-1.53657
-1.54158
-1.52226
-1.47338
-1.42881
-1.38538
-1.34937
-1.31307
-1.29248
-1.35282
-1.36677
-1.36802
-1.35985
-1.34961
-1.36661
-1.36945
-1.32497
-1.37112
-1.39144
-1.39401
-1.42818
-1.4631
-1.46106
-1.48052
-1.48595
-1.48728
-1.50203
-1.47962
-1.47057
-1.45795
-1.46327
-1.50602
-1.50235
-1.48016
-1.48737
-1.58289
-1.58573
-1.5584
-1.52088
-1.57024
-1.63281
-1.72883
-1.76825
-1.77439
-1.78572
-1.7926
-1.82714
-1.81769
-1.85267
-1.87482
-1.86623
-1.91568
-1.90486
-1.89177
-1.87188
-1.84363
-1.78125
-1.73355
-1.69291
-1.70582
-1.75778
-1.74362
-1.73394
-1.70263
-1.68414
-1.66898
-1.63451
-1.62531
-1.61517
-1.59073
-1.56801
-1.56602
-1.52805
-1.51724
-1.50174
-1.4159
-1.35826
-1.42002
-1.42081
-1.41969
-1.32837
-1.34766
-1.35765
-1.31856
-1.34982
-1.37201
-1.38716
-1.46629
-1.48035
-1.50907
-1.48747
-1.5198
-1.49637
-1.51456
-1.53448
-1.52937
-1.54343
-1.54
-1.55784
-1.57753
-1.59622
-1.682
-1.70287
-1.67183
-1.6597
-1.65987
-1.59033
-1.65014
-1.65959
-1.67407
-1.72404
-1.66723
-1.68115
-1.65761
-1.57992
-1.56065
-1.54722
-1.52911
-1.44467
-1.41561
-1.42563
-1.41775
-1.46031
-1.51323
-1.55487
-1.54465
-1.5195
-1.59492
-1.63349
-1.66622
-1.68432
-1.67653
-1.64646
-1.65678
-1.65482
-1.70644
-1.68304
-1.66656
-1.62684
-1.63535
-1.62703
-1.59303
-1.554
-1.52797
-1.50709
-1.48356
-1.49336
-1.42016
-1.40011
-1.35743
-1.35207
-1.40642
-1.41173
-1.37557
-1.40229
-1.41241
-1.39938
-1.39376
-1.38504
-1.40154
-1.40028
-1.47358
-1.47872
-1.50243
-1.49259
-1.50093
-1.51485
-1.52951
-1.53605
-1.54807
-1.53771
-1.53244
-1.53089
-1.54721
-1.54136
-1.56027
-1.57097
-1.62663
-1.62884
-1.62687
-1.64682
-1.64434
-1.63836
-1.66096
-1.73605
-1.6856
-1.65528
-1.65387
-1.63188
-1.62675
-1.62629
-1.64762
-1.60786
-1.54207
-1.5177
-1.54771
-1.53992
-1.55461
-1.55583
-1.57425
-1.56632
-1.5734
-1.56783
-1.57601
-1.55421
-1.55255
-1.57954
-1.58915
-1.60396
-1.61857
-1.65832
-1.64198
-1.64503
-1.64251
-1.65664
-1.66776
-1.68428
-1.69919
-1.70777
-1.70877
-1.75161
-1.68881
-1.68276
-1.70498
-1.7097
-1.74597
-1.7477
-1.70661
-1.75124
-1.67086
-1.65632
-1.69318
-1.69843
-1.6409
-1.61712
-1.62365
-1.57754
-1.5441
-1.58362
-1.55608
-1.53865
-1.53546
-1.4399
-1.44908
-1.44004
-1.41575
-1.40133
-1.38299
-1.37299
-1.35151
-1.35899
-1.41051
-1.4183
-1.40139
-1.40619
-1.41706
-1.44822
-1.41346
-1.46564
-1.463
-1.45397
-1.43584
-1.44781
-1.47929
-1.49206
-1.51171
-1.56463
-1.57817
-1.59592
-1.57797
-1.54309
-1.55687
-1.59067
-1.59674
