###  Units are X_hat = 1.73cm.
1.10715
1.10739
1.11257
1.13118
1.1401
1.14465
1.15472
1.15608
1.15786
1.16455
1.16609
1.17044
1.17334
1.17452
1.19426
1.21795
1.22781
1.24357
1.25804
1.27548
1.28307
1.29304
1.31233
1.32156
1.32977
1.33598
1.35305
1.36442
1.3763
1.39251
1.39486
1.40125
1.40697
1.41428
1.42599
1.42781
1.4387
1.44528
1.46323
1.47084
1.49875
1.49119
1.49983
1.50539
1.53155
1.53755
1.54488
1.55741
1.57763
1.58068
1.58706
1.60017
1.58771
1.60576
1.61416
1.60776
1.62016
1.64146
1.669
1.67403
1.67147
1.68377
1.69657
1.70593
1.71751
1.722
1.73686
1.75575
1.77717
1.79807
1.80008
1.80959
1.82028
1.81918
1.822
1.82887
1.8457
1.86451
1.8706
1.8844
1.89477
1.92138
1.93351
1.94784
1.96752
1.97759
1.98927
2.00043
2.0214
2.02777
2.04139
2.06697
2.06907
2.08368
2.10812
2.12158
2.1257
2.14216
2.15381
2.14181
2.1404
2.12437
2.10649
2.08499
2.07028
2.0404
2.00748
1.99993
2.0034
1.99988
1.98593
1.97519
1.96784
1.9608
1.94379
1.91494
1.90723
1.90533
1.89349
1.88241
1.88565
1.86856
1.85093
1.85501
1.8424
1.84446
1.83708
1.8124
1.80476
1.7814
1.77733
1.76045
1.74731
1.72972
1.73279
1.71896
1.69822
1.70578
1.70481
1.68723
1.66992
1.66742
1.6492
1.6412
1.63034
1.59609
1.56681
1.56964
1.56118
1.54457
1.56074
1.54884
1.54008
1.52594
1.51071
1.49595
1.48442
1.47774
1.4735
1.46983
1.45832
1.43448
1.42114
1.40701
1.39904
1.37624
1.37174
1.36981
1.36257
1.35361
1.33268
1.3425
1.33505
1.32742
1.30818
1.30333
1.29255
1.2728
1.2627
1.24087
1.20373
1.19454
1.17345
1.15861
1.11985
1.0925
1.08716
1.06822
1.056
1.03436
1.01653
1.01787
1.00103
0.981536
0.970667
0.957919
0.966143
0.960227
0.954081
0.966113
0.965835
0.979784
0.979295
0.994989
1.01038
1.01302
1.02291
1.04234
1.06294
1.07444
1.07955
1.09458
1.0874
1.09633
1.12361
1.11861
1.13992
1.13499
1.15554
1.16194
1.17292
1.19612
1.20265
1.21082
1.2212
1.23574
1.2688
1.26997
1.26337
1.2605
1.26667
1.28335
1.28793
1.3107
1.3304
1.33648
1.36542
1.37146
1.3688
1.36746
1.37504
1.40112
1.41024
1.42666
1.43381
1.44346
1.43847
1.45803
1.49017
1.50041
1.50199
1.52123
1.54079
1.54511
1.56145
1.57766
1.60753
1.61659
1.62254
1.63154
1.62697
1.62787
1.64316
1.66475
1.67807
1.69495
1.69402
1.71663
1.73399
1.73838
1.74976
1.7675
1.78102
1.79191
1.80179
1.80858
1.82838
1.84509
1.84421
1.85282
1.83906
1.85608
1.85774
1.86431
1.87086
1.874
1.87425
1.88559
1.88666
1.89268
1.91012
1.90976
1.91829
1.91957
1.91069
1.91564
1.92848
1.93409
1.92902
1.96038
1.95774
1.95716
1.96039
1.96469
1.96412
1.97323
1.99531
2.00654
2.00348
2.03563
2.06094
2.07413
2.08532
2.08391
2.10419
2.10418
2.09882
2.07097
2.05395
2.03867
2.04018
2.03381
2.01509
1.99683
1.99383
1.98915
1.96889
1.95917
1.92912
1.92645
1.90703
1.88968
1.86061
1.86251
1.85628
1.83545
1.83317
1.79459
1.78966
1.78752
1.77145
1.75025
1.71305
1.70268
1.69991
1.69067
1.67917
1.64695
1.63996
1.63603
1.61364
1.60173
1.60797
1.57996
1.57725
1.57072
1.53978
1.51697
1.51074
1.48854
1.47484
1.44983
1.42143
1.4034
1.3808
1.35213
1.33915
1.31162
1.2804
1.25953
1.2496
1.22924
1.20269
1.17379
1.14692
1.14306
1.12302
1.09225
1.07329
1.05045
1.04752
1.04459
1.02827
1.01781
1.01552
1.00049
1.00377
1.00601
1.00015
0.998736
0.989966
0.998962
1.00013
1.00649
1.03064
1.04239
1.04889
1.06927
1.07569
1.08353
1.08474
1.10196
1.10766
1.12674
1.138
1.15584
1.16149
1.17928
1.1827
1.19709
1.19328
1.20205
1.21296
1.23195
1.22761
1.21824
1.24181
1.26506
1.26086
1.26734
1.29332
1.29565
1.30704
1.31635
1.31823
1.33248
1.33691
1.34922
1.34984
1.35494
1.37216
1.3548
1.36185
1.37739
1.38437
1.39613
1.39695
1.40253
1.426
1.42071
1.42395
1.44235
1.46717
1.48165
1.4846
1.49209
1.50299
1.51419
1.5203
1.52877
1.54419
1.55346
1.55434
1.5667
1.57738
1.5643
1.58334
1.60853
1.62225
1.62611
1.62676
1.64154
1.6455
1.64726
1.65684
1.65696
1.67355
1.68995
1.70148
1.70585
1.71178
1.71076
1.72077
1.72676
1.72342
1.72269
1.74421
1.75845
1.76548
1.78478
1.78918
1.79886
1.80809
1.79695
1.8105
1.81135
1.8151
1.82899
1.83372
1.84568
1.85093
1.84514
1.84826
1.85177
1.86321
1.8771
1.88584
1.89284
1.90937
1.90542
1.92016
1.93224
1.97133
1.98824
1.99655
2.01187
2.02006
2.03693
2.05526
2.08107
2.09389
2.0986
2.10154
2.11955
2.12148
2.12985
2.14446
2.16105
2.16213
2.15905
2.16781
2.171
2.17268
2.18073
2.16495
2.13144
2.12336
2.10235
2.06422
2.05328
2.04229
2.03798
2.02587
2.00741
2.00026
1.98286
1.96174
1.95647
1.92047
1.90053
1.88241
1.86946
1.85558
1.83447
1.83635
1.8358
1.82114
1.81462
1.81557
1.77697
1.76355
1.74481
1.72693
1.70551
1.68993
1.66489
1.66257
1.6406
1.62531
1.59504
1.55937
1.54315
1.52559
1.4895
1.47692
1.46008
1.4275
1.416
1.39723
1.37881
1.36636
1.35771
1.33376
1.32145
1.30999
1.28535
1.25845
1.23846
1.21972
1.21141
1.20516
1.19626
1.17713
1.1697
1.14858
1.13526
1.13513
1.12831
1.1011
1.09963
1.08943
1.07514
1.06395
1.058
1.04013
1.02712
1.04242
1.06516
1.0722
1.07928
1.07971
1.07859
1.07461
1.06581
1.04827
1.03849
1.05217
1.05974
1.07947
1.10001
1.09924
1.11437
1.13533
1.15889
1.18554
1.19935
1.19468
1.19506
1.19118
1.19502
1.19862
1.2259
1.23557
1.23278
1.23559
1.25037
1.26408
1.28595
1.29305
1.29284
1.30604
1.30502
1.31777
1.31309
1.31341
1.32739
1.32014
1.32753
1.34629
1.351
1.36595
1.38089
1.38546
1.39723
1.41469
1.42406
1.43135
1.43142
1.44238
1.45943
1.46293
1.47279
1.48625
1.4846
1.48953
1.48933
1.51039
1.5266
1.51213
1.52184
1.51866
1.53755
1.53734
1.55369
1.57081
1.58304
1.59278
1.60421
1.61961
1.6462
1.65381
1.68163
1.69511
1.69501
1.69616
1.70738
1.72719
1.73629
1.76441
1.77349
1.77475
1.77134
1.77767
1.7741
1.77607
1.76825
1.77397
1.78251
1.77868
1.7789
1.78747
1.78512
1.7929
1.79598
1.81232
1.81707
1.83118
1.82774
1.82694
1.8348
1.84566
1.83525
1.84533
1.85285
1.86765
1.87969
1.89077
1.91682
1.92204
1.95967
1.97329
1.996
1.99804
2.00049
2.00801
2.01469
2.03192
2.04109
2.02945
2.03727
2.03949
2.0642
2.07043
2.06711
2.08323
2.08572
2.0774
2.09539
2.12018
2.13619
2.14167
2.14005
2.12927
2.11894
2.10835
2.08416
2.05714
2.03941
2.02519
2.00917
2.00623
1.97688
1.95968
1.94666
1.92641
1.91522
1.91983
1.8981
1.87329
1.8619
1.8416
1.82565
1.81226
1.78903
1.78161
1.76421
1.75486
1.74056
1.73414
1.71192
1.68596
1.659
1.65735
1.66236
1.62859
1.62557
1.59326
1.58163
1.5544
1.52056
1.5044
1.48627
1.47362
1.45315
1.42486
1.41537
1.39943
1.37775
1.36358
1.33825
1.32129
1.31418
1.29238
1.27394
1.2698
1.25816
1.23706
1.22061
1.196
1.17342
1.15482
1.13354
1.12107
1.11508
1.10801
1.09965
1.0739
1.0637
1.04756
1.02315
1.00643
0.985907
0.965655
0.976169
0.992181
1.01455
1.01669
1.01234
1.0165
1.03243
1.041
1.06029
1.07169
1.07039
1.06684
1.07669
1.08635
1.08575
1.09692
1.10329
1.11291
1.13607
1.13297
1.12848
1.14599
1.15794
1.17402
1.16261
1.19021
1.18544
1.1844
1.19382
1.19833
1.20443
1.20856
1.22981
1.24792
1.24951
1.26588
1.27221
1.26807
1.26927
1.28007
1.28114
1.29414
1.29823
1.30567
1.31874
1.32077
1.32763
1.33003
1.3433
1.35025
1.37754
1.37714
1.40274
1.41843
1.4309
1.4457
1.45353
1.46742
1.46956
1.4623
1.45962
1.46553
1.46661
1.44612
1.45123
1.45772
1.48264
1.50442
1.50943
1.52069
1.51433
1.5329
1.53315
1.54282
1.5286
1.54748
1.55098
1.57018
1.5934
1.60688
1.60378
1.6196
1.63142
1.64584
1.64278
1.65479
1.65909
1.65734
1.65687
1.6483
1.64955
1.65989
1.66177
1.65434
1.65179
1.65149
1.6623
1.66224
1.66854
1.68777
1.67809
1.67681
1.68024
1.68795
1.66489
1.66089
1.67066
1.68431
1.6908
1.69616
1.71233
1.71097
1.71309
1.72745
1.72213
1.73594
1.7273
1.73015
1.74503
1.7704
1.77617
1.78698
1.77295
1.75519
1.7831
1.77978
1.7968
1.80818
1.80058
1.8078
1.82021
1.83458
1.829
1.83267
1.84621
1.84875
1.85525
1.87796
1.89832
1.89973
1.91368
1.9407
1.94678
1.97596
1.97126
1.97874
1.98647
2.00044
1.99904
1.99976
2.00651
2.01017
2.01315
2.03158
2.04403
2.04162
2.05368
2.04382
2.05027
2.04918
2.05854
2.06233
2.06735
2.07501
2.08546
2.09211
2.09923
2.11161
2.11558
2.09457
2.08592
2.05935
2.03836
2.02568
1.98993
1.98815
1.98606
1.97349
1.94621
1.93016
1.91288
1.87815
1.85358
1.83161
1.81985
1.81471
1.78845
1.77225
1.75455
1.73709
1.7296
1.71425
1.71463
1.69401
1.68133
1.69831
1.66614
1.65367
