###  Units are X_hat = 1.73cm.
0.223607
0.202347
0.184506
0.17132
0.162096
0.152558
0.146781
0.141436
0.140019
0.13574
0.132671
0.130408
0.130307
0.126792
0.127316
0.125994
0.124586
0.122945
0.12335
0.120689
0.11983
0.12318
0.123091
0.12352
0.123066
0.124057
0.123573
0.122358
0.123823
0.124269
0.125074
0.12589
0.124313
0.123141
0.122191
0.124474
0.124919
0.125717
0.124704
0.124638
0.12527
0.126077
0.123521
0.123413
0.124161
0.123939
0.124371
0.124892
0.12323
0.124274
0.124306
0.123466
0.123423
0.124895
0.123359
0.123627
0.125406
0.123085
0.122755
0.123506
0.124182
0.124859
0.123078
0.123877
0.122567
0.121881
0.122239
0.122549
0.124429
0.125482
0.126669
0.125224
0.123883
0.123695
0.123505
0.124444
0.124106
0.122365
0.122733
0.123368
0.123413
0.124583
0.123443
0.1236
0.124636
0.1245
0.124776
0.123546
0.123638
0.124843
0.124415
0.124627
0.123596
0.123666
0.124761
0.125503
0.125682
0.125723
0.127931
0.126128
0.125739
0.122361
0.120083
0.120218
0.120261
0.118827
0.117972
0.117802
0.117277
0.117314
0.117159
0.115791
0.114161
0.113099
0.114815
0.115666
0.117004
0.119021
0.117363
0.118048
0.117265
0.11703
0.116033
0.116939
0.11766
0.117397
0.114937
0.115096
0.116508
0.118435
0.120607
0.117197
0.117035
0.118041
0.117815
0.118829
0.118324
0.119411
0.118509
0.117124
0.116757
0.117071
0.115544
0.115626
0.113754
0.11362
0.114285
0.115743
0.117296
0.117276
0.115457
0.11395
0.113699
0.115617
0.113508
0.114375
0.115273
0.116292
0.117805
0.116988
0.116476
0.117422
0.117024
0.117279
0.116483
0.118361
0.117534
0.117808
0.117104
0.117167
0.117312
0.115825
0.118431
0.119136
0.116635
0.1167
0.115223
0.117424
0.118313
0.117529
0.115608
0.115018
0.117209
0.118293
0.119272
0.121136
0.119468
0.119598
0.121128
0.118761
0.119767
0.120692
0.120284
0.119957
0.117673
0.119109
0.118569
0.119696
0.119242
0.118026
0.11747
0.118172
0.117991
0.115603
0.117501
0.11514
0.114804
0.114886
0.116321
0.117399
0.117842
0.118078
0.11641
0.116504
0.117736
0.116367
0.116815
0.116884
0.116867
0.116616
0.116292
0.117981
0.119661
0.119333
0.119687
0.120152
0.120156
0.12044
0.120926
0.120331
0.119645
0.120409
0.119685
0.120561
0.120775
0.120326
0.119818
0.118486
0.119514
0.11931
0.119506
0.120081
0.120575
0.121503
0.119716
0.119458
0.118555
0.119271
0.11951
0.120514
0.119949
0.119925
0.118101
0.11597
0.116219
0.118194
0.119886
0.121141
0.120455
0.120416
0.121505
0.121456
0.121172
0.12203
0.123126
0.123265
0.123021
0.120851
0.121231
0.120216
0.121741
0.121753
0.122173
0.11841
0.119461
0.119138
0.120955
0.12059
0.120198
0.119532
0.118586
0.120054
0.12082
0.12107
0.118683
0.119991
0.120336
0.122315
0.12241
0.120242
0.119464
0.119753
0.119517
0.120805
0.118959
0.118117
0.118702
0.11927
0.119438
0.118309
0.118387
0.11912
0.119246
0.119249
0.121593
0.123462
0.121395
0.121987
0.122719
0.122456
0.122991
0.124376
0.125579
0.124716
0.124152
0.122625
0.120842
0.119549
0.118638
0.11751
0.112785
0.11177
0.111289
0.109612
0.111345
0.111486
0.110874
0.109762
0.10952
0.109109
0.108323
0.109964
0.109501
0.10876
0.109155
0.110119
0.112487
0.110947
0.111071
0.112204
0.11556
0.115217
0.114671
0.112854
0.110437
0.109224
0.111064
0.109049
0.110671
0.112431
0.112639
0.112157
0.113213
0.111381
0.1123
0.111521
0.11044
0.110931
0.112805
0.112954
0.114133
0.111986
0.113065
0.11429
0.110886
0.113848
0.115168
0.116298
0.115228
0.115985
0.116441
0.11628
0.116042
0.115236
0.115811
0.115423
0.117435
0.117395
0.119824
0.117522
0.117652
0.116992
0.115821
0.11352
0.113112
0.114869
0.11816
0.118743
0.118506
0.118743
0.117569
0.11728
0.117467
0.116158
0.115065
0.116577
0.115533
0.114601
0.116465
0.11671
0.119914
0.11934
0.118979
0.119428
0.119881
0.12
0.120172
0.120013
0.120226
0.121458
0.120539
0.119872
0.118908
0.118615
0.119863
0.119932
0.121522
0.120927
0.118738
0.118939
0.1188
0.117931
0.1179
0.117581
0.119735
0.121512
0.120279
0.119477
0.117925
0.120064
0.121289
0.119866
0.119669
0.120644
0.122394
0.120068
0.120583
0.120486
0.120662
0.122224
0.123363
0.122287
0.12136
0.121885
0.121626
0.122375
0.122238
0.121194
0.11981
0.120939
0.119595
0.120825
0.120238
0.122368
0.121423
0.122647
0.122652
0.121701
0.120472
0.122816
0.122999
0.121422
0.121658
0.121958
0.120887
0.120343
0.119353
0.121361
0.12237
0.122879
0.121353
0.120144
0.12206
0.121448
0.122315
0.120682
0.119317
0.118472
0.117269
0.116246
0.117127
0.11895
0.119127
0.118446
0.118674
0.119787
0.121818
0.12265
0.125039
0.124264
0.123068
0.124269
0.122578
0.124703
0.124794
0.12252
0.119815
0.119696
0.120561
0.122465
0.121988
0.121874
0.121438
0.120462
0.120184
0.121606
0.122586
0.123022
0.122937
0.122276
0.124981
0.123725
0.124269
0.125329
0.122971
0.123381
0.122734
0.119744
0.119624
0.120933
0.119685
0.120779
0.119026
0.118671
0.116093
0.114303
0.113555
0.113516
0.110903
0.113423
0.112428
0.110596
0.110283
0.108991
0.109677
0.10835
0.109863
0.112589
0.111677
0.112921
0.113578
0.11502
0.116043
0.114592
0.11503
0.112002
0.112184
0.11181
0.111066
0.111082
0.111476
0.112673
0.113073
0.112521
0.111665
0.112424
0.113643
0.114248
0.114704
0.116686
0.116644
0.115467
0.115081
0.114376
0.115562
0.115103
0.11546
0.114375
0.11288
0.113016
0.114258
0.115253
0.116655
0.118779
0.119047
0.119261
0.117611
0.117862
0.118001
0.116715
0.115008
0.114126
0.11523
0.117106
0.116652
0.118441
0.118771
0.119947
0.118145
0.119113
0.117062
0.118249
0.116671
0.116616
0.115692
0.116418
0.117537
0.117942
0.118733
0.122654
0.122054
0.121686
0.122159
0.123097
0.119137
0.119355
0.119967
0.119861
0.117544
0.117705
0.117794
0.119653
0.118661
0.120358
0.120572
0.121588
0.120162
0.118948
0.118787
0.119254
0.119612
0.12041
0.119321
0.120746
0.122141
0.123151
0.121464
0.121206
0.11865
0.117093
0.118642
0.117431
0.11686
0.117297
0.119166
0.120099
0.12077
0.120593
0.120962
0.120659
0.120634
0.120062
0.120843
0.121686
0.12106
0.120123
0.118879
0.11863
0.119203
0.119364
0.120148
0.118927
0.11796
0.118899
0.120721
0.121855
0.12135
0.120983
0.120071
0.119906
0.119763
0.120872
0.122178
0.12299
0.12318
0.123402
0.122733
0.121384
0.122845
0.122798
0.122419
0.12149
0.119998
0.121334
0.121729
0.121332
0.121536
0.121093
0.119866
0.120556
0.121394
0.121174
0.122009
0.122649
0.120261
0.122074
0.122226
0.122064
0.120104
0.122061
0.123956
0.125423
0.122756
0.121554
0.120116
0.121325
0.119994
0.121165
0.118957
0.117178
0.118912
0.119774
0.119872
0.12017
0.12139
0.120983
0.119386
0.117612
0.119848
0.121053
0.121345
0.122199
0.12094
0.119956
0.11962
0.119862
0.119858
0.120228
0.120043
0.119956
0.123421
0.123155
0.125361
0.124191
0.126034
0.126339
0.124126
0.12208
0.120626
0.120559
0.121264
0.120395
0.118946
0.117757
0.117052
0.114817
0.114213
0.113884
0.115131
0.115347
0.115838
0.117067
0.116162
0.117958
0.117757
0.116808
0.114146
0.11412
0.111333
0.111353
0.112694
0.114285
0.11279
0.113226
0.113189
0.112178
0.113101
0.113439
0.115177
0.114623
0.115307
0.114445
0.112197
0.111594
0.11213
0.11158
0.112761
0.114635
0.113242
0.11195
0.112007
0.111454
0.112398
0.113116
0.114632
0.116023
0.114775
0.117044
0.117215
0.117
0.115893
0.116895
0.116442
0.116581
0.117606
0.118057
0.116647
0.115751
0.115352
0.116296
0.115791
0.115534
0.113633
0.11427
0.116119
0.116427
0.116517
0.117031
0.117041
0.117853
0.117018
0.11791
0.119112
0.119617
0.120084
0.119944
0.120412
0.118398
0.117536
0.118697
0.117679
0.116246
0.116809
0.11746
0.118355
0.119118
0.118387
0.117544
0.117658
0.117508
0.118742
0.11853
0.119636
0.119059
0.119458
0.119108
0.118854
0.120086
0.12029
0.122685
0.123479
0.121288
0.12055
0.120108
0.118776
0.118072
0.117423
0.118597
0.120944
0.122339
0.122655
0.119832
0.119125
0.118477
0.118904
0.120551
0.120249
0.120246
0.118816
0.118933
0.119594
0.119609
0.120755
0.120006
0.120526
0.122114
0.12037
0.121865
0.119732
0.119385
0.120022
0.120449
0.120085
0.118205
0.119966
0.119123
0.120716
0.119346
0.118334
0.119804
0.120242
0.120198
0.120691
0.123009
0.122176
0.123575
0.121824
0.122234
0.121177
0.120866
0.12051
0.12189
0.120927
0.121452
0.120295
0.119594
0.118602
0.115977
0.117603
0.118742
0.11853
0.12062
0.118718
0.119548
0.120976
0.120861
0.120839
0.120486
0.121421
0.122472
0.121836
0.12076
0.118296
0.12046
0.118774
0.119716
0.120991
0.12175
0.121141
0.121253
0.121663
0.122492
0.122154
0.120752
0.120522
0.117909
0.119784
0.119578
0.118187
0.118396
0.116777
0.117133
0.117153
0.116972
0.11695
0.118356
0.119814
0.119067
0.119388
0.12083
0.119448
0.118822
0.118975
0.119474
0.12076
0.121164
0.119898
0.117216
0.116697
0.118179
0.118475
0.118981
0.120303
0.121106
0.121274
0.119424
0.120058
0.121021
0.121253
0.121837
0.124408
0.124508
0.122714
0.122132
0.120707
0.12126
0.122526
0.120916
0.122572
0.122711
0.123166
0.124122
0.124482
0.12517
0.124664
0.122989
0.122214
0.123166
0.12237
0.1247
0.122187
0.125156
0.122303
0.119845
0.118579
0.116636
0.11555
0.114982
0.113896
0.114327
0.114498
0.115055
0.113286
0.114481
0.113529
0.112605
0.112326
0.112503
0.111127
0.110871
0.110346
0.110159
0.111049
0.111953
0.114105
0.114257
0.113467
0.112912
0.112719
0.114371
0.115392
