###  Units are X_hat = 1.73cm.
0	0
0.05	0.017552
0.1	0.033671
0.15	0.048634
0.2	0.0626558
0.25	0.0759609
0.3	0.0886889
0.35	0.100958
0.4	0.112853
0.45	0.124423
0.5	0.135772
0.55	0.146938
0.6	0.157977
0.65	0.168943
0.7	0.179815
0.75	0.190599
0.8	0.201293
0.85	0.211931
0.9	0.222589
0.95	0.233223
1	0.243814
1.05	0.254409
1.1	0.264917
1.15	0.275433
1.2	0.28595
1.25	0.296494
1.3	0.307019
1.35	0.317519
1.4	0.327959
1.45	0.338436
1.5	0.348892
1.55	0.359366
1.6	0.3699
1.65	0.380431
1.7	0.390998
1.75	0.401559
1.8	0.412115
1.85	0.422656
1.9	0.433199
1.95	0.443724
2	0.454259
2.05	0.464856
2.1	0.475375
2.15	0.485888
2.2	0.496361
2.25	0.506846
2.3	0.517367
2.35	0.527868
2.4	0.538371
2.45	0.548887
2.5	0.559435
2.55	0.57004
2.6	0.580591
2.65	0.59114
2.7	0.601777
2.75	0.612401
2.8	0.623068
2.85	0.633731
2.9	0.644381
2.95	0.655066
3	0.665782
3.05	0.676451
3.1	0.687046
3.15	0.697653
3.2	0.708298
3.25	0.718957
3.3	0.729578
3.35	0.740225
3.4	0.750844
3.45	0.761424
3.5	0.772009
3.55	0.782655
3.6	0.793296
3.65	0.803967
3.7	0.814597
3.75	0.825224
3.8	0.835855
3.85	0.846439
3.9	0.857062
3.95	0.867628
4	0.878105
4.05	0.888516
4.1	0.898871
4.15	0.909197
4.2	0.919469
4.25	0.929757
4.3	0.940017
4.35	0.950237
4.4	0.960403
4.45	0.97063
4.5	0.980879
4.55	0.991122
4.6	1.00138
4.65	1.0117
4.7	1.02198
4.75	1.0322
4.8	1.04235
4.85	1.05252
4.9	1.0627
4.95	1.0729
5	1.08313
