###  Units are X_hat = 1.73cm.
-5	0
-4.99468	0.00531096
-4.98909	0.0108459
-4.98331	0.0163634
-4.97845	0.0219802
-4.97297	0.0278537
-4.96728	0.0339639
-4.96083	0.0400704
-4.95399	0.0460695
-4.94829	0.052007
-4.94229	0.0582067
-4.9366	0.0647109
-4.93068	0.0716767
-4.92492	0.0797257
-4.91929	0.0879681
-4.91354	0.0960548
-4.90804	0.103667
-4.90283	0.11123
-4.89606	0.119524
-4.88993	0.128103
-4.88417	0.136383
-4.87848	0.14512
-4.87269	0.152448
-4.86662	0.159988
-4.86136	0.167778
-4.85472	0.175967
-4.84821	0.183822
-4.8424	0.191293
-4.83726	0.19764
-4.83176	0.204569
-4.82617	0.211007
-4.82051	0.217658
-4.81502	0.225354
-4.80945	0.233024
-4.80241	0.241284
-4.79595	0.249369
-4.78954	0.257305
-4.78396	0.264883
-4.77843	0.272471
-4.77264	0.279646
-4.76674	0.286895
-4.76125	0.295215
-4.75575	0.302047
-4.74965	0.308677
-4.74226	0.314421
-4.73423	0.320046
-4.72586	0.325957
-4.71783	0.331117
-4.70969	0.335955
-4.70162	0.340664
-4.69492	0.345444
-4.68774	0.351244
-4.68164	0.355785
-4.67529	0.360219
-4.66827	0.366325
-4.66132	0.372227
-4.65414	0.379023
-4.64713	0.385805
-4.64049	0.39233
-4.63455	0.399385
-4.6281	0.407399
-4.62067	0.414972
-4.61342	0.420969
-4.60609	0.426995
-4.59919	0.433443
-4.59283	0.439931
-4.58571	0.445918
-4.5785	0.452289
-4.57136	0.45794
-4.56444	0.462505
-4.55733	0.466865
-4.55025	0.472114
-4.54289	0.47725
-4.53558	0.482819
-4.52804	0.48755
-4.51941	0.492494
-4.51113	0.497047
-4.50293	0.500245
-4.49538	0.503454
-4.48768	0.507516
-4.48007	0.51143
-4.47236	0.515369
-4.46479	0.519132
-4.45737	0.523039
-4.45033	0.526342
-4.44353	0.530338
-4.43644	0.534398
-4.42773	0.538703
-4.41939	0.541932
-4.41167	0.546116
-4.40422	0.550849
-4.39641	0.555883
-4.38821	0.561619
-4.37926	0.569019
-4.37033	0.576084
-4.36161	0.581996
-4.3522	0.586746
-4.34297	0.591592
-4.33417	0.595991
-4.32489	0.600897
-4.31651	0.605738
-4.30822	0.610373
-4.29965	0.614765
-4.29079	0.618331
-4.28175	0.621875
-4.27263	0.624689
-4.26336	0.62759
-4.25393	0.630792
-4.24438	0.634256
-4.23505	0.636987
-4.22453	0.640145
-4.21359	0.642459
-4.20193	0.644782
-4.19052	0.64707
-4.17959	0.649654
-4.16921	0.652264
-4.15906	0.653979
-4.14832	0.655118
-4.13809	0.656281
-4.12819	0.657847
-4.11757	0.659259
-4.1077	0.66149
-4.0989	0.664133
-4.09048	0.66713
-4.08139	0.669943
-4.07064	0.672931
-4.05983	0.675614
-4.04929	0.678156
-4.03844	0.679598
-4.02798	0.681634
-4.01755	0.68441
-4.00721	0.687295
-3.99659	0.689901
-3.98638	0.692469
-3.97626	0.695932
-3.96638	0.699391
-3.95664	0.70244
-3.94637	0.704311
-3.93637	0.706223
-3.92708	0.708528
-3.91785	0.711024
-3.90971	0.714189
-3.90208	0.717486
-3.89393	0.719902
-3.88558	0.722244
-3.87734	0.724905
-3.8683	0.726379
-3.86032	0.727677
-3.85194	0.729258
-3.8423	0.730127
-3.83263	0.731051
-3.823	0.731912
-3.81289	0.733319
-3.80395	0.733145
-3.79484	0.733538
-3.78553	0.733871
-3.77639	0.73398
-3.76874	0.733816
-3.76081	0.733666
-3.75255	0.73435
-3.74414	0.734955
-3.73551	0.735557
-3.72847	0.737858
-3.72164	0.74014
-3.71441	0.742617
-3.70733	0.745063
-3.69963	0.746755
-3.69287	0.748366
-3.68519	0.750525
-3.67756	0.754116
-3.66982	0.757755
-3.66042	0.761188
-3.65108	0.764455
-3.6418	0.767846
-3.63303	0.771103
-3.62396	0.774691
-3.61594	0.778605
-3.60845	0.78294
-3.60188	0.787084
-3.59526	0.791122
-3.588	0.794773
-3.58076	0.80037
-3.57288	0.805214
-3.56465	0.810175
-3.55528	0.814013
-3.5456	0.817449
-3.53598	0.820749
-3.52641	0.824806
-3.51762	0.82874
-3.50839	0.83259
-3.49923	0.836734
-3.48986	0.840887
-3.48068	0.844946
-3.47155	0.848827
-3.46236	0.85178
-3.4533	0.855586
-3.44347	0.859124
-3.4334	0.863003
-3.42343	0.866438
-3.41374	0.869635
-3.40358	0.873205
-3.39523	0.876315
-3.38659	0.879189
-3.3784	0.881555
-3.37047	0.884404
-3.36236	0.887275
-3.3546	0.890293
-3.3473	0.892811
-3.33975	0.895411
-3.33174	0.898558
-3.32368	0.902374
-3.31552	0.905981
-3.3069	0.909193
-3.29785	0.912613
-3.28881	0.916023
-3.27981	0.919185
-3.27047	0.923336
-3.26133	0.927264
-3.25206	0.931289
-3.24341	0.936391
-3.23436	0.940509
-3.22513	0.944598
-3.21612	0.948869
-3.20713	0.952675
-3.19758	0.955068
-3.18817	0.957344
-3.17898	0.959688
-3.16984	0.961915
-3.15988	0.965432
-3.15093	0.969601
-3.14309	0.97371
-3.13513	0.977982
-3.12717	0.982259
-3.11842	0.986621
-3.11003	0.990628
-3.10004	0.995731
-3.09174	1.00205
-3.08371	1.00819
-3.07592	1.01465
-3.06817	1.02162
-3.06088	1.0288
-3.05288	1.03528
-3.044	1.04253
-3.03558	1.04899
-3.02723	1.05439
-3.0189	1.0598
-3.01025	1.06534
-3.00145	1.07092
-2.99274	1.07641
-2.98242	1.08292
-2.97287	1.08918
-2.96369	1.09521
-2.95561	1.10034
-2.94755	1.10549
-2.93896	1.11097
-2.93076	1.11715
-2.92345	1.12371
-2.91787	1.12976
-2.91153	1.13407
-2.9043	1.1386
-2.89683	1.14313
-2.88951	1.14768
-2.88164	1.15222
-2.87264	1.15749
-2.86368	1.16214
-2.8552	1.16459
-2.84527	1.16676
-2.83512	1.16948
-2.82468	1.17083
-2.81467	1.1705
-2.80467	1.17018
-2.7949	1.17038
-2.78518	1.171
-2.77612	1.1722
-2.767	1.1734
-2.75781	1.17412
-2.74813	1.17488
-2.73839	1.17721
-2.72839	1.18001
-2.72024	1.18392
-2.71222	1.18831
-2.70266	1.19306
-2.69362	1.19773
-2.6843	1.20264
-2.67441	1.20657
-2.66698	1.20938
-2.65961	1.21205
-2.65228	1.21456
-2.64401	1.2166
-2.63551	1.21894
-2.62686	1.2216
-2.61782	1.22402
-2.60855	1.22421
-2.59915	1.22428
-2.59057	1.22374
-2.58165	1.22306
-2.57216	1.22247
-2.56277	1.22169
-2.5536	1.22048
-2.54507	1.2196
-2.53526	1.21912
-2.52474	1.21887
-2.51402	1.21879
-2.50318	1.21873
-2.49134	1.21905
-2.48089	1.21854
-2.47075	1.21835
-2.46044	1.2186
-2.45052	1.21786
-2.44075	1.21786
-2.4305	1.2183
-2.42058	1.21878
-2.4104	1.21936
-2.39989	1.21964
-2.38931	1.2188
-2.37949	1.21794
-2.36966	1.21666
-2.35978	1.21529
-2.34986	1.21392
-2.34008	1.21243
-2.32922	1.21036
-2.31708	1.2098
-2.30585	1.2091
-2.29512	1.20931
-2.2847	1.20944
-2.27516	1.20972
-2.26582	1.21021
-2.25693	1.21048
-2.2481	1.21139
-2.23907	1.21235
-2.22934	1.21301
-2.21941	1.21426
-2.2093	1.21516
-2.19906	1.21585
-2.1885	1.21623
-2.17858	1.21646
-2.16871	1.21673
-2.15881	1.21703
-2.14893	1.21709
-2.14003	1.21713
-2.13152	1.21714
-2.1231	1.21751
-2.11433	1.21883
-2.10573	1.22033
-2.09632	1.22189
-2.08706	1.22355
-2.07753	1.22473
-2.06874	1.22559
-2.06102	1.22654
-2.05275	1.22845
-2.0443	1.23019
-2.03574	1.23198
-2.02666	1.23334
-2.01694	1.23577
-2.00726	1.23811
-1.99649	1.24009
-1.98553	1.24201
-1.97481	1.24417
-1.96369	1.2469
-1.9516	1.24896
-1.93939	1.25088
-1.92811	1.25249
-1.91712	1.2538
-1.90664	1.25546
-1.89677	1.25755
-1.88779	1.26009
-1.87887	1.26261
-1.87018	1.26621
-1.86095	1.27009
-1.85202	1.27463
-1.84278	1.27848
-1.83339	1.28274
-1.824	1.28689
-1.81456	1.29095
-1.80528	1.2951
-1.79584	1.29907
-1.78647	1.30297
-1.77762	1.30711
-1.76908	1.31097
-1.76221	1.3147
-1.75505	1.31764
-1.74702	1.32039
-1.73845	1.32287
-1.72952	1.32513
-1.71983	1.32724
-1.71099	1.32881
-1.70217	1.33057
-1.6933	1.33201
-1.68519	1.33223
-1.67711	1.33211
-1.66819	1.33206
-1.65972	1.33148
-1.65159	1.33086
-1.64267	1.33079
-1.63307	1.32999
-1.62338	1.32929
-1.61339	1.32856
-1.60367	1.32808
-1.59385	1.32778
-1.58366	1.32792
-1.57353	1.32843
-1.56341	1.3286
-1.55443	1.3293
-1.54547	1.32998
-1.53557	1.3291
-1.52693	1.32919
-1.51768	1.32933
-1.50824	1.33138
-1.49819	1.33307
-1.48755	1.3345
-1.47721	1.33599
-1.46684	1.33644
-1.45588	1.33668
-1.44446	1.33684
-1.43292	1.3374
-1.42264	1.33797
-1.4129	1.33791
-1.40332	1.33804
-1.39373	1.33826
-1.38364	1.33962
-1.37354	1.34059
-1.36448	1.34151
-1.35487	1.34262
-1.34532	1.34381
-1.33557	1.34557
-1.32562	1.34603
-1.31538	1.34648
-1.30513	1.34705
-1.29457	1.34776
-1.2842	1.34882
-1.27478	1.35047
-1.26427	1.35187
-1.25242	1.35251
-1.24079	1.35309
-1.23006	1.35351
-1.22011	1.3539
-1.20914	1.3527
-1.19927	1.35167
-1.18977	1.35079
-1.18115	1.35006
-1.17152	1.34983
-1.16273	1.34967
-1.15381	1.34949
-1.14515	1.35
-1.13634	1.35053
-1.12733	1.35103
-1.11792	1.3511
-1.10826	1.35081
-1.09809	1.35063
-1.08846	1.35041
-1.07948	1.35041
-1.06996	1.35118
-1.06026	1.35192
-1.05048	1.35249
-1.04045	1.35195
-1.03076	1.35071
-1.02155	1.34952
-1.01234	1.34811
-1.00447	1.34695
-0.997058	1.34597
-0.98908	1.34481
-0.981376	1.34355
-0.973355	1.34254
-0.965666	1.34216
-0.957372	1.34132
-0.949622	1.34055
-0.941128	1.33981
-0.932787	1.33864
-0.923656	1.33842
-0.914772	1.33863
-0.905415	1.33985
-0.895505	1.34082
-0.886092	1.34196
-0.876691	1.34318
-0.867217	1.34364
-0.857635	1.34424
-0.848928	1.34504
-0.841029	1.34826
-0.832614	1.35187
-0.82503	1.35539
-0.816791	1.35771
-0.808672	1.35998
-0.800456	1.36261
-0.792406	1.36615
-0.783354	1.36937
-0.776594	1.37428
-0.76971	1.37934
-0.763457	1.38468
-0.757093	1.38874
-0.750283	1.39277
-0.743378	1.39687
-0.736441	1.40115
-0.730014	1.40615
-0.723327	1.41142
-0.715185	1.41769
-0.706	1.4235
-0.697295	1.42977
-0.688611	1.43572
-0.679396	1.4412
-0.671154	1.44711
-0.662821	1.45378
-0.654322	1.46069
-0.644841	1.46772
-0.635193	1.47438
-0.625495	1.48136
-0.615927	1.48795
-0.605937	1.49461
-0.596034	1.50065
-0.586592	1.50726
-0.576952	1.51232
-0.566105	1.51759
-0.556048	1.52312
-0.546286	1.5285
-0.536761	1.53379
-0.527033	1.53861
-0.51855	1.54311
-0.50989	1.54786
-0.501265	1.55261
-0.492455	1.55689
-0.483163	1.56239
-0.47487	1.5681
-0.466054	1.57373
-0.457593	1.57936
-0.448948	1.58486
-0.440468	1.59094
-0.432213	1.59698
-0.425263	1.60216
-0.418108	1.6073
-0.410731	1.61244
-0.404341	1.61852
-0.398129	1.62429
-0.391727	1.6301
-0.385028	1.63641
-0.378559	1.64289
-0.371777	1.64925
-0.365202	1.65643
-0.358696	1.66361
-0.352515	1.67056
-0.344945	1.6777
-0.33655	1.68446
-0.328434	1.69053
-0.320613	1.69634
-0.312714	1.70154
-0.305098	1.70625
-0.297852	1.71114
-0.290524	1.71609
-0.282919	1.72255
-0.275477	1.7285
-0.268054	1.73488
-0.260149	1.74096
-0.252084	1.74692
-0.244952	1.75261
-0.237898	1.75827
-0.230372	1.76448
-0.223591	1.77044
-0.216233	1.77659
-0.207806	1.78313
-0.199109	1.78977
-0.190672	1.79623
-0.182112	1.80211
-0.173258	1.808
-0.163892	1.81376
-0.154862	1.81967
-0.145945	1.82501
-0.137249	1.83062
-0.129227	1.83507
-0.121221	1.83836
-0.112079	1.84215
-0.103187	1.84645
-0.0944735	1.85184
-0.0856516	1.85617
-0.0768869	1.86078
-0.0687163	1.86422
-0.0600953	1.86748
-0.0519029	1.87051
-0.0434878	1.87327
-0.0349443	1.87416
-0.0263204	1.87512
-0.0175745	1.87615
-0.00700728	1.87633
0.00345673	1.87755
0.0139092	1.87837
0.023505	1.8805
0.0333315	1.88257
0.0432833	1.88541
0.0531904	1.88822
0.0629795	1.89084
0.0731253	1.89396
0.0836869	1.89718
0.0940172	1.90041
0.104056	1.90385
0.113961	1.90743
0.122734	1.91005
0.131252	1.9129
0.139626	1.91461
0.148855	1.91691
0.157915	1.91943
0.166535	1.92242
0.175187	1.92568
0.184255	1.92956
0.193562	1.93406
0.201946	1.9391
0.211521	1.94307
0.219576	1.94717
0.228489	1.9517
0.237241	1.95612
0.24606	1.96053
0.255852	1.96589
0.265082	1.97049
0.274348	1.97435
0.284144	1.97747
0.293523	1.98059
0.302662	1.98369
0.312339	1.98778
0.321944	1.99196
0.33117	1.9959
0.340757	1.99985
0.35044	2.00299
0.359487	2.00655
0.367383	2.00928
0.37548	2.01196
0.383897	2.0153
0.39288	2.01863
0.401888	2.02194
0.410942	2.02552
0.420218	2.02897
0.429068	2.03302
0.438072	2.03678
0.446579	2.03954
0.456398	2.04243
0.465907	2.04421
0.475425	2.04604
0.484825	2.04803
0.493251	2.05039
0.501859	2.0528
0.510392	2.05535
0.519388	2.0575
0.528306	2.05914
0.537072	2.06091
0.545877	2.06342
0.554644	2.06602
0.563917	2.06824
0.572625	2.07003
0.581128	2.07236
0.590042	2.07565
0.598766	2.0788
0.607609	2.08198
0.617027	2.08544
0.627163	2.08735
0.637301	2.08886
0.647395	2.09019
0.657115	2.09093
0.666628	2.09196
0.676029	2.0935
0.685368	2.09496
0.694742	2.09638
0.70357	2.09705
0.712869	2.0976
0.722204	2.09814
0.731477	2.09787
0.741264	2.09722
0.750735	2.09664
0.760139	2.09575
0.768289	2.09463
0.776917	2.09346
0.784986	2.09232
0.792897	2.0909
0.800743	2.08896
0.808546	2.08699
0.817143	2.08509
0.826492	2.08252
0.835836	2.07994
0.845148	2.07739
0.85449	2.07515
0.863907	2.07324
0.873398	2.07108
0.882327	2.06988
0.890706	2.06949
0.898377	2.06872
0.904873	2.06664
0.912171	2.0644
0.919108	2.06093
0.925644	2.05656
0.932488	2.05248
0.939627	2.04827
0.94763	2.04405
0.955434	2.04037
0.962716	2.03694
0.970579	2.03296
0.978732	2.02812
0.985958	2.02255
0.993044	2.0175
1.00099	2.01106
1.00879	2.00453
1.01651	1.99769
1.02444	1.99038
1.03233	1.98376
1.04052	1.9782
1.04851	1.97239
1.05587	1.96494
1.06295	1.95835
1.07112	1.95168
1.07907	1.94501
1.08663	1.93899
1.09425	1.93476
1.10014	1.93056
1.10714	1.92684
1.11336	1.92288
1.11994	1.9186
1.12668	1.91419
1.13275	1.90995
1.13928	1.90487
1.14632	1.89948
1.15314	1.89407
1.15968	1.88869
1.16687	1.88165
1.17439	1.87549
1.18194	1.86933
1.18921	1.86348
1.19615	1.85781
1.2047	1.85221
1.21436	1.84635
1.22348	1.83937
1.23272	1.83243
1.24132	1.82687
1.2498	1.82143
1.25827	1.8159
1.26659	1.81063
1.27353	1.80691
1.28115	1.80272
1.2894	1.79868
1.29715	1.79433
1.30504	1.78978
1.3132	1.78523
1.32156	1.78043
1.32979	1.77567
1.33802	1.77092
1.34618	1.76645
1.35496	1.7625
1.36214	1.75814
1.36848	1.75335
1.3755	1.74877
1.38321	1.74428
1.39073	1.74
1.39931	1.73558
1.4088	1.73128
1.4159	1.72648
1.42314	1.72162
1.43059	1.71621
1.43825	1.71154
1.4462	1.70701
1.45353	1.70291
1.46138	1.69801
1.47083	1.69366
1.48007	1.68953
1.48965	1.68476
1.49979	1.6817
1.5104	1.67799
1.52127	1.6757
1.53212	1.67384
1.54274	1.67237
1.55314	1.67064
1.5637	1.66933
1.57408	1.66778
1.58457	1.66669
1.59466	1.6644
1.60592	1.66165
1.6171	1.65905
1.62789	1.65659
1.63849	1.65388
1.64882	1.65129
1.65958	1.64969
1.66989	1.64807
1.68051	1.64657
1.69084	1.64517
1.70015	1.64485
1.70836	1.6444
1.71711	1.64477
1.72425	1.64641
1.73158	1.64839
1.73907	1.65018
1.74805	1.65219
1.75777	1.65365
1.76744	1.65552
1.77744	1.65709
1.7869	1.65805
1.79648	1.65911
1.80575	1.6608
1.81507	1.66258
1.82416	1.66367
1.83442	1.66419
1.84486	1.66424
1.85537	1.66392
1.86647	1.66461
1.87664	1.6649
1.88563	1.6653
1.89543	1.66486
1.90503	1.66458
1.91466	1.66432
1.92465	1.66318
1.93452	1.66135
1.94384	1.65915
1.95244	1.65709
1.9626	1.65542
1.97333	1.6539
1.98422	1.65278
1.99489	1.6516
2.00554	1.65052
2.01623	1.64933
2.02673	1.64813
2.03769	1.64664
2.04802	1.64527
2.05786	1.64475
2.06818	1.64472
2.0794	1.64436
2.09123	1.64624
2.10304	1.64834
2.11517	1.6492
2.12547	1.65146
2.13562	1.65364
2.14631	1.65572
2.15625	1.6577
2.16565	1.65969
2.17545	1.66186
2.18571	1.66487
2.19527	1.66861
2.20452	1.67317
2.2141	1.67724
2.22348	1.68127
2.23246	1.6853
2.24084	1.68923
2.24836	1.69211
2.25537	1.69479
2.26268	1.69778
2.27018	1.70044
2.27786	1.70255
2.28565	1.70503
2.29302	1.70702
2.29948	1.70932
2.30654	1.71102
2.31436	1.71274
2.32312	1.71484
2.3317	1.71686
2.34016	1.71905
2.34832	1.72151
2.35665	1.72362
2.36514	1.72577
2.37401	1.72799
2.38295	1.73036
2.39188	1.73268
2.4008	1.73638
2.40938	1.74053
2.41884	1.74526
2.4282	1.74994
2.43788	1.75476
2.44753	1.76024
2.45776	1.76491
2.46806	1.7699
2.47766	1.77356
2.48713	1.7769
2.49685	1.77928
2.50647	1.78174
2.51556	1.78378
2.52467	1.78583
2.53367	1.7884
2.54251	1.79084
2.55259	1.79353
2.56246	1.79643
2.57308	1.79992
2.58342	1.80341
2.5926	1.80761
2.60106	1.81103
2.6099	1.81458
2.61874	1.81768
2.62717	1.81984
2.63511	1.82214
2.64441	1.82501
2.65361	1.82701
2.66299	1.82858
2.67261	1.8304
2.68207	1.83273
2.69121	1.83504
2.69947	1.83703
2.70826	1.84015
2.71752	1.84375
2.72699	1.84637
2.73655	1.84877
2.74604	1.8513
2.75548	1.85336
2.76526	1.8553
2.77543	1.8571
2.78709	1.86007
2.79899	1.86261
2.81064	1.86443
2.82239	1.86633
2.83362	1.86784
2.84464	1.86947
2.85558	1.8711
2.86681	1.87156
2.87721	1.87243
2.887	1.87438
2.89734	1.87641
2.90739	1.87974
2.91636	1.88252
2.92461	1.8846
2.93289	1.88686
2.94116	1.88921
2.94906	1.89163
2.95697	1.89392
2.96496	1.89552
2.97171	1.89772
2.97875	1.90009
2.98603	1.90206
2.99436	1.9033
3.00345	1.90412
3.01296	1.9044
3.0225	1.9045
3.03238	1.90462
3.04209	1.90385
3.05127	1.90338
3.06042	1.90297
3.06946	1.90324
3.07803	1.90317
3.08501	1.90317
3.09259	1.90101
3.10037	1.89909
3.10898	1.8974
3.11858	1.89554
3.12822	1.89364
3.13796	1.89178
3.14773	1.89036
3.15748	1.88858
3.16729	1.88679
3.17726	1.88539
3.187	1.88378
3.19725	1.88221
3.2073	1.88078
3.21749	1.87987
3.22778	1.87849
3.23854	1.87649
3.24913	1.87452
3.25948	1.87246
3.26821	1.86994
3.27704	1.86739
3.28536	1.86378
3.29105	1.85968
3.29715	1.85535
3.30329	1.85257
3.30942	1.84902
3.31712	1.84531
3.32534	1.84194
3.33341	1.838
3.34156	1.83401
3.34987	1.82958
3.35816	1.82455
3.36636	1.81954
3.37455	1.81454
3.38195	1.81004
3.38928	1.80586
3.39763	1.80097
3.40594	1.79607
3.41554	1.79034
3.42496	1.78465
3.43397	1.77909
3.44205	1.77401
3.45017	1.76887
3.45825	1.7638
3.468	1.75788
3.47721	1.75123
3.48602	1.74521
3.49394	1.73948
3.50244	1.73373
3.51165	1.72709
3.52065	1.72057
3.52954	1.71423
3.53859	1.70805
3.54646	1.70204
3.55376	1.69612
3.56048	1.68981
3.56773	1.68333
3.57483	1.67682
3.58182	1.67114
3.59025	1.66542
3.59886	1.66049
3.60802	1.65573
3.61722	1.65101
3.62552	1.6457
3.63387	1.64066
3.64165	1.63525
3.65092	1.63049
3.65995	1.62577
3.66942	1.6206
3.67933	1.61704
3.68907	1.61356
3.69888	1.61011
3.70678	1.6068
3.71479	1.60339
3.72306	1.59937
3.73131	1.59525
3.73963	1.58949
3.7476	1.58373
3.75558	1.57681
3.76296	1.57026
3.77098	1.56322
3.77928	1.55675
3.78828	1.55004
3.79749	1.54346
3.8076	1.5378
3.8178	1.53273
3.82775	1.52784
3.83745	1.52256
3.84826	1.51757
3.85852	1.5136
3.86858	1.50957
3.87862	1.50567
3.88882	1.50155
3.89904	1.49776
3.90851	1.49371
3.91788	1.48989
3.927	1.48593
3.93671	1.48199
3.94724	1.47785
3.95772	1.4732
3.96734	1.46807
3.97689	1.46368
3.9861	1.45949
3.99526	1.45523
4.0044	1.45071
4.01409	1.44573
4.02431	1.44178
4.03486	1.43817
4.04636	1.43491
4.05575	1.43148
4.06483	1.42921
4.07394	1.42693
4.08313	1.42512
4.09239	1.42327
4.10175	1.42182
4.11116	1.42024
4.11968	1.41907
4.12878	1.41677
4.13846	1.41445
4.14848	1.41174
4.15838	1.40899
4.1684	1.40645
4.17827	1.40348
4.18782	1.39922
4.19605	1.39403
4.2052	1.38925
4.21382	1.38419
4.22235	1.37941
4.23075	1.37413
4.23761	1.36829
4.24492	1.36248
4.2516	1.3569
4.25826	1.35164
4.26424	1.34641
4.27067	1.34084
4.27842	1.33399
4.28558	1.32834
4.29232	1.32265
4.2983	1.31791
4.30389	1.31204
4.31009	1.30665
4.31596	1.30101
4.32186	1.29488
4.32865	1.28875
4.33506	1.28288
4.34219	1.27723
4.34942	1.27167
4.35657	1.26637
4.36419	1.26197
4.37102	1.2581
4.37802	1.25442
4.38467	1.2513
4.39264	1.24779
4.40088	1.24471
4.41015	1.24231
4.41941	1.23989
4.42877	1.23726
4.4378	1.23402
4.44621	1.23121
4.45469	1.22802
4.46303	1.22722
4.47161	1.22633
4.48013	1.22606
4.48882	1.22576
4.49782	1.22643
4.50733	1.22666
4.51675	1.22674
4.52646	1.22737
4.53619	1.22848
4.54599	1.22969
4.55645	1.23141
4.56656	1.23302
4.57758	1.23442
4.58747	1.23515
4.59731	1.23588
4.60688	1.23725
4.61627	1.23853
4.62534	1.23973
4.63436	1.24075
4.64359	1.24272
4.65287	1.24474
4.66196	1.24707
4.67112	1.24917
4.68024	1.25114
4.68941	1.25299
4.6989	1.25469
4.70894	1.2572
4.71669	1.25867
4.72453	1.2605
4.7326	1.26238
4.74209	1.26434
4.7513	1.2672
4.76181	1.27083
4.77214	1.2743
4.78126	1.27606
4.79044	1.27752
4.79978	1.27885
4.80803	1.2791
4.81651	1.27934
4.82501	1.28082
4.83373	1.28209
4.84179	1.28303
4.85158	1.2846
4.86158	1.28621
4.87148	1.28778
4.88219	1.28903
4.89349	1.29054
4.90622	1.29139
4.91779	1.29088
4.92893	1.29015
4.93892	1.28936
4.94764	1.28819
4.9574	1.28576
4.96738	1.28371
4.97728	1.28188
4.98707	1.28009
4.99712	1.27799
5.00637	1.27617
5.01528	1.27397
5.02371	1.27172
5.03219	1.26947
5.04118	1.26635
5.05056	1.26557
5.05913	1.26518
5.06684	1.26491
5.07469	1.26489
5.08326	1.26314
5.09207	1.26008
5.10258	1.25701
5.11311	1.25347
5.12309	1.25075
5.13297	1.24809
5.14269	1.24556
5.15227	1.2442
5.1617	1.24289
5.1706	1.24224
5.1795	1.24163
5.18857	1.24104
5.19676	1.24024
5.20395	1.23765
5.21275	1.2342
5.22227	1.23122
5.23245	1.22786
5.24104	1.22473
5.25022	1.22123
5.25976	1.21738
5.26903	1.21287
5.27812	1.20838
5.28669	1.20377
5.29449	1.20037
5.30233	1.19632
5.31042	1.19228
5.31936	1.18789
5.33013	1.18318
5.34042	1.17886
5.35079	1.1744
5.36024	1.1699
5.36959	1.16548
5.37985	1.16145
5.39013	1.15806
5.40025	1.15483
5.4105	1.15017
5.41989	1.14653
5.42776	1.14345
5.43593	1.14025
5.44417	1.13721
5.45232	1.13383
5.46089	1.13071
5.46912	1.12736
5.4761	1.1252
5.48381	1.12303
5.4914	1.11982
5.49863	1.11718
5.50612	1.1142
5.51398	1.11119
5.52106	1.10821
5.52881	1.10508
5.53661	1.10183
5.54314	1.09918
5.54974	1.09575
5.5559	1.09198
5.56098	1.08813
5.56657	1.08391
5.57245	1.07943
5.57854	1.07468
5.58517	1.06998
5.59204	1.06433
5.60053	1.05818
5.60889	1.05212
5.61718	1.04616
5.62587	1.04098
5.63415	1.03587
5.6432	1.03019
5.65192	1.02403
5.65995	1.01837
5.6683	1.01302
5.67523	1.00856
5.6822	1.00468
5.68941	1.00032
5.69625	0.996126
5.70262	0.991835
5.70872	0.98549
5.71529	0.977136
5.72186	0.969766
5.72844	0.960556
5.73487	0.951664
5.74112	0.942962
5.74713	0.93388
5.75341	0.925798
5.75962	0.917514
5.76477	0.909107
5.77003	0.900562
5.77525	0.892076
5.77961	0.883874
5.78392	0.875396
5.7887	0.867456
5.79415	0.859266
5.7993	0.851483
5.80436	0.843084
5.80921	0.834658
5.81404	0.8262
5.81861	0.817815
5.82285	0.809663
5.82711	0.80175
5.83134	0.793094
5.83605	0.784433
5.84142	0.776184
5.84746	0.767712
5.85362	0.7593
5.85965	0.751182
5.86491	0.742262
5.87012	0.733529
5.87547	0.725308
5.87898	0.716888
5.88288	0.708525
5.8868	0.700111
5.89094	0.691559
5.89484	0.683333
5.8984	0.674948
5.90192	0.66652
5.90505	0.657461
5.90802	0.648675
5.90896	0.638478
5.90989	0.628375
5.9107	0.618042
5.9117	0.608594
5.91278	0.598848
5.91228	0.589463
5.91227	0.580443
5.91249	0.570115
5.91282	0.559922
5.91274	0.54981
5.9126	0.539791
5.91246	0.529851
5.91322	0.519515
5.91527	0.50929
5.91748	0.499806
5.91965	0.489334
5.92123	0.478627
5.9228	0.468262
5.92427	0.458903
5.92616	0.448877
5.92787	0.438219
5.93022	0.427285
5.93249	0.416599
5.9352	0.406574
5.93756	0.397396
5.94014	0.388506
5.94274	0.3796
5.94527	0.371043
5.94777	0.363253
5.95037	0.355345
5.9527	0.346507
5.9549	0.338855
5.95728	0.332269
5.95942	0.325086
5.96166	0.317579
5.96407	0.309473
5.9667	0.301977
5.96837	0.296006
5.97014	0.290456
5.97123	0.284265
5.97211	0.277975
5.97246	0.270969
5.97276	0.263356
5.9731	0.255875
5.97311	0.247765
5.97408	0.239623
5.97524	0.231951
5.97643	0.223987
5.97773	0.214962
5.97875	0.205731
5.9796	0.196729
5.97962	0.187673
5.98037	0.178733
5.98143	0.169401
5.98307	0.159997
5.98468	0.148704
5.9866	0.137396
5.98866	0.126508
5.9895	0.11482
5.99033	0.103125
5.99132	0.0920048
5.99237	0.0817005
5.9941	0.0715825
5.99597	0.0624162
5.9977	0.0534317
5.99961	0.0436058
6.00229	0.0332128
6.00521	0.0215775
6.00806	0.0102543
6.01071	-0.000737248
6.01275	-0.0121626
6.01413	-0.02292
6.01568	-0.0348682
6.01497	-0.046521
6.01479	-0.0572921
6.01446	-0.0674973
6.01402	-0.0775046
6.01401	-0.0871132
6.01374	-0.0973566
6.01325	-0.107926
6.01262	-0.117951
6.01177	-0.127855
6.01106	-0.138053
6.01015	-0.148151
6.00921	-0.158245
6.00803	-0.168595
6.00687	-0.178958
6.00564	-0.188856
6.00444	-0.198748
6.00282	-0.209811
6.00124	-0.22061
5.99988	-0.232189
5.99939	-0.242403
5.99891	-0.252514
5.99819	-0.261284
5.99629	-0.269768
5.9932	-0.277556
5.98996	-0.285733
5.98657	-0.293663
5.98251	-0.302559
5.97832	-0.31195
5.97417	-0.321148
5.96923	-0.330133
5.964	-0.338715
5.95785	-0.349091
5.95109	-0.359541
5.94648	-0.370801
5.94213	-0.381257
5.9379	-0.391423
5.93396	-0.401412
5.9301	-0.411149
5.92642	-0.420562
5.92277	-0.430656
5.91904	-0.440556
5.91529	-0.45026
5.91254	-0.458204
5.91078	-0.466746
5.91007	-0.474225
5.90967	-0.482248
5.90861	-0.490144
5.9073	-0.498899
5.90589	-0.507245
5.90504	-0.51576
5.90432	-0.524018
5.9032	-0.532297
5.90183	-0.540744
5.90012	-0.549427
5.89808	-0.557699
5.89681	-0.566813
5.89576	-0.575019
5.89403	-0.584362
5.89236	-0.593892
5.89051	-0.603497
5.88841	-0.612607
5.88687	-0.621583
5.88614	-0.630802
5.88518	-0.640508
5.88399	-0.650261
5.8829	-0.659841
5.88183	-0.669798
5.88086	-0.679698
5.88004	-0.689978
5.88067	-0.699586
5.88129	-0.70924
5.88188	-0.718933
5.88342	-0.727029
5.88361	-0.736118
5.88358	-0.744822
5.88305	-0.753895
5.88253	-0.763281
5.88223	-0.773215
5.8819	-0.783096
5.88142	-0.793344
5.88177	-0.803456
5.88194	-0.813178
5.88191	-0.822022
5.88205	-0.830581
5.88141	-0.840294
5.8808	-0.849872
5.87971	-0.858762
5.87875	-0.867868
5.8778	-0.877461
5.87722	-0.886995
5.87675	-0.897149
5.87618	-0.90706
5.87637	-0.91785
5.87682	-0.927214
5.8768	-0.936407
5.8768	-0.945689
5.87655	-0.955095
5.87612	-0.964791
5.87569	-0.974345
5.87608	-0.983857
5.87603	-0.992992
5.87675	-1.00218
5.87636	-1.01168
5.87599	-1.02144
5.87642	-1.03051
5.87701	-1.03945
5.877	-1.04838
5.87698	-1.05738
5.87668	-1.06649
5.87603	-1.07596
5.87541	-1.08597
5.87531	-1.09681
5.8751	-1.10819
5.87486	-1.12008
5.87407	-1.13198
5.87329	-1.14385
5.87231	-1.15599
5.87177	-1.16733
5.87075	-1.17871
5.86908	-1.1906
5.86735	-1.20229
5.86566	-1.21292
5.86474	-1.22427
5.86385	-1.23533
5.86287	-1.24597
5.86193	-1.25646
5.86051	-1.26596
5.85914	-1.27587
5.85839	-1.28598
5.85609	-1.29672
5.85407	-1.30695
5.85216	-1.31729
5.84917	-1.32801
5.84663	-1.33842
5.84436	-1.34937
5.84248	-1.36013
5.84037	-1.37145
5.83901	-1.38178
5.83734	-1.39204
5.83549	-1.40277
5.83392	-1.41311
5.83211	-1.42305
5.8304	-1.43343
5.82928	-1.44428
5.82818	-1.45599
5.82712	-1.46755
5.82633	-1.47835
5.82571	-1.48896
5.82494	-1.49914
5.82335	-1.50919
5.82179	-1.51922
5.81887	-1.52878
5.81631	-1.53849
5.81336	-1.54791
5.81032	-1.55667
5.80789	-1.56498
5.80379	-1.57459
5.80139	-1.58312
5.80004	-1.5922
5.79937	-1.60155
5.79927	-1.61027
5.79999	-1.61905
5.8006	-1.62798
5.80134	-1.63672
5.80172	-1.64555
5.80206	-1.65466
5.80306	-1.66337
5.80425	-1.6719
5.80507	-1.68068
5.80634	-1.6885
5.8076	-1.69653
5.80892	-1.70465
5.81044	-1.71352
5.81182	-1.72309
5.8133	-1.73279
5.81399	-1.74185
5.81536	-1.75122
5.81671	-1.76086
5.81721	-1.76989
5.81768	-1.77898
5.8173	-1.78824
5.81714	-1.79603
5.81619	-1.80414
5.81654	-1.81155
5.81714	-1.81913
5.81782	-1.8275
5.81874	-1.83702
5.81869	-1.84644
5.81955	-1.85599
5.81896	-1.86561
5.81803	-1.8751
5.81754	-1.88413
5.81761	-1.89282
5.81759	-1.90178
5.81768	-1.90983
5.81792	-1.91726
5.81951	-1.92553
5.81979	-1.93316
5.82024	-1.94076
5.8208	-1.94832
5.82272	-1.95706
5.82468	-1.96538
5.82656	-1.97363
5.82808	-1.9819
5.8296	-1.98974
5.8308	-1.99858
5.831	-2.00709
5.83111	-2.01498
5.83147	-2.0233
5.83197	-2.03138
5.83145	-2.04018
5.83128	-2.04891
5.83107	-2.05799
5.83083	-2.06709
5.83065	-2.07636
5.83055	-2.08619
5.83038	-2.09587
5.83051	-2.10535
5.83061	-2.11439
5.82962	-2.12485
5.82905	-2.13675
5.82854	-2.14795
5.82707	-2.15928
5.82603	-2.17058
5.8251	-2.18181
5.82419	-2.19346
5.82248	-2.20527
5.82082	-2.21709
5.81928	-2.22786
5.81877	-2.23883
5.81733	-2.24923
5.81589	-2.25956
5.81422	-2.26958
5.81263	-2.27996
5.81094	-2.28969
5.80907	-2.29966
5.80743	-2.30939
5.8057	-2.319
5.80415	-2.32864
5.80251	-2.33771
5.80129	-2.34686
5.79975	-2.35417
5.79786	-2.36157
5.79582	-2.36881
5.7943	-2.37624
5.79313	-2.38375
5.79185	-2.39196
5.79008	-2.39934
5.78823	-2.40715
5.78645	-2.41512
5.785	-2.42272
5.78351	-2.43111
5.78285	-2.44032
5.78191	-2.44968
5.78028	-2.45941
5.77851	-2.46767
5.77589	-2.47712
5.77414	-2.48706
5.772	-2.49685
5.76993	-2.50644
5.76861	-2.51621
5.76765	-2.52594
5.76655	-2.53542
5.76574	-2.54471
5.76577	-2.55402
5.76573	-2.56326
5.76612	-2.57251
5.76769	-2.58278
5.76927	-2.5929
5.77095	-2.6028
5.77244	-2.61205
5.77315	-2.62154
5.77366	-2.63125
5.77384	-2.64164
5.77395	-2.65192
5.77421	-2.66273
5.77455	-2.67348
5.77518	-2.68393
5.77586	-2.69409
5.77666	-2.70401
5.77724	-2.71314
5.7789	-2.72206
5.78057	-2.73137
5.78223	-2.74035
5.78288	-2.74919
5.783	-2.75887
5.78417	-2.7681
5.78533	-2.77737
5.78645	-2.78661
5.78691	-2.79517
5.78704	-2.8048
5.78762	-2.81483
5.78864	-2.82438
5.78966	-2.83393
5.79076	-2.84411
5.79275	-2.85417
5.79475	-2.86404
5.79738	-2.87382
5.80073	-2.88393
5.80418	-2.89426
5.80812	-2.90446
5.8122	-2.9154
5.81598	-2.92588
5.81969	-2.9363
5.82464	-2.94646
5.83007	-2.95527
5.83476	-2.96224
5.83972	-2.96896
5.84462	-2.97695
5.84959	-2.98529
5.85443	-2.99364
5.85929	-3.00203
5.8635	-3.00898
5.86722	-3.01464
5.87119	-3.02075
5.87599	-3.02629
5.88095	-3.03197
5.88594	-3.03729
5.89078	-3.04302
5.89534	-3.04919
5.89967	-3.05541
5.90368	-3.06167
5.90808	-3.06751
5.91272	-3.07364
5.91527	-3.07952
5.91876	-3.08488
5.92168	-3.09043
5.92623	-3.09765
5.93065	-3.1051
5.93461	-3.11301
5.93857	-3.12108
5.94337	-3.12933
5.94814	-3.13665
5.95312	-3.14499
5.95807	-3.15321
5.96248	-3.16159
5.96689	-3.16997
5.97137	-3.17841
5.97553	-3.18625
5.97813	-3.1931
5.98057	-3.1992
5.98398	-3.20499
5.98772	-3.21212
5.99147	-3.21962
5.99531	-3.22653
5.99934	-3.23371
6.00345	-3.24106
6.00827	-3.24914
6.01249	-3.25703
6.01664	-3.26502
6.02084	-3.27315
6.02388	-3.28103
6.02707	-3.28953
6.02959	-3.29829
6.03205	-3.30827
6.03542	-3.31828
6.03792	-3.32783
6.04079	-3.33759
6.0423	-3.34654
6.04387	-3.35585
6.04545	-3.36517
6.04706	-3.37562
6.04807	-3.38487
6.04908	-3.39339
6.05034	-3.40108
6.05146	-3.41065
6.05372	-3.41993
6.05549	-3.42882
6.05676	-3.43685
6.05746	-3.44504
6.05981	-3.45291
6.06295	-3.46023
6.06512	-3.46829
6.06743	-3.47714
6.07052	-3.48495
6.07424	-3.49341
6.07849	-3.50235
6.08305	-3.51112
6.0876	-3.51918
6.09153	-3.5271
6.09536	-3.53603
6.09798	-3.54444
6.10108	-3.55258
6.1038	-3.56096
6.10713	-3.56952
6.1103	-3.57791
6.11342	-3.58642
6.11685	-3.59511
6.11994	-3.6039
6.12314	-3.6129
6.12553	-3.62177
6.1268	-3.63176
6.12787	-3.64165
6.12946	-3.6505
6.13139	-3.65993
6.133	-3.67
6.13417	-3.68046
6.13461	-3.68991
6.13501	-3.69907
6.13481	-3.70787
6.13463	-3.71676
6.13463	-3.72624
6.13357	-3.73608
6.13378	-3.74536
6.13401	-3.75483
6.13373	-3.76518
6.13304	-3.77574
6.13255	-3.78624
6.13224	-3.79635
6.13291	-3.80606
6.13273	-3.81492
6.13255	-3.82407
6.13239	-3.83331
6.13022	-3.842
6.12803	-3.85064
6.12481	-3.85997
6.12138	-3.86993
6.1174	-3.87904
6.11382	-3.88899
6.1105	-3.89849
6.10728	-3.90749
6.10331	-3.91557
6.09959	-3.92379
6.09495	-3.93277
6.09026	-3.9415
6.08662	-3.94959
6.08225	-3.95897
6.07819	-3.9679
6.07427	-3.97681
6.07121	-3.98622
6.06878	-3.99551
6.06608	-4.00478
6.06323	-4.01419
6.05984	-4.02337
6.05733	-4.03233
6.05527	-4.04103
6.05421	-4.04918
6.05323	-4.05926
6.05196	-4.06925
6.0504	-4.07855
6.04947	-4.08709
6.04794	-4.09624
6.04565	-4.10601
6.04276	-4.11614
6.04023	-4.12495
6.03812	-4.13467
6.03607	-4.14453
6.03373	-4.15474
6.03138	-4.16483
6.02851	-4.17493
6.026	-4.1843
6.02422	-4.19405
6.02248	-4.20361
6.02135	-4.21339
6.02018	-4.22344
6.01902	-4.23317
6.01803	-4.24287
6.01652	-4.25323
6.01501	-4.26344
6.01373	-4.27357
6.01273	-4.28321
6.01176	-4.29279
6.01068	-4.3023
6.00931	-4.31197
6.00753	-4.32173
6.00548	-4.33188
6.00342	-4.34181
6.00165	-4.35136
6.00054	-4.36043
6.00085	-4.36961
6.00116	-4.37883
6.00204	-4.38997
6.00293	-4.40097
6.00238	-4.41233
6.00136	-4.42259
6.00106	-4.43307
6.00036	-4.44353
5.99946	-4.45406
5.99779	-4.46546
5.99638	-4.4774
5.99507	-4.48895
5.99472	-4.50005
5.99435	-4.51099
5.99447	-4.5211
5.99459	-4.53112
5.99566	-4.54105
5.99631	-4.54914
5.99713	-4.557
5.99816	-4.56472
5.99923	-4.57276
5.99959	-4.58209
5.99994	-4.59172
6.00024	-4.60063
6.00104	-4.60942
6.00204	-4.61811
6.0031	-4.62699
6.00469	-4.63583
6.00723	-4.6457
6.01085	-4.65602
6.01442	-4.66629
6.01654	-4.676
6.01864	-4.68562
6.02063	-4.69485
6.02219	-4.70382
6.02191	-4.71235
6.02156	-4.72097
6.02105	-4.72962
6.02057	-4.73845
6.02021	-4.74751
6.02021	-4.75702
6.01972	-4.76678
6.01922	-4.77651
6.01785	-4.78578
6.01679	-4.79438
6.01573	-4.80322
6.01465	-4.81281
6.01393	-4.822
6.01335	-4.83125
6.01299	-4.84066
6.01241	-4.85139
6.01152	-4.86182
6.01049	-4.87209
6.00893	-4.88251
6.00689	-4.89233
6.00513	-4.90119
6.00345	-4.91008
6.00299	-4.92034
6.0025	-4.93084
6.001	-4.94242
5.99916	-4.95389
5.99727	-4.96507
5.99556	-4.97619
5.99455	-4.98727
5.99363	-4.99823
5.99327	-5.00857
5.99385	-5.01875
5.99394	-5.0289
5.99329	-5.04054
5.99242	-5.05135
5.99236	-5.06293
5.99314	-5.07448
5.9922	-5.08686
5.99136	-5.09908
5.99051	-5.1125
5.99136	-5.12478
5.99307	-5.13683
5.99464	-5.14846
5.99636	-5.15942
5.9972	-5.17114
5.9985	-5.18277
5.99903	-5.19428
5.99918	-5.20518
5.99893	-5.21599
5.99903	-5.22719
6.00085	-5.23717
6.00266	-5.24694
6.00495	-5.2577
6.00669	-5.26824
6.00695	-5.2796
6.00709	-5.29056
6.00679	-5.30186
6.00583	-5.31478
6.00482	-5.32687
6.00419	-5.33818
6.00361	-5.34874
6.00373	-5.36007
6.00436	-5.37021
6.00448	-5.38012
6.00431	-5.38972
6.00497	-5.39972
6.00515	-5.4097
6.00517	-5.41997
6.00547	-5.42993
6.00536	-5.43978
6.00554	-5.44926
6.00544	-5.4592
6.00471	-5.46932
6.00436	-5.47906
6.00384	-5.48926
6.0041	-5.49919
6.00458	-5.50924
6.00519	-5.51904
6.00603	-5.52913
6.0066	-5.53948
6.00674	-5.54866
6.00715	-5.55924
6.0076	-5.56842
6.00871	-5.5766
6.00973	-5.58507
6.01057	-5.59387
6.01185	-5.60216
6.01327	-5.61052
6.01498	-5.61894
6.01702	-5.62728
6.01837	-5.63657
6.01939	-5.64592
6.02062	-5.65522
6.02217	-5.66474
6.02369	-5.67358
6.02278	-5.68154
6.02072	-5.69041
6.01766	-5.69898
6.01446	-5.70664
6.01118	-5.7145
6.0076	-5.72247
6.00392	-5.73141
6.00005	-5.73981
5.99541	-5.74854
5.99132	-5.75629
5.98752	-5.76518
5.98379	-5.77417
5.97957	-5.7816
5.97518	-5.78965
5.97097	-5.79808
5.9665	-5.80624
5.96184	-5.8149
5.95746	-5.82355
5.95484	-5.83203
5.95215	-5.84061
5.94873	-5.85056
5.94563	-5.85978
5.94254	-5.8687
5.9391	-5.87833
5.93533	-5.88776
5.93076	-5.89804
5.92623	-5.90805
5.92072	-5.91713
5.91484	-5.92536
5.90875	-5.93392
5.90282	-5.94212
5.89732	-5.95007
5.89211	-5.95877
5.88665	-5.96799
5.88215	-5.9776
5.87864	-5.98719
5.87554	-5.99724
5.87199	-6.00743
5.8686	-6.01779
5.86544	-6.02785
5.8625	-6.03813
5.85963	-6.04871
5.85686	-6.05899
5.85426	-6.06897
5.8515	-6.07908
5.84692	-6.08795
5.84244	-6.09652
5.83864	-6.10508
5.83532	-6.11413
5.83138	-6.12287
5.82699	-6.13172
5.82053	-6.13907
5.8141	-6.14635
5.80779	-6.15294
5.80149	-6.15983
5.79492	-6.16681
5.78818	-6.17346
5.78224	-6.18098
5.77543	-6.18824
5.76873	-6.19579
5.76211	-6.20327
5.75567	-6.21241
5.74936	-6.22131
5.74324	-6.22947
5.73717	-6.23754
5.73162	-6.2449
5.72611	-6.25269
5.71918	-6.26066
5.71314	-6.26833
5.70711	-6.2767
5.70079	-6.28516
5.69468	-6.29429
5.68969	-6.30299
5.68439	-6.31206
5.67824	-6.32148
5.67208	-6.33052
5.66623	-6.33939
5.6607	-6.34892
5.65571	-6.35673
5.65073	-6.3645
5.64603	-6.37253
5.64135	-6.3808
5.63584	-6.38917
5.63013	-6.39754
5.6242	-6.40655
5.61838	-6.41551
5.61311	-6.42468
5.60784	-6.43378
5.60246	-6.44225
5.59756	-6.45078
5.59398	-6.45943
5.59026	-6.46774
5.58631	-6.4761
5.58406	-6.48516
5.58196	-6.49434
5.57954	-6.50378
5.57706	-6.51321
5.57458	-6.5226
5.57256	-6.53126
5.57117	-6.53975
5.56992	-6.54823
5.56886	-6.55679
5.56664	-6.56464
5.5643	-6.57262
5.56265	-6.58115
5.56075	-6.59024
5.55834	-6.59973
5.55598	-6.60923
5.55449	-6.61867
5.55289	-6.62843
5.55091	-6.6382
5.55046	-6.64673
5.55009	-6.65525
5.5497	-6.66378
5.54912	-6.67271
5.54836	-6.68184
5.5475	-6.69107
5.54763	-6.70155
5.54724	-6.71218
5.54689	-6.72271
5.5471	-6.73179
5.54722	-6.74098
5.54745	-6.75034
5.54813	-6.75962
5.5487	-6.76952
5.54935	-6.77851
5.55018	-6.78789
5.5513	-6.7967
5.55284	-6.80591
5.55467	-6.81577
5.55669	-6.8255
5.55921	-6.83512
5.56166	-6.84511
5.56425	-6.85496
5.56643	-6.86492
5.56866	-6.87485
5.57095	-6.88484
5.57344	-6.89472
5.57475	-6.90642
5.57538	-6.91835
5.57598	-6.92989
5.57759	-6.94031
5.57949	-6.95225
5.58153	-6.96381
5.58371	-6.97521
5.58628	-6.98682
5.58874	-6.99809
5.59187	-7.00843
5.59571	-7.01847
5.59978	-7.0281
5.60275	-7.03759
5.60563	-7.04774
5.60855	-7.05762
5.61166	-7.06772
5.61489	-7.07783
5.61829	-7.08882
5.62182	-7.09899
5.62552	-7.10848
5.62944	-7.11695
5.63342	-7.12538
5.63753	-7.13436
5.64198	-7.14236
5.64659	-7.14898
5.6509	-7.15535
5.65491	-7.16076
5.65976	-7.16704
5.66443	-7.17278
5.66943	-7.17886
5.67528	-7.18586
5.6808	-7.19305
5.68568	-7.20032
5.69037	-7.20782
5.6949	-7.21502
5.69979	-7.22299
5.70445	-7.2311
5.70919	-7.23893
5.71488	-7.24771
5.71987	-7.25623
5.72522	-7.26458
5.73061	-7.27254
5.73659	-7.27967
5.74254	-7.28706
5.7486	-7.29439
5.75432	-7.30095
5.75967	-7.30779
5.76525	-7.31457
5.771	-7.3214
5.77649	-7.32871
5.78188	-7.33686
5.78805	-7.34504
5.79372	-7.35326
5.79839	-7.36172
5.80424	-7.37025
5.80983	-7.37771
5.81601	-7.38548
5.82236	-7.39308
5.82767	-7.39981
5.83308	-7.40577
5.83893	-7.40985
5.84523	-7.41291
5.85164	-7.41565
5.8585	-7.41857
5.8655	-7.42196
5.87434	-7.42473
5.88423	-7.42713
5.89368	-7.42895
5.90352	-7.4311
5.91343	-7.43295
5.92257	-7.43545
5.93144	-7.43859
5.9404	-7.44204
5.94939	-7.44483
5.95876	-7.44768
5.96904	-7.45125
5.97784	-7.45456
5.98683	-7.45812
5.99651	-7.46239
6.00513	-7.46689
6.0135	-7.47133
6.02116	-7.47556
6.02861	-7.47907
6.03632	-7.48224
6.0442	-7.48549
6.05282	-7.48787
6.06122	-7.49021
6.0697	-7.49255
6.07869	-7.49525
6.08753	-7.49839
6.09618	-7.50228
6.1045	-7.50597
6.11356	-7.50903
6.12321	-7.51134
6.13294	-7.51349
6.143	-7.51655
6.1519	-7.51984
6.16121	-7.523
6.17083	-7.52674
6.18104	-7.53054
6.19112	-7.53432
6.20057	-7.53905
6.21058	-7.5434
6.22067	-7.54797
6.23058	-7.55301
6.24039	-7.55835
6.24917	-7.56444
6.25777	-7.56987
6.26652	-7.57659
6.27539	-7.58415
6.28447	-7.59151
6.29215	-7.59867
6.30003	-7.60669
6.308	-7.6142
6.31515	-7.62227
6.32303	-7.63072
6.33063	-7.63943
6.33775	-7.64694
6.34414	-7.6542
6.34961	-7.66039
6.35522	-7.66663
6.36006	-7.67238
6.36562	-7.67805
6.37123	-7.68385
6.3772	-7.6896
6.3832	-7.69555
6.3896	-7.70176
6.39635	-7.70788
6.40296	-7.71415
6.40881	-7.72062
6.41429	-7.72704
6.41972	-7.73243
6.42543	-7.73767
6.43145	-7.74296
6.43838	-7.74872
6.44546	-7.75455
6.4527	-7.7602
6.45987	-7.76546
6.46708	-7.77075
6.47613	-7.77655
6.4844	-7.78327
6.49218	-7.78996
6.49989	-7.79692
6.50749	-7.8021
6.51472	-7.80753
6.52224	-7.81317
6.52972	-7.81842
6.53705	-7.82318
6.54463	-7.82806
6.55226	-7.83249
6.55938	-7.83744
6.56656	-7.84261
6.57351	-7.84813
6.58005	-7.85348
6.58737	-7.85929
6.59549	-7.86625
6.60335	-7.8731
6.61116	-7.87981
6.61885	-7.88651
6.62653	-7.89307
6.63485	-7.89881
6.64419	-7.90354
6.65339	-7.90769
6.66318	-7.91251
6.67182	-7.91651
6.67966	-7.92161
6.68764	-7.92615
6.69588	-7.93085
6.7042	-7.9348
6.71196	-7.93938
6.71984	-7.94435
6.72776	-7.94933
6.73639	-7.95459
6.74508	-7.95989
6.75322	-7.96562
6.76078	-7.97092
6.7669	-7.97578
6.77225	-7.98062
6.77752	-7.987
6.78242	-7.99327
6.78639	-7.99999
6.79012	-8.00687
6.79428	-8.01331
6.79853	-8.02021
6.80215	-8.02856
6.80547	-8.03692
6.80922	-8.04628
6.8125	-8.05555
6.81572	-8.06489
6.81923	-8.07524
6.823	-8.08563
6.82461	-8.09587
6.82617	-8.10562
6.82929	-8.11479
6.83339	-8.12496
6.83729	-8.13551
6.84069	-8.14592
6.8439	-8.1562
6.8473	-8.16552
6.85149	-8.17478
6.85555	-8.18403
6.86022	-8.19351
6.86422	-8.20449
6.86861	-8.2147
6.87273	-8.22437
6.8766	-8.23364
6.87993	-8.24388
6.88323	-8.25376
6.88603	-8.26292
6.88898	-8.27183
6.89179	-8.2816
6.89513	-8.29079
6.89833	-8.30007
6.90126	-8.30809
6.90387	-8.31603
6.90688	-8.32398
6.9101	-8.33201
6.91296	-8.33907
6.91512	-8.34484
6.91747	-8.35114
6.92086	-8.35801
6.92414	-8.36476
6.9276	-8.37206
6.93146	-8.37984
6.9366	-8.38875
6.94124	-8.39781
6.94602	-8.40602
6.95132	-8.41413
6.95641	-8.42172
6.96153	-8.42937
6.96603	-8.43723
6.97052	-8.44498
6.97503	-8.45235
6.97993	-8.46126
6.98462	-8.4702
6.98957	-8.47827
6.99451	-8.48635
6.99965	-8.4943
7.00501	-8.50292
7.00975	-8.51015
7.01397	-8.51722
7.01818	-8.52538
7.02112	-8.53303
7.02325	-8.54032
7.02543	-8.54809
7.02756	-8.55607
7.02995	-8.56445
7.03261	-8.57331
7.03572	-8.58257
7.0388	-8.5918
7.04073	-8.59983
7.04269	-8.60807
7.04422	-8.61627
7.0454	-8.62414
7.04718	-8.63262
7.04824	-8.64104
7.04931	-8.64975
7.04873	-8.658
7.04817	-8.66647
7.0473	-8.67569
7.04709	-8.68489
7.04634	-8.69452
7.04582	-8.70401
7.04456	-8.71338
7.0417	-8.72361
7.03877	-8.73413
7.03571	-8.74483
7.03257	-8.75484
7.02943	-8.76491
7.02748	-8.77566
7.02584	-8.7863
7.02426	-8.7967
7.02399	-8.80731
7.02515	-8.81826
7.0262	-8.82904
7.02735	-8.83999
7.02824	-8.85094
7.0293	-8.86204
7.02994	-8.87233
7.03014	-8.88292
7.03063	-8.89343
7.03084	-8.90423
7.03094	-8.91479
7.02996	-8.92537
7.02862	-8.93581
7.02718	-8.94636
7.02584	-8.95679
7.02416	-8.96794
7.02284	-8.97889
7.02167	-8.98962
7.02006	-8.99942
7.01835	-9.00912
7.01755	-9.02013
7.01707	-9.03036
7.01672	-9.04071
7.01638	-9.05093
7.01633	-9.06115
7.0162	-9.07139
7.01561	-9.08219
7.01502	-9.09278
7.01436	-9.10298
7.01326	-9.11246
7.01224	-9.12201
7.00992	-9.13156
7.00853	-9.14063
7.00608	-9.14885
7.00257	-9.15704
7.00099	-9.16692
6.99997	-9.17663
6.99931	-9.18608
6.99817	-9.19601
6.99675	-9.20702
6.995	-9.21785
6.99378	-9.22705
6.99362	-9.23499
6.99326	-9.243
6.99209	-9.25091
6.99041	-9.25929
6.98881	-9.26786
6.98712	-9.27653
6.98447	-9.28541
6.9818	-9.29439
6.97876	-9.30336
6.97549	-9.3124
6.97152	-9.32101
6.96745	-9.32964
6.96415	-9.33832
6.96116	-9.34711
6.95774	-9.35588
6.95303	-9.36366
6.94838	-9.37062
6.94362	-9.3778
6.93926	-9.38507
6.93509	-9.39194
6.93092	-9.39895
6.92643	-9.40606
6.92276	-9.41286
6.91842	-9.42056
6.91365	-9.42873
6.90894	-9.43695
6.90619	-9.44425
6.90363	-9.45188
6.90017	-9.46043
6.89632	-9.46983
6.89244	-9.47893
6.88873	-9.48895
6.88464	-9.49864
6.87932	-9.50894
6.87435	-9.51807
6.86946	-9.52684
6.86467	-9.53552
6.86078	-9.54461
6.85691	-9.55362
6.85308	-9.56252
6.84928	-9.5714
6.84547	-9.57952
6.84128	-9.58801
6.83616	-9.59672
6.83113	-9.60591
6.82543	-9.61599
6.82011	-9.6243
6.81508	-9.63259
6.80953	-9.64173
6.80526	-9.65168
6.80011	-9.66249
6.79554	-9.672
6.791	-9.68134
6.78638	-9.69035
6.78255	-9.70005
6.77764	-9.70965
6.77294	-9.71914
6.76854	-9.72885
6.76436	-9.73987
6.76052	-9.7505
6.75671	-9.76155
6.75354	-9.77263
6.74986	-9.78339
6.74648	-9.79393
6.74409	-9.80386
6.74189	-9.8142
6.73984	-9.82475
6.73859	-9.83537
6.73773	-9.84682
6.73698	-9.85797
6.7357	-9.86856
6.73531	-9.87948
6.73515	-9.89061
6.73539	-9.90222
6.73512	-9.91259
6.73364	-9.92399
6.73215	-9.93507
6.73017	-9.94648
6.72926	-9.95677
6.72828	-9.96767
6.72728	-9.9784
6.72554	-9.98836
6.72337	-9.99828
6.72106	-10.0082
6.71904	-10.0178
6.71757	-10.0285
6.71651	-10.0393
6.71724	-10.0499
6.7175	-10.0602
6.71761	-10.0704
6.71787	-10.0798
6.71808	-10.0898
6.71755	-10.0996
6.71761	-10.1098
6.71756	-10.119
6.71811	-10.129
6.71809	-10.1392
6.71673	-10.1491
6.71542	-10.1592
6.71318	-10.1686
6.71068	-10.1778
6.7089	-10.1867
6.70718	-10.1959
6.70556	-10.2033
6.70387	-10.2119
6.70259	-10.22
6.70141	-10.2284
6.70149	-10.2371
6.70147	-10.247
6.70132	-10.2566
6.70066	-10.2673
6.7	-10.2778
6.69899	-10.2886
6.69762	-10.2994
6.69501	-10.3097
6.69259	-10.3205
6.68998	-10.3299
6.68697	-10.3398
6.6838	-10.3496
6.67935	-10.3583
6.67532	-10.3663
6.67319	-10.3737
6.67072	-10.3799
6.66796	-10.3867
6.66457	-10.3923
6.6605	-10.3987
6.65654	-10.4052
6.65243	-10.4119
6.64757	-10.4181
6.64244	-10.4244
6.63761	-10.4319
6.6325	-10.4397
6.62745	-10.4479
6.62232	-10.4567
6.61758	-10.4653
6.61098	-10.473
6.60454	-10.4812
6.59795	-10.4881
6.59124	-10.4955
6.58457	-10.5026
6.57846	-10.5094
6.57159	-10.5178
6.56435	-10.5259
6.55744	-10.5339
6.55051	-10.5416
6.54381	-10.5493
6.53728	-10.5569
6.53107	-10.564
6.52457	-10.5712
6.51901	-10.5785
6.51307	-10.5855
6.50642	-10.592
6.49951	-10.5978
6.4928	-10.6042
6.4861	-10.6106
6.47784	-10.6169
6.46966	-10.6234
6.46098	-10.6305
6.45251	-10.6377
6.44459	-10.6445
6.43765	-10.6512
6.43067	-10.6578
6.42404	-10.664
6.41668	-10.671
6.4094	-10.6779
6.4022	-10.6841
6.39484	-10.6904
6.38751	-10.6966
6.38012	-10.7031
6.37243	-10.7097
6.36478	-10.7163
6.35856	-10.723
6.35282	-10.7301
6.34595	-10.7375
6.34019	-10.7452
6.33578	-10.7534
6.33085	-10.7614
6.32591	-10.7694
6.321	-10.7775
6.31576	-10.7839
6.31161	-10.7903
6.3078	-10.7967
6.30373	-10.8033
6.29882	-10.8103
6.29325	-10.8175
6.28722	-10.8247
6.2811	-10.8324
6.27486	-10.8401
6.26815	-10.8468
6.26143	-10.8536
6.25436	-10.8607
6.24801	-10.868
6.23998	-10.8752
6.23286	-10.8832
6.2252	-10.891
6.21733	-10.8971
6.21017	-10.903
6.20371	-10.9091
6.1975	-10.9144
6.18975	-10.9197
6.18208	-10.9252
6.17395	-10.9306
6.16449	-10.9352
6.15485	-10.9389
6.14568	-10.9413
6.13692	-10.9438
6.12884	-10.9463
6.12083	-10.9487
6.11224	-10.9512
6.1036	-10.9536
6.09482	-10.9561
6.08538	-10.9584
6.07551	-10.9606
6.06567	-10.9629
6.05616	-10.9647
6.04675	-10.9662
6.03714	-10.968
6.02717	-10.9695
6.01613	-10.971
6.00547	-10.9725
5.99573	-10.9743
5.98584	-10.9773
5.97494	-10.9804
5.96403	-10.9839
5.954	-10.9867
5.94388	-10.9885
5.93409	-10.9908
5.92417	-10.9937
5.91449	-10.9961
5.90475	-10.9984
5.89368	-10.9998
5.88235	-11.0011
5.87067	-11.0007
5.85922	-11.001
5.84799	-11.001
5.8369	-11.0009
5.82687	-11.0015
5.81695	-11.002
5.80562	-11.0031
5.79413	-11.0043
5.78153	-11.006
5.77019	-11.0078
5.75941	-11.0096
5.74904	-11.0108
5.73898	-11.0118
5.72922	-11.0125
5.7204	-11.0134
5.7112	-11.0141
5.70232	-11.0143
5.69435	-11.0155
5.68621	-11.0173
5.67785	-11.0179
5.66886	-11.0193
5.66003	-11.0204
5.65126	-11.0208
5.64188	-11.0214
5.63211	-11.022
5.62261	-11.0222
5.61532	-11.0225
5.60726	-11.0227
5.5987	-11.024
5.58871	-11.0235
5.57908	-11.0237
5.56932	-11.0234
5.55982	-11.0228
5.55056	-11.0228
5.54181	-11.024
5.53309	-11.0255
5.52426	-11.0271
5.51693	-11.0283
5.50852	-11.0298
5.49953	-11.0317
5.49026	-11.0335
5.47933	-11.0353
5.46872	-11.0369
5.45741	-11.0381
5.44689	-11.0393
5.43659	-11.0406
5.42719	-11.0412
5.41792	-11.0417
5.40816	-11.0425
5.39869	-11.0434
5.389	-11.0449
5.37911	-11.047
5.36954	-11.0492
5.35929	-11.0516
5.34855	-11.0543
5.33889	-11.0563
5.32951	-11.058
5.32093	-11.0594
5.31197	-11.0605
5.30202	-11.0621
5.29379	-11.0621
5.28467	-11.062
5.27537	-11.0615
5.26653	-11.0603
5.25751	-11.059
5.24832	-11.0576
5.23906	-11.056
5.22976	-11.0541
5.22075	-11.053
5.21216	-11.0525
5.20331	-11.0519
5.19388	-11.0502
5.18343	-11.0476
5.17301	-11.0452
5.16363	-11.0431
5.15456	-11.0418
5.14552	-11.0409
5.13494	-11.0411
5.12364	-11.0407
5.11323	-11.0401
5.1034	-11.0389
5.0941	-11.0394
5.08508	-11.0409
5.07593	-11.0424
5.06649	-11.044
5.0574	-11.0448
5.04782	-11.0453
5.03855	-11.0459
5.02988	-11.0457
5.02075	-11.0463
5.01099	-11.0464
5.00028	-11.0465
4.99029	-11.0464
4.97985	-11.046
4.96948	-11.045
4.95984	-11.0432
4.9503	-11.0423
4.94112	-11.0417
4.93129	-11.041
4.92169	-11.0396
4.91088	-11.0381
4.89984	-11.0371
4.88795	-11.0368
4.8766	-11.0366
4.86554	-11.0364
4.854	-11.0359
4.84276	-11.0357
4.83134	-11.0353
4.82041	-11.0353
4.80974	-11.0352
4.79893	-11.0358
4.78861	-11.036
4.7785	-11.0362
4.76848	-11.0351
4.7599	-11.0339
4.75126	-11.0326
4.74205	-11.0319
4.73266	-11.0325
4.72346	-11.0333
4.71386	-11.035
4.70548	-11.0357
4.69622	-11.0368
4.68677	-11.0388
4.67788	-11.0408
4.66824	-11.0423
4.65827	-11.0445
4.64826	-11.0472
4.6375	-11.0497
4.62758	-11.0517
4.61724	-11.0529
4.60705	-11.0543
4.5971	-11.0559
4.58641	-11.0581
4.57669	-11.0608
4.56684	-11.0636
4.5582	-11.066
4.54869	-11.0683
4.53808	-11.0705
4.52742	-11.0729
4.51745	-11.0755
4.50854	-11.0774
4.49943	-11.0795
4.49076	-11.0818
4.4826	-11.0847
4.47349	-11.0876
4.4646	-11.0908
4.4559	-11.0934
4.44711	-11.096
4.43846	-11.0979
4.43037	-11.1009
4.42149	-11.1046
4.41271	-11.1082
4.40415	-11.1118
4.39559	-11.1152
4.3879	-11.1186
4.38031	-11.1217
4.3726	-11.1249
4.36456	-11.128
4.35632	-11.1303
4.34722	-11.1336
4.33828	-11.1371
4.32935	-11.1405
4.32029	-11.1439
4.31181	-11.1473
4.30309	-11.1505
4.29547	-11.1533
4.28857	-11.1563
4.28137	-11.1595
4.27406	-11.1628
4.26648	-11.1666
4.25883	-11.1697
4.25114	-11.1734
4.24361	-11.1775
4.23467	-11.1802
4.22712	-11.1823
4.22078	-11.1849
4.21364	-11.1871
4.20636	-11.1895
4.19804	-11.1917
4.18959	-11.194
4.1806	-11.1964
4.17231	-11.1975
4.16339	-11.1992
4.15422	-11.2009
4.14495	-11.2025
4.13547	-11.2046
4.12599	-11.2067
4.1191	-11.2092
4.11173	-11.212
4.10397	-11.2154
4.09649	-11.2197
4.08872	-11.2251
4.08113	-11.2308
4.07373	-11.2365
4.06619	-11.2426
4.05879	-11.2484
4.05223	-11.2542
4.04483	-11.2603
4.03734	-11.2665
4.02996	-11.2731
4.02259	-11.2796
4.01538	-11.2864
4.00733	-11.2931
3.99833	-11.2997
3.98979	-11.3056
3.98125	-11.3115
3.97277	-11.3179
3.96464	-11.3242
3.9569	-11.3306
3.9501	-11.3366
3.94316	-11.3433
3.93609	-11.3498
3.9292	-11.3576
3.92243	-11.3658
3.91681	-11.3763
3.91135	-11.3864
3.907	-11.396
3.90282	-11.4055
3.89796	-11.4149
3.89294	-11.4245
3.88797	-11.4338
3.8831	-11.4431
3.87826	-11.4522
3.87281	-11.4613
3.86721	-11.4709
3.86184	-11.4802
3.85645	-11.4893
3.85067	-11.4972
3.84419	-11.505
3.83833	-11.5127
3.83236	-11.5205
3.82738	-11.5277
3.82179	-11.5348
3.81571	-11.5409
3.80893	-11.5469
3.80335	-11.5545
3.79785	-11.5612
3.79135	-11.568
3.78563	-11.5754
3.77956	-11.5833
3.77379	-11.5897
3.76774	-11.5963
3.76151	-11.6044
3.75535	-11.6141
3.74936	-11.6236
3.74266	-11.6338
3.73605	-11.6443
3.72958	-11.6547
3.72412	-11.6652
3.71774	-11.6748
3.71115	-11.6836
3.7053	-11.6912
3.69943	-11.6988
3.69406	-11.7066
3.68777	-11.7141
3.68321	-11.7212
3.67831	-11.7287
3.67325	-11.736
3.66794	-11.743
3.66208	-11.7501
3.65634	-11.7574
3.65129	-11.7647
3.64656	-11.7724
3.64225	-11.7806
3.63701	-11.7881
3.63167	-11.7955
3.62653	-11.8033
3.62172	-11.8106
3.6168	-11.8178
3.61185	-11.825
3.60748	-11.8307
3.60275	-11.8366
3.59782	-11.8429
3.59366	-11.8498
3.59017	-11.8575
3.58619	-11.8657
3.58132	-11.8734
3.57649	-11.8815
3.57313	-11.8894
3.57015	-11.8973
3.56595	-11.9062
3.56168	-11.9152
3.55672	-11.9236
3.55181	-11.9323
3.54718	-11.9411
3.54256	-11.9498
3.53808	-11.9584
3.5333	-11.9676
3.52852	-11.9763
3.52487	-11.9858
3.52089	-11.9956
3.51748	-12.0056
3.514	-12.0149
3.51015	-12.0259
3.50586	-12.0365
3.50169	-12.0467
3.49643	-12.0565
3.49089	-12.0658
3.48597	-12.0741
3.48107	-12.0826
3.47662	-12.0916
3.4723	-12.0999
3.46758	-12.1075
3.46302	-12.1157
3.45837	-12.124
3.45368	-12.1332
3.44794	-12.1424
3.44186	-12.1511
3.43575	-12.1583
3.43102	-12.164
3.42559	-12.1701
3.41968	-12.1761
3.41442	-12.1828
3.40902	-12.1897
3.40303	-12.1977
3.39662	-12.2052
3.38959	-12.213
3.38316	-12.2208
3.37723	-12.2291
3.37042	-12.2374
3.36322	-12.2464
3.35658	-12.2548
3.35028	-12.2627
3.34422	-12.2699
3.33813	-12.277
3.33205	-12.2843
3.32694	-12.2926
3.32121	-12.3016
3.31586	-12.3103
3.31028	-12.3192
3.3045	-12.3267
3.29901	-12.3349
3.294	-12.3431
3.28877	-12.3514
3.28361	-12.3604
3.27977	-12.3688
3.27588	-12.3777
3.27313	-12.3861
3.27035	-12.3945
3.26646	-12.4032
3.26405	-12.4115
3.26135	-12.4197
3.25904	-12.4281
3.25669	-12.4365
3.25441	-12.4451
3.25145	-12.455
3.24848	-12.4649
3.24542	-12.4751
3.24277	-12.4849
3.24	-12.4946
3.23745	-12.5037
3.23618	-12.5132
3.23504	-12.5229
3.23386	-12.5318
3.23306	-12.5409
3.23245	-12.5511
3.22998	-12.5611
3.22694	-12.5712
3.22387	-12.5811
3.22091	-12.5907
3.21822	-12.6001
3.21645	-12.6098
3.21516	-12.6206
3.21336	-12.6316
3.21226	-12.6419
3.21071	-12.6516
3.20921	-12.6602
3.20712	-12.6679
3.20549	-12.6763
3.20393	-12.6843
3.20126	-12.6939
3.19971	-12.7043
3.1982	-12.7149
3.19663	-12.7254
3.19512	-12.7356
3.19392	-12.745
3.19321	-12.755
3.1924	-12.7649
3.19162	-12.7739
3.19178	-12.7827
3.19184	-12.792
3.19022	-12.8006
3.18684	-12.8087
3.18392	-12.8169
3.17917	-12.8262
3.17338	-12.8342
3.16787	-12.8425
3.16268	-12.8495
3.1573	-12.8575
3.15144	-12.8642
3.14429	-12.8703
3.13627	-12.8765
3.12688	-12.882
3.11769	-12.8874
3.10894	-12.8925
3.10002	-12.8966
3.09087	-12.9007
3.08186	-12.9046
3.07269	-12.9084
3.06373	-12.9114
3.05478	-12.9142
3.04542	-12.9166
3.0366	-12.9201
3.02717	-12.9232
3.01823	-12.9263
3.01032	-12.929
3.00029	-12.9318
2.99042	-12.9346
2.98069	-12.9372
2.97023	-12.9391
2.9602	-12.9406
2.94906	-12.9418
2.93783	-12.9429
2.92648	-12.9437
2.9148	-12.9454
2.90348	-12.9468
2.89284	-12.9483
2.8821	-12.95
2.8708	-12.9523
2.85967	-12.9546
2.84949	-12.956
2.84072	-12.9579
2.83146	-12.9586
2.82295	-12.959
2.8146	-12.9605
2.80508	-12.9618
2.79487	-12.9626
2.78478	-12.9633
2.7747	-12.9638
2.76496	-12.9658
2.7544	-12.9682
2.74453	-12.971
2.73363	-12.9733
2.72323	-12.9749
2.71245	-12.9763
2.70158	-12.9778
2.69197	-12.9793
2.68212	-12.981
2.67254	-12.9812
2.66253	-12.9822
2.65223	-12.9832
2.64246	-12.9848
2.63304	-12.9869
2.62367	-12.9891
2.61556	-12.991
2.60683	-12.993
2.59776	-12.9951
2.58858	-12.9963
2.57978	-12.9971
2.57153	-12.9985
2.56294	-12.999
2.55377	-12.9983
2.54401	-12.9981
2.53368	-12.9974
2.52354	-12.9965
2.51258	-12.9952
2.50235	-12.9948
2.49292	-12.9949
2.48346	-12.9952
2.47487	-12.9953
2.46624	-12.9958
2.45749	-12.9964
2.44877	-12.9971
2.43984	-12.9978
2.43231	-12.9989
2.42457	-13.001
2.41705	-13.0037
2.40946	-13.0069
2.40165	-13.0102
2.39367	-13.0135
2.38575	-13.0166
2.37891	-13.0202
2.37188	-13.0242
2.36462	-13.0281
2.35788	-13.031
2.35055	-13.034
2.34337	-13.0376
2.33594	-13.0413
2.32851	-13.0449
2.32188	-13.0473
2.31508	-13.0497
2.30918	-13.0522
2.30279	-13.055
2.29505	-13.0587
2.2872	-13.0618
2.27918	-13.065
2.27177	-13.0676
2.26404	-13.0703
2.25622	-13.0731
2.2488	-13.0776
2.24119	-13.0822
2.23341	-13.0869
2.22588	-13.0914
2.21812	-13.0959
2.2102	-13.1004
2.2022	-13.1052
2.19457	-13.1092
2.18709	-13.1135
2.17952	-13.1187
2.17045	-13.1238
2.16138	-13.1285
2.15279	-13.1327
2.14412	-13.1371
2.13437	-13.1419
2.12429	-13.1468
2.11387	-13.152
2.10464	-13.1569
2.09549	-13.1613
2.08695	-13.1656
2.07888	-13.1696
2.07083	-13.1742
2.06396	-13.179
2.05726	-13.1832
2.05028	-13.1877
2.04207	-13.1922
2.03357	-13.1976
2.02446	-13.2033
2.01571	-13.2089
2.00705	-13.2145
1.99854	-13.2201
1.99004	-13.2264
1.98182	-13.2323
1.9737	-13.2387
1.96439	-13.2458
1.95509	-13.2523
1.94637	-13.2585
1.93766	-13.2646
1.92987	-13.2708
1.92196	-13.2757
1.91402	-13.2805
1.90686	-13.2843
1.90037	-13.2884
1.89378	-13.2917
1.88721	-13.2949
1.87966	-13.2971
1.87249	-13.2992
1.86547	-13.3009
1.85697	-13.3027
1.84835	-13.3046
1.83897	-13.3056
1.82923	-13.3066
1.81953	-13.3075
1.81002	-13.3088
1.79994	-13.3116
1.79004	-13.3151
1.78028	-13.3187
1.77144	-13.3229
1.76263	-13.327
1.75423	-13.3322
1.74574	-13.3378
1.73738	-13.3432
1.72875	-13.3477
1.72067	-13.3528
1.71306	-13.3576
1.70564	-13.3626
1.6981	-13.3667
1.69041	-13.3709
1.68248	-13.3756
1.67445	-13.3803
1.66619	-13.3855
1.6581	-13.3902
1.64963	-13.3952
1.64167	-13.4001
1.63403	-13.4058
1.62661	-13.4113
1.61908	-13.4171
1.61158	-13.4229
1.60333	-13.4289
1.59575	-13.4336
1.58824	-13.4383
1.581	-13.4418
1.57326	-13.445
1.56536	-13.4484
1.55713	-13.4517
1.54895	-13.4547
1.54098	-13.458
1.53295	-13.4612
1.5246	-13.4641
1.51536	-13.4672
1.50533	-13.4693
1.49556	-13.4705
1.48611	-13.4718
1.47649	-13.4728
1.4677	-13.4744
1.45914	-13.4761
1.45136	-13.4783
1.44311	-13.4806
1.43443	-13.4841
1.42627	-13.4869
1.41801	-13.4904
1.41019	-13.4945
1.40147	-13.4981
1.39252	-13.5024
1.38367	-13.5066
1.37486	-13.5115
1.36647	-13.5169
1.35807	-13.5216
1.34969	-13.5263
1.34112	-13.5307
1.33226	-13.5349
1.324	-13.5394
1.31567	-13.5443
1.307	-13.5494
1.29856	-13.5545
1.29029	-13.5598
1.28247	-13.5654
1.27468	-13.571
1.26634	-13.5772
1.25866	-13.583
1.25147	-13.588
1.24368	-13.593
1.23611	-13.5983
1.22885	-13.6032
1.22172	-13.6078
1.21383	-13.6123
1.20634	-13.6162
1.19854	-13.6198
1.19066	-13.6234
1.18245	-13.6255
1.17439	-13.6279
1.1674	-13.6308
1.16006	-13.6338
1.15235	-13.6368
1.1447	-13.6399
1.13681	-13.643
1.12924	-13.6462
1.12146	-13.6495
1.11301	-13.6529
1.10436	-13.6566
1.09517	-13.6588
1.08704	-13.6611
1.07838	-13.6628
1.06964	-13.6644
1.0617	-13.666
1.05327	-13.6679
1.04462	-13.6702
1.03593	-13.6726
1.0275	-13.6748
1.01872	-13.6766
1.00991	-13.6784
1.00195	-13.6812
0.992837	-13.6846
0.984241	-13.6888
0.975971	-13.6929
0.967925	-13.6969
0.959753	-13.7015
0.95121	-13.7056
0.943188	-13.71
0.935395	-13.7144
0.928246	-13.72
0.91959	-13.7254
0.911769	-13.7305
0.903967	-13.7358
0.895869	-13.742
0.887613	-13.7478
0.878987	-13.7532
0.871211	-13.7583
0.864256	-13.7637
0.857312	-13.7686
0.84961	-13.7734
0.84072	-13.7787
0.831877	-13.7823
0.823108	-13.7852
0.814362	-13.7881
0.805959	-13.7908
0.797488	-13.7928
0.788429	-13.7942
0.779969	-13.7958
0.771935	-13.7977
0.763704	-13.7992
0.756155	-13.8007
0.746966	-13.8022
0.738125	-13.8036
0.728829	-13.8051
0.719228	-13.8058
0.709353	-13.8068
0.700374	-13.8079
0.692314	-13.8091
0.683678	-13.8099
0.674832	-13.8125
0.66669	-13.8151
0.658749	-13.818
0.650359	-13.8207
0.642777	-13.8216
0.635411	-13.8228
0.625761	-13.8243
0.615607	-13.8254
0.605519	-13.8281
0.595731	-13.8305
0.586193	-13.8326
0.576376	-13.835
0.566694	-13.8375
0.557349	-13.84
0.548059	-13.842
0.53892	-13.8442
0.529286	-13.8466
0.519798	-13.8491
0.509902	-13.8518
0.499489	-13.8547
0.489612	-13.8571
0.479806	-13.8616
0.469777	-13.8663
0.459951	-13.8708
0.45104	-13.875
0.442348	-13.8797
0.433146	-13.8836
0.424782	-13.8867
0.417839	-13.8891
0.410561	-13.8917
0.402236	-13.8936
0.393302	-13.8954
0.384691	-13.8972
0.376105	-13.8987
0.367335	-13.9006
0.358586	-13.9026
0.349661	-13.9051
0.340205	-13.9068
0.330298	-13.9077
0.320451	-13.909
0.311147	-13.9101
0.301392	-13.9101
0.291929	-13.909
0.281991	-13.909
0.272459	-13.9085
0.263176	-13.9086
0.25317	-13.9084
0.242769	-13.9085
0.231957	-13.9079
0.221381	-13.9076
0.210986	-13.9074
0.200755	-13.9071
0.190779	-13.9068
0.17953	-13.9072
0.168665	-13.9071
0.158486	-13.9069
0.150643	-13.9063
0.142574	-13.9054
0.134296	-13.9045
0.126771	-13.9043
0.118922	-13.9037
0.11034	-13.903
0.10197	-13.9032
0.0929329	-13.9037
0.0839424	-13.9044
0.0747186	-13.905
0.0660183	-13.9043
0.0572058	-13.9044
0.0484499	-13.9046
0.0396711	-13.9046
0.0313296	-13.9045
0.0224734	-13.9049
0.0133203	-13.9075
0.00487883	-13.9103
-0.0045422	-13.9133
-0.0136132	-13.9165
-0.0228065	-13.9198
-0.032464	-13.9229
-0.0417425	-13.9255
-0.0510609	-13.9278
-0.060265	-13.9295
-0.0696402	-13.9305
-0.0799095	-13.9304
-0.089978	-13.9307
-0.0996363	-13.9305
-0.109237	-13.93
-0.119319	-13.9294
-0.129015	-13.93
-0.137581	-13.9304
-0.146601	-13.931
-0.155542	-13.931
-0.164564	-13.931
-0.173855	-13.9312
-0.183053	-13.9316
-0.191574	-13.9318
-0.20019	-13.9319
-0.209196	-13.9334
-0.217836	-13.9352
-0.225853	-13.9372
-0.23448	-13.9401
-0.243225	-13.943
-0.252053	-13.9464
-0.26125	-13.9497
-0.270852	-13.9546
-0.280087	-13.9607
-0.289105	-13.9667
-0.298027	-13.971
-0.307178	-13.9758
-0.316523	-13.9807
-0.325038	-13.9854
-0.333801	-13.9904
-0.342549	-13.9953
-0.351302	-14
-0.36012	-14.0046
-0.368836	-14.0091
-0.376791	-14.0138
-0.384532	-14.0185
-0.392093	-14.0234
-0.399567	-14.0274
-0.406531	-14.0316
-0.415751	-14.0368
-0.423452	-14.0417
-0.431589	-14.0461
-0.440036	-14.05
-0.44765	-14.0547
-0.455519	-14.0593
-0.463256	-14.0643
-0.47154	-14.0693
-0.479163	-14.0743
-0.487078	-14.0797
-0.494665	-14.0857
-0.502039	-14.0918
-0.509522	-14.098
-0.517235	-14.1045
-0.525036	-14.1111
-0.532631	-14.118
-0.540727	-14.1243
-0.550047	-14.1297
-0.557801	-14.1352
-0.565565	-14.1407
-0.573426	-14.1462
-0.578367	-14.1518
-0.583295	-14.1578
-0.589125	-14.1642
-0.595758	-14.1712
-0.601742	-14.1786
-0.607346	-14.1865
-0.612758	-14.1948
-0.618445	-14.2037
-0.623983	-14.2122
-0.62914	-14.2211
-0.634047	-14.2292
-0.639437	-14.237
-0.644315	-14.2449
-0.649692	-14.2513
-0.654987	-14.2574
-0.661122	-14.2648
-0.666814	-14.2723
-0.672253	-14.28
-0.677831	-14.2877
-0.682943	-14.2972
-0.686792	-14.3066
-0.690507	-14.3158
-0.694189	-14.325
-0.698386	-14.3343
-0.702367	-14.3439
-0.706842	-14.3537
-0.710957	-14.3635
-0.714465	-14.3737
-0.717917	-14.3839
-0.721456	-14.3938
-0.724732	-14.4034
-0.727623	-14.4124
-0.730461	-14.4214
-0.733493	-14.4304
-0.737225	-14.4394
-0.740606	-14.4481
-0.743717	-14.4556
-0.745588	-14.464
-0.748319	-14.4724
-0.750956	-14.4818
-0.75366	-14.4913
-0.756927	-14.4986
-0.7607	-14.5061
-0.764584	-14.5137
-0.769001	-14.5214
-0.773235	-14.5294
-0.777653	-14.5384
-0.782511	-14.5463
-0.787156	-14.5542
-0.790999	-14.5609
-0.79511	-14.5674
-0.799093	-14.5747
-0.804157	-14.5821
-0.809132	-14.5896
-0.813863	-14.5976
-0.818415	-14.6057
-0.822896	-14.6138
-0.826686	-14.6219
-0.830691	-14.6305
-0.833815	-14.6396
-0.835823	-14.6502
-0.839179	-14.6596
-0.842645	-14.6696
-0.84581	-14.6793
-0.84875	-14.6889
-0.851581	-14.6981
-0.853484	-14.7075
-0.852721	-14.7169
-0.852463	-14.7268
-0.851937	-14.7372
-0.850979	-14.7477
-0.848297	-14.759
-0.844929	-14.7702
-0.841751	-14.7818
-0.837402	-14.7921
-0.833154	-14.8021
-0.829335	-14.8111
-0.825475	-14.82
-0.821663	-14.8283
-0.819139	-14.8356
-0.815952	-14.8439
-0.81249	-14.8531
-0.809172	-14.8618
-0.805879	-14.8705
-0.802689	-14.8781
-0.799991	-14.8862
-0.797175	-14.8945
-0.795285	-14.9027
-0.794016	-14.911
-0.793393	-14.9195
-0.791615	-14.9282
-0.78979	-14.937
-0.78765	-14.9465
-0.783823	-14.9561
-0.780202	-14.9654
-0.776895	-14.9747
-0.77335	-14.9837
-0.770669	-14.9922
-0.768117	-15
-0.764755	-15.0072
-0.760723	-15.0143
-0.756616	-15.0216
-0.75177	-15.0293
-0.747699	-15.0374
-0.743946	-15.0458
-0.739824	-15.055
-0.735792	-15.0643
-0.73188	-15.0739
-0.728072	-15.084
-0.724604	-15.0939
-0.722136	-15.1032
-0.719488	-15.1124
-0.717667	-15.1215
-0.715853	-15.1307
-0.713478	-15.1411
-0.711248	-15.1512
-0.709581	-15.1609
-0.707039	-15.1703
-0.704429	-15.1799
-0.702539	-15.1896
-0.700226	-15.1994
-0.697812	-15.2088
-0.695254	-15.2177
-0.693151	-15.2258
-0.691694	-15.2342
-0.690717	-15.2426
-0.689779	-15.2508
-0.689726	-15.2599
-0.689609	-15.2693
-0.689472	-15.2784
-0.690041	-15.2877
-0.690505	-15.2969
-0.69107	-15.3061
-0.69147	-15.3158
-0.690858	-15.3248
-0.689719	-15.3346
-0.688895	-15.3443
-0.688202	-15.3541
-0.687122	-15.3642
-0.685969	-15.3751
-0.68494	-15.3851
-0.6839	-15.3952
-0.682337	-15.406
-0.679404	-15.4162
-0.676344	-15.4263
-0.673337	-15.4362
-0.67049	-15.446
-0.667906	-15.4556
-0.666195	-15.4662
-0.664521	-15.4765
-0.662157	-15.4865
-0.659586	-15.4972
-0.658469	-15.5071
-0.657076	-15.5172
-0.656905	-15.5268
-0.656749	-15.5362
-0.656658	-15.5471
-0.656107	-15.558
-0.655488	-15.5687
-0.655319	-15.5783
-0.655294	-15.5879
-0.655503	-15.5968
-0.655198	-15.6067
-0.654758	-15.6171
-0.654696	-15.627
-0.654643	-15.6369
-0.653281	-15.6477
-0.651648	-15.6593
-0.649783	-15.6707
-0.647654	-15.6811
-0.644161	-15.6919
-0.640161	-15.702
-0.636294	-15.7121
-0.633435	-15.7235
-0.631067	-15.734
-0.628423	-15.7446
-0.626367	-15.755
-0.624722	-15.7645
-0.623799	-15.7745
-0.621921	-15.7827
-0.618728	-15.7886
-0.614941	-15.795
-0.61246	-15.8019
-0.611394	-15.8099
-0.610422	-15.8186
-0.609074	-15.8274
-0.607727	-15.8371
-0.607618	-15.8463
-0.608214	-15.8572
-0.608888	-15.8678
-0.608803	-15.8777
-0.608837	-15.8871
-0.608994	-15.8964
-0.608912	-15.9062
-0.609592	-15.9154
-0.6111	-15.925
-0.612545	-15.9343
-0.614605	-15.9433
-0.616615	-15.9527
-0.619101	-15.9609
-0.621301	-15.9703
-0.623569	-15.98
-0.625061	-15.9891
-0.626565	-15.9982
-0.626817	-16.0069
-0.626695	-16.0152
-0.627167	-16.0237
-0.627639	-16.0324
-0.627856	-16.0413
-0.627437	-16.0499
-0.628126	-16.0589
-0.628972	-16.068
-0.629662	-16.0774
-0.630352	-16.0867
-0.631077	-16.0962
-0.632613	-16.1052
-0.635814	-16.113
-0.638368	-16.1206
-0.643156	-16.1285
-0.647226	-16.1352
-0.651457	-16.1422
-0.65581	-16.1493
-0.660271	-16.1562
-0.664601	-16.1643
-0.668978	-16.1725
-0.673407	-16.1807
-0.677135	-16.1897
-0.680895	-16.1986
-0.685803	-16.2067
-0.69132	-16.214
-0.697435	-16.2218
-0.703845	-16.2299
-0.710309	-16.2378
-0.716744	-16.2468
-0.723034	-16.2565
-0.729478	-16.2661
-0.735486	-16.2751
-0.741427	-16.2833
-0.747344	-16.2915
-0.751419	-16.2991
-0.753782	-16.3064
-0.75565	-16.3146
-0.758242	-16.3241
-0.760795	-16.3336
-0.763314	-16.3428
-0.765377	-16.3525
-0.767778	-16.3626
-0.770201	-16.373
-0.772804	-16.3844
-0.775303	-16.3954
-0.777824	-16.4062
-0.781297	-16.4172
-0.784278	-16.4273
-0.787155	-16.4374
-0.789962	-16.4483
-0.792957	-16.4585
-0.795787	-16.4685
-0.79922	-16.4787
-0.803397	-16.489
-0.807536	-16.499
-0.809823	-16.508
-0.812039	-16.5183
-0.814469	-16.5286
-0.815873	-16.5389
-0.816276	-16.5506
-0.816908	-16.5617
-0.818128	-16.5725
-0.819202	-16.583
-0.819941	-16.593
-0.821661	-16.6023
-0.821882	-16.6121
-0.822555	-16.6217
-0.823402	-16.6314
-0.823865	-16.6412
-0.824199	-16.6515
-0.823928	-16.6611
-0.823767	-16.6709
-0.823345	-16.68
-0.824124	-16.689
-0.825924	-16.6966
-0.828016	-16.7059
-0.830215	-16.7152
-0.832449	-16.7253
-0.836039	-16.7355
-0.839594	-16.746
-0.84213	-16.7563
-0.844668	-16.7664
-0.84579	-16.7786
-0.846289	-16.7904
-0.846794	-16.8018
-0.845512	-16.8127
-0.844097	-16.8234
-0.842923	-16.8342
-0.841644	-16.8447
-0.840259	-16.8552
-0.839326	-16.8647
-0.839121	-16.875
-0.839039	-16.8851
-0.839078	-16.8949
-0.839066	-16.905
-0.838912	-16.9149
-0.838461	-16.924
-0.83809	-16.9333
-0.837079	-16.9429
-0.836929	-16.9533
-0.8353	-16.9641
-0.834172	-16.9753
-0.832791	-16.986
-0.831839	-16.9973
-0.831002	-17.0089
-0.830967	-17.02
-0.831221	-17.0302
-0.832644	-17.0405
-0.833464	-17.0507
-0.833727	-17.0606
-0.833986	-17.0705
-0.833946	-17.0796
-0.834261	-17.089
-0.834569	-17.0984
-0.834854	-17.1081
-0.835166	-17.1178
-0.835018	-17.1285
-0.834941	-17.1391
-0.833895	-17.1502
-0.832559	-17.1615
-0.831183	-17.1732
-0.829087	-17.1852
-0.826084	-17.1971
-0.823136	-17.2085
-0.820175	-17.2209
-0.817307	-17.2323
-0.813648	-17.2436
-0.810124	-17.2547
-0.807483	-17.2655
-0.804649	-17.2761
-0.80209	-17.2863
-0.799828	-17.2963
-0.796411	-17.3064
-0.793703	-17.317
-0.791048	-17.3274
-0.78787	-17.3376
-0.786284	-17.3466
-0.784755	-17.3557
-0.782904	-17.3647
-0.78061	-17.3735
-0.778374	-17.3825
-0.777674	-17.3912
-0.776908	-17.4001
-0.775976	-17.4092
-0.775305	-17.4184
-0.77465	-17.4277
-0.773153	-17.4381
-0.771042	-17.4486
-0.768906	-17.4589
-0.767658	-17.4697
-0.766155	-17.481
-0.764693	-17.4918
-0.763338	-17.5025
-0.761841	-17.5132
-0.760576	-17.5242
-0.75923	-17.5351
-0.758478	-17.5461
-0.757546	-17.5571
-0.756583	-17.5678
-0.755296	-17.5778
-0.753105	-17.5881
-0.750707	-17.5979
-0.748426	-17.6075
-0.745667	-17.6168
-0.742253	-17.6266
-0.739174	-17.6357
-0.735602	-17.6447
-0.732082	-17.653
-0.728802	-17.6618
-0.725895	-17.671
-0.723383	-17.6802
-0.720052	-17.6888
-0.71667	-17.6975
-0.712297	-17.7062
-0.707888	-17.7147
-0.70304	-17.7224
-0.69779	-17.7302
-0.693287	-17.7378
-0.688778	-17.7454
-0.684491	-17.7529
-0.680115	-17.7605
-0.675771	-17.7683
-0.671533	-17.7759
-0.667216	-17.7837
-0.663161	-17.792
-0.658703	-17.7994
-0.65264	-17.807
-0.646258	-17.8153
-0.639997	-17.8237
-0.633746	-17.8323
-0.627621	-17.8408
-0.621137	-17.8486
-0.614756	-17.8566
-0.609102	-17.8654
-0.602608	-17.8758
-0.596702	-17.8864
-0.59071	-17.8966
-0.584772	-17.9061
-0.578724	-17.916
-0.572643	-17.925
-0.566645	-17.9338
-0.560687	-17.9403
-0.554344	-17.947
-0.548217	-17.9528
-0.542693	-17.9598
-0.537538	-17.9653
-0.532342	-17.9711
-0.527686	-17.9773
-0.523127	-17.9843
-0.518556	-17.992
-0.512034	-17.9996
-0.505141	-18.0069
-0.498753	-18.0137
-0.49168	-18.0213
-0.484732	-18.0288
-0.478079	-18.0348
-0.470254	-18.0411
-0.461786	-18.048
-0.45343	-18.0545
-0.445126	-18.0609
-0.437385	-18.0672
-0.429979	-18.0738
-0.422329	-18.0802
-0.415683	-18.0869
-0.409	-18.0933
-0.402123	-18.0995
-0.395418	-18.1057
-0.388593	-18.1119
-0.381612	-18.1181
-0.374593	-18.1257
-0.366635	-18.1338
-0.358297	-18.1423
-0.350643	-18.151
-0.343478	-18.1601
-0.337784	-18.1685
-0.332139	-18.1768
-0.325104	-18.1828
-0.318031	-18.1888
-0.310926	-18.1941
-0.303809	-18.1995
-0.295534	-18.2065
-0.287743	-18.2137
-0.279893	-18.2214
-0.272219	-18.229
-0.264909	-18.237
-0.257491	-18.2445
-0.250414	-18.2518
-0.243206	-18.2592
-0.236692	-18.2679
-0.230266	-18.2768
-0.223461	-18.285
-0.214949	-18.2925
-0.206658	-18.2998
-0.198559	-18.3072
-0.190687	-18.3144
-0.182943	-18.3215
-0.175113	-18.3283
-0.167854	-18.3348
-0.160174	-18.3417
-0.152112	-18.3478
-0.143922	-18.3538
-0.136206	-18.3597
-0.128339	-18.3658
-0.12083	-18.3717
-0.112828	-18.3787
-0.104894	-18.3855
-0.0966921	-18.3932
-0.0882847	-18.4004
-0.0798674	-18.4074
-0.0720745	-18.4136
-0.0639295	-18.4197
-0.0563066	-18.4253
-0.049022	-18.4307
-0.0421712	-18.4359
-0.0354819	-18.4414
-0.0279072	-18.447
-0.0199549	-18.4517
-0.011647	-18.4559
-0.00291759	-18.4602
0.00619495	-18.4652
0.014864	-18.4702
0.0235144	-18.4751
0.0321026	-18.4801
0.0411354	-18.4861
0.049698	-18.4907
0.0583411	-18.4951
0.0667671	-18.4996
0.0749782	-18.5043
0.0828208	-18.5087
0.0906142	-18.5126
0.0987227	-18.516
0.107029	-18.5188
0.115621	-18.5219
0.12491	-18.5246
0.134567	-18.527
0.144913	-18.5294
0.155288	-18.5315
0.165521	-18.5336
0.174842	-18.536
0.184096	-18.5382
0.193312	-18.5407
0.202677	-18.5421
0.212192	-18.5441
0.22178	-18.5462
0.230867	-18.5485
0.240424	-18.5515
0.249841	-18.555
0.259602	-18.5599
0.268697	-18.5647
0.277787	-18.5695
0.286503	-18.574
0.295196	-18.5785
0.303685	-18.583
0.313965	-18.5871
0.324085	-18.5917
0.334097	-18.5963
0.344825	-18.5999
0.355276	-18.6033
0.364373	-18.608
0.37336	-18.6125
0.38364	-18.6175
0.392979	-18.622
0.402192	-18.6265
0.41134	-18.631
0.420323	-18.6352
0.429216	-18.6396
0.437948	-18.6435
0.446607	-18.6465
0.4545	-18.6492
0.462904	-18.6523
0.471328	-18.6551
0.47985	-18.6582
0.488303	-18.6615
0.496825	-18.6655
0.505376	-18.6691
0.514022	-18.6733
0.523145	-18.6767
0.532909	-18.68
0.543036	-18.6823
0.552882	-18.6845
0.563048	-18.687
0.572403	-18.6894
0.58136	-18.6911
0.590717	-18.6929
0.599427	-18.6945
0.608398	-18.6965
0.617847	-18.698
0.627425	-18.6994
0.637631	-18.7007
0.646945	-18.702
0.656701	-18.7036
0.666388	-18.7051
0.675736	-18.7061
0.685145	-18.7071
0.693614	-18.7068
0.702238	-18.7057
0.712034	-18.7049
0.722394	-18.7041
0.732532	-18.7034
0.74263	-18.7028
0.752496	-18.7023
0.762295	-18.7019
0.772343	-18.7008
0.782323	-18.6998
0.792455	-18.6991
0.801784	-18.6981
0.810656	-18.6977
0.819832	-18.6989
0.82946	-18.7006
0.839192	-18.7027
0.848431	-18.7052
0.858556	-18.7072
0.868611	-18.7093
0.877514	-18.7114
0.886585	-18.7136
0.895077	-18.7155
0.903723	-18.7175
0.912519	-18.72
0.921622	-18.721
0.930612	-18.7226
0.938892	-18.7241
0.947051	-18.7259
0.9559	-18.727
0.964793	-18.7279
0.974472	-18.7287
0.98336	-18.7288
0.992371	-18.7289
1.00114	-18.7295
1.01015	-18.7288
1.01923	-18.728
1.02809	-18.7268
1.03659	-18.7262
1.04552	-18.7252
1.05508	-18.7226
1.0637	-18.7205
1.07268	-18.7184
1.08181	-18.7164
1.08984	-18.7158
1.09822	-18.7147
1.10599	-18.7136
1.11264	-18.7115
1.11979	-18.7095
1.12802	-18.7087
1.13782	-18.7078
1.14808	-18.7073
1.1587	-18.7074
1.16915	-18.7075
1.1794	-18.7075
1.18993	-18.7072
1.2023	-18.7064
1.21423	-18.7056
1.22575	-18.7051
1.23552	-18.7037
1.24419	-18.7024
1.25335	-18.7011
1.26271	-18.6996
1.27208	-18.6981
1.28118	-18.6968
1.29033	-18.6955
1.29898	-18.6942
1.30735	-18.6942
1.31626	-18.6946
1.32535	-18.6955
1.33445	-18.6974
1.34283	-18.6988
1.35251	-18.6999
1.36216	-18.7014
1.37124	-18.7027
1.38059	-18.704
1.38982	-18.7058
1.39982	-18.7063
1.40881	-18.7075
1.41713	-18.7104
1.42464	-18.7123
1.43324	-18.7142
1.44194	-18.7161
1.45096	-18.7179
1.45902	-18.7189
1.46773	-18.7195
1.47646	-18.7194
1.48523	-18.7192
1.49313	-18.7196
1.50143	-18.7196
1.50866	-18.7209
1.51609	-18.7225
1.52372	-18.7246
1.53144	-18.7275
1.53932	-18.7308
1.54765	-18.7339
1.55607	-18.7371
1.56329	-18.738
1.57085	-18.739
1.57826	-18.7398
1.58563	-18.7406
1.59211	-18.7417
1.60053	-18.7435
1.61008	-18.7431
1.61965	-18.7431
1.63108	-18.742
1.64184	-18.7405
1.65212	-18.7397
1.66214	-18.7385
1.67098	-18.7372
1.67992	-18.7355
1.68844	-18.7337
1.69713	-18.7315
1.70679	-18.7301
1.71663	-18.7289
1.72631	-18.7277
1.73504	-18.7269
1.74389	-18.7255
1.75272	-18.7243
1.76102	-18.7231
1.76884	-18.7213
1.77679	-18.7193
1.78586	-18.7185
1.7952	-18.7179
1.80458	-18.7172
1.81378	-18.7166
1.82341	-18.7164
1.83497	-18.7161
1.84606	-18.7161
1.85787	-18.716
1.86947	-18.7154
1.88164	-18.7148
1.89347	-18.7138
1.90478	-18.7131
1.91586	-18.7125
1.92609	-18.7122
1.93616	-18.7119
1.946	-18.7115
1.95688	-18.7105
1.96725	-18.7104
1.97655	-18.7107
1.98632	-18.711
1.99686	-18.712
2.00701	-18.7132
2.01623	-18.7141
2.02373	-18.715
2.03188	-18.7158
2.04022	-18.717
2.04864	-18.7181
2.05634	-18.7191
2.06473	-18.7192
2.07329	-18.7191
2.08235	-18.7194
2.09249	-18.7203
2.10237	-18.7216
2.11223	-18.7232
2.1222	-18.7249
2.13183	-18.7281
2.14143	-18.7314
2.15027	-18.7337
2.15918	-18.7361
2.16829	-18.7384
2.17743	-18.7408
2.18596	-18.7428
2.19542	-18.7449
2.20495	-18.7465
2.21449	-18.7487
2.22393	-18.7499
2.23337	-18.7509
2.24275	-18.752
2.25313	-18.7537
2.26306	-18.7555
2.27252	-18.7576
2.28175	-18.7596
2.29038	-18.7618
2.29927	-18.7634
2.30753	-18.7659
2.31524	-18.7691
2.32518	-18.771
2.33519	-18.7729
2.34483	-18.7749
2.35528	-18.7774
2.36556	-18.7799
2.37499	-18.7832
2.38451	-18.7863
2.3934	-18.789
2.40189	-18.7918
2.41057	-18.7954
2.41963	-18.7989
2.42967	-18.8018
2.43905	-18.8048
2.44976	-18.8063
2.46027	-18.8079
2.47052	-18.8096
2.48076	-18.8119
2.49086	-18.8142
2.50121	-18.8176
2.5112	-18.8198
2.52087	-18.8216
2.53065	-18.8232
2.54084	-18.8246
2.5509	-18.8259
2.56099	-18.8269
2.57097	-18.8278
2.58096	-18.8289
2.59074	-18.8299
2.60016	-18.8308
2.60932	-18.8318
2.61787	-18.8315
2.62663	-18.8308
2.63519	-18.8304
2.64417	-18.8298
2.65269	-18.8295
2.66084	-18.8287
2.6694	-18.8278
2.67782	-18.8279
2.68643	-18.8282
2.69503	-18.8287
2.70407	-18.8293
2.71204	-18.8303
2.71953	-18.8308
2.72743	-18.8313
2.73642	-18.8319
2.74541	-18.8329
2.75412	-18.8344
2.76293	-18.8365
2.77173	-18.8385
2.78056	-18.8406
2.78921	-18.8423
2.79791	-18.8433
2.80644	-18.8448
2.81622	-18.8459
2.82564	-18.847
2.83461	-18.848
2.84344	-18.8488
2.85294	-18.8519
2.86245	-18.855
2.87194	-18.8581
2.88138	-18.8613
2.89102	-18.8651
2.90046	-18.8684
2.90839	-18.8716
2.91648	-18.875
2.92534	-18.8789
2.93466	-18.8827
2.94556	-18.8867
2.95617	-18.8907
2.96768	-18.896
2.97895	-18.9014
2.99048	-18.908
3.00203	-18.9141
3.01238	-18.9211
3.02457	-18.9265
3.03625	-18.9316
3.04735	-18.9365
3.05666	-18.9399
3.06631	-18.9429
3.07551	-18.946
3.08466	-18.9494
3.09334	-18.9525
3.10261	-18.956
3.1118	-18.9595
3.12056	-18.9628
3.1288	-18.9663
3.13718	-18.9699
3.14584	-18.9735
3.15373	-18.9768
3.16167	-18.9804
3.16968	-18.9842
3.1791	-18.989
3.18848	-18.9916
3.19845	-18.9945
3.20828	-18.9974
3.21783	-19.0001
3.22782	-19.0026
3.23795	-19.0043
3.24617	-19.006
3.25391	-19.0075
3.26241	-19.0088
3.27088	-19.0103
3.28002	-19.0129
3.28898	-19.0157
3.29749	-19.018
3.30548	-19.0201
3.31299	-19.0212
3.3209	-19.0225
3.32937	-19.0242
3.33855	-19.0254
3.34792	-19.0262
3.35702	-19.026
3.36625	-19.0257
3.37592	-19.026
3.38625	-19.026
3.39706	-19.0252
3.40746	-19.0257
3.41615	-19.0272
3.4245	-19.0296
3.433	-19.032
3.44155	-19.0343
3.44921	-19.0364
3.45763	-19.0384
3.46594	-19.0421
3.47484	-19.0459
3.48304	-19.0496
3.49086	-19.0536
3.49761	-19.0573
3.50539	-19.0614
3.513	-19.0657
3.52085	-19.0703
3.52851	-19.0764
3.53737	-19.0828
3.54581	-19.0878
3.55453	-19.0918
3.56378	-19.095
3.57328	-19.0989
3.58255	-19.1031
3.59161	-19.1073
3.60027	-19.1117
3.60899	-19.1156
3.61752	-19.1205
3.62594	-19.1253
3.63441	-19.1303
3.64275	-19.1354
3.65088	-19.1414
3.65901	-19.1478
3.66679	-19.154
3.67437	-19.1594
3.68201	-19.1644
3.6893	-19.1696
3.69738	-19.1738
3.70652	-19.1782
3.71531	-19.1816
3.72385	-19.1836
3.73244	-19.1866
3.74047	-19.1914
3.74845	-19.1959
3.75668	-19.2006
3.76428	-19.2047
3.77034	-19.2098
3.77634	-19.2147
3.78282	-19.2201
3.78987	-19.226
3.79701	-19.232
3.80233	-19.2374
3.80795	-19.243
3.81377	-19.2486
3.81942	-19.2547
3.82427	-19.2603
3.82795	-19.266
3.8345	-19.2722
3.84023	-19.2781
3.84632	-19.2843
3.85328	-19.2913
3.86124	-19.2978
3.86814	-19.3051
3.87478	-19.3126
3.88171	-19.3201
3.88837	-19.3276
3.89661	-19.3355
3.90551	-19.3434
3.9131	-19.3507
3.91983	-19.3577
3.92687	-19.3654
3.93382	-19.373
3.94005	-19.3806
3.94554	-19.3879
3.95091	-19.3956
3.95622	-19.4024
3.96196	-19.4088
3.96766	-19.4151
3.9737	-19.4221
3.97986	-19.429
3.98544	-19.4364
3.99166	-19.4446
3.99721	-19.4525
4.0026	-19.4603
4.00798	-19.4674
4.0133	-19.4747
4.01895	-19.4823
4.02477	-19.49
4.0295	-19.4962
4.03504	-19.5033
4.04044	-19.5107
4.04579	-19.5181
4.05069	-19.5254
4.05516	-19.5322
4.05869	-19.5392
4.062	-19.5468
4.06449	-19.5533
4.06665	-19.5604
4.06944	-19.5692
4.07356	-19.5781
4.07702	-19.5873
4.07963	-19.5968
4.08258	-19.6068
4.08421	-19.6142
4.08649	-19.6226
4.08892	-19.6309
4.09167	-19.6396
4.09442	-19.6483
4.09745	-19.6568
4.09979	-19.6652
4.10221	-19.6722
4.10453	-19.6799
4.10742	-19.688
4.11036	-19.6963
4.11447	-19.7037
4.11883	-19.7118
4.12345	-19.7199
4.12737	-19.7286
4.13129	-19.7373
4.13629	-19.7447
4.14151	-19.752
4.14699	-19.7607
4.15295	-19.7704
4.15901	-19.7797
4.16499	-19.7882
4.17093	-19.797
4.17661	-19.8059
4.1821	-19.8147
4.18754	-19.8235
4.19242	-19.832
4.19742	-19.8403
4.20245	-19.8485
4.20781	-19.857
4.21361	-19.8649
4.21999	-19.8733
4.22658	-19.8812
4.23385	-19.8881
4.24054	-19.895
4.24712	-19.9023
4.25465	-19.9088
4.26424	-19.9152
4.27333	-19.9214
4.28221	-19.9275
4.29092	-19.9333
4.29958	-19.9391
4.30786	-19.9446
4.31599	-19.9501
4.32486	-19.9566
4.33275	-19.9626
4.34079	-19.9686
4.34845	-19.9733
4.35626	-19.9775
4.36404	-19.982
4.37209	-19.9865
4.37994	-19.9917
4.38829	-19.9967
4.39608	-20.0013
4.40317	-20.0055
4.41173	-20.0095
4.42019	-20.0134
4.42755	-20.016
4.43464	-20.019
4.442	-20.0221
4.4497	-20.025
4.4573	-20.0275
4.4659	-20.029
4.4746	-20.0306
4.48338	-20.0312
4.49247	-20.0317
4.5025	-20.0321
4.51249	-20.0327
4.5225	-20.0333
4.53165	-20.0343
4.54207	-20.0365
4.5517	-20.0396
4.56083	-20.0427
4.56979	-20.046
4.57899	-20.0486
4.58867	-20.0504
4.59611	-20.0528
4.60289	-20.0557
4.60965	-20.0592
4.61508	-20.063
4.62215	-20.0671
4.62819	-20.0712
4.63483	-20.0754
4.64103	-20.0798
4.64771	-20.0847
4.65518	-20.0887
4.66271	-20.0925
4.66964	-20.0958
4.67702	-20.1001
4.68464	-20.1038
4.69244	-20.1071
4.70031	-20.1102
4.70722	-20.1134
4.71402	-20.1175
4.7208	-20.1213
4.72882	-20.1258
4.73674	-20.1307
4.7434	-20.1355
4.74925	-20.1416
4.75481	-20.1482
4.76059	-20.1551
4.76678	-20.1619
4.77356	-20.17
4.78065	-20.1783
4.78863	-20.1857
4.79759	-20.1932
4.80559	-20.1999
4.8132	-20.2073
4.82057	-20.2146
4.82709	-20.2217
4.83425	-20.2293
4.84115	-20.2366
4.84751	-20.2437
4.85389	-20.2508
4.86096	-20.2579
4.86821	-20.2651
4.87532	-20.2724
4.88245	-20.2796
4.88941	-20.2862
4.89625	-20.2929
4.90413	-20.3005
4.91051	-20.3077
4.91567	-20.3153
4.92094	-20.3231
4.92669	-20.3307
4.93302	-20.3388
4.9388	-20.3466
4.94454	-20.3544
4.95075	-20.3624
4.95746	-20.371
4.9656	-20.3805
4.97356	-20.3896
4.98146	-20.3984
4.9889	-20.4073
4.99536	-20.4168
5.00074	-20.4253
5.00694	-20.4351
5.0131	-20.4438
5.01887	-20.4524
5.02467	-20.4607
5.03034	-20.469
5.03606	-20.4772
5.04209	-20.4854
5.04795	-20.4936
5.05402	-20.5018
5.06028	-20.51
5.06593	-20.5182
5.07138	-20.527
5.07636	-20.5363
5.07992	-20.5462
5.08399	-20.5563
5.08809	-20.5658
5.09172	-20.5764
5.0959	-20.5874
5.101	-20.5983
5.10683	-20.6096
5.11211	-20.6202
5.11626	-20.6297
5.11967	-20.6375
5.12347	-20.646
5.12624	-20.6552
5.12869	-20.6647
5.13104	-20.6742
5.13332	-20.683
5.13583	-20.6917
5.13815	-20.701
5.14064	-20.7096
5.1443	-20.7182
5.14822	-20.7264
5.15194	-20.7349
5.15736	-20.743
5.16279	-20.7513
5.1681	-20.7596
5.17337	-20.7679
5.17825	-20.777
5.18206	-20.7862
5.18578	-20.7949
5.18884	-20.804
5.19195	-20.8135
5.19499	-20.8238
5.19905	-20.8337
5.20305	-20.8434
5.20714	-20.8526
5.21002	-20.8598
5.21291	-20.8673
5.21618	-20.8751
5.2197	-20.8839
5.22397	-20.8924
5.2289	-20.9006
5.2338	-20.9086
5.23923	-20.9172
5.24436	-20.9256
5.24892	-20.9338
5.25382	-20.9416
5.25922	-20.9499
5.26444	-20.958
5.26803	-20.9657
5.27258	-20.9737
5.27719	-20.9817
5.2821	-20.9896
5.28799	-20.9967
5.29347	-21.0031
5.30088	-21.0099
5.30803	-21.0172
5.31582	-21.0252
5.32346	-21.0329
5.33117	-21.0402
5.33765	-21.0473
5.34394	-21.0547
5.35023	-21.0611
5.35647	-21.0676
5.36295	-21.0753
5.36936	-21.0842
5.37603	-21.0929
5.38257	-21.1013
5.38905	-21.1092
5.39714	-21.1163
5.40531	-21.1228
5.41332	-21.1294
5.42052	-21.1348
5.42778	-21.1415
5.43464	-21.1484
5.44102	-21.156
5.44733	-21.1637
5.45256	-21.1709
5.45816	-21.178
5.46361	-21.1849
5.46849	-21.1922
5.47299	-21.1994
5.47758	-21.2072
5.48166	-21.2153
5.48586	-21.2233
5.49032	-21.2314
5.49491	-21.2399
5.50017	-21.248
5.50674	-21.2562
5.5135	-21.265
5.5201	-21.2734
5.52721	-21.2825
5.53438	-21.2914
5.54079	-21.3006
5.54644	-21.3091
5.55195	-21.3175
5.55743	-21.3259
5.56311	-21.3349
5.56867	-21.3436
5.57345	-21.3519
5.57825	-21.3605
5.58376	-21.3689
5.58909	-21.3767
5.59473	-21.3845
5.60023	-21.3924
5.60563	-21.4011
5.61079	-21.4087
5.61616	-21.4162
5.62141	-21.4231
5.62694	-21.4306
5.6328	-21.4379
5.63811	-21.4456
5.64288	-21.454
5.64813	-21.4623
5.65328	-21.4712
5.65832	-21.4795
5.66179	-21.489
5.66518	-21.4984
5.66884	-21.5077
5.67257	-21.5168
5.67602	-21.526
5.67886	-21.5357
5.68178	-21.5452
5.68546	-21.5557
5.68907	-21.5658
5.69242	-21.5748
5.69563	-21.585
5.69878	-21.5951
5.70162	-21.6057
5.70301	-21.6151
5.70283	-21.6235
5.70313	-21.633
5.70336	-21.6425
5.70392	-21.6524
5.7047	-21.6622
5.70605	-21.6709
5.70809	-21.6792
5.70997	-21.6869
5.7125	-21.695
5.71567	-21.7033
5.71994	-21.7107
5.72412	-21.7182
5.72767	-21.7256
5.73065	-21.7336
5.73395	-21.7417
5.73819	-21.7504
5.74233	-21.7586
5.74694	-21.7656
5.75177	-21.7729
5.75629	-21.7805
5.76036	-21.7873
5.76583	-21.7941
5.77141	-21.8011
5.77777	-21.8092
5.78299	-21.8172
5.78812	-21.8253
5.79325	-21.8334
5.79846	-21.8413
5.80352	-21.8501
5.8086	-21.8596
5.81492	-21.8692
5.82056	-21.8793
5.82588	-21.889
5.83108	-21.8981
5.83632	-21.9071
5.84148	-21.9157
5.84657	-21.9242
5.85214	-21.9311
5.85835	-21.9376
5.86477	-21.9438
5.8714	-21.9502
5.878	-21.9554
5.88629	-21.9602
5.89451	-21.964
5.90255	-21.968
5.91044	-21.9719
5.91872	-21.9759
5.92669	-21.9803
5.93419	-21.9845
5.9411	-21.9882
5.9475	-21.992
5.95465	-21.9947
5.96156	-21.998
5.96991	-22.0021
5.97833	-22.0053
5.98749	-22.0084
5.99585	-22.0109
6.00495	-22.0132
6.01438	-22.0143
6.02428	-22.0155
6.03393	-22.0165
6.04346	-22.0176
6.05316	-22.0192
6.06318	-22.0208
6.07302	-22.0224
6.08292	-22.024
6.09086	-22.0254
6.09885	-22.0267
6.10721	-22.0282
6.11606	-22.0295
6.125	-22.0318
6.13345	-22.034
6.14225	-22.0361
6.15142	-22.0382
6.15978	-22.0405
6.16902	-22.0427
6.17831	-22.0455
6.18793	-22.0464
6.19894	-22.047
6.21038	-22.0488
6.22163	-22.0509
6.23269	-22.053
6.24378	-22.0552
6.25476	-22.0571
6.26515	-22.0591
6.27593	-22.062
6.28647	-22.0659
6.29737	-22.0704
6.30937	-22.0754
6.32107	-22.0805
6.332	-22.0857
6.34286	-22.0902
6.35441	-22.0954
6.3656	-22.1003
6.37662	-22.1051
6.38623	-22.1112
6.39497	-22.1186
6.40399	-22.1257
6.41244	-22.132
6.42047	-22.1377
6.4288	-22.1432
6.43765	-22.1485
6.44499	-22.1534
6.45329	-22.1582
6.4611	-22.1626
6.4682	-22.1669
6.4754	-22.1714
6.48341	-22.1765
6.49226	-22.181
6.50142	-22.1858
6.5106	-22.1907
6.5196	-22.1961
6.52963	-22.2011
6.53952	-22.2065
6.54818	-22.2109
6.5572	-22.2152
6.56622	-22.219
6.57553	-22.2223
6.58365	-22.2257
6.59173	-22.2291
6.6	-22.2319
6.60929	-22.2343
6.6191	-22.2364
6.62782	-22.2389
6.63721	-22.2417
6.64665	-22.244
6.65682	-22.2465
6.66702	-22.2492
6.67663	-22.2509
6.68732	-22.2531
6.69808	-22.2567
6.70843	-22.2602
6.7177	-22.2629
6.72726	-22.2654
6.73703	-22.269
6.74672	-22.2727
6.75621	-22.2763
6.76606	-22.2782
6.77609	-22.28
6.78572	-22.2818
6.79536	-22.2841
6.80422	-22.2867
6.81267	-22.2895
6.82145	-22.2926
6.8296	-22.2947
6.83792	-22.2968
6.84619	-22.2999
6.85479	-22.303
6.86399	-22.3064
6.87325	-22.3094
6.88254	-22.3124
6.89173	-22.3154
6.9018	-22.3188
6.91126	-22.322
6.92098	-22.3253
6.93096	-22.3277
6.94047	-22.3307
6.94924	-22.3332
6.95724	-22.3348
6.96542	-22.3365
6.97414	-22.3381
6.98373	-22.3397
6.9929	-22.3409
7.00216	-22.3423
7.0114	-22.3439
7.02147	-22.3467
7.0329	-22.3492
7.04483	-22.3518
7.05718	-22.3547
7.06863	-22.358
7.07975	-22.3612
7.08968	-22.3652
7.09961	-22.3695
7.1094	-22.3736
7.11967	-22.3775
7.13054	-22.3813
7.14109	-22.3842
7.15131	-22.387
7.16142	-22.3894
7.17117	-22.3919
7.18026	-22.3947
7.18929	-22.3969
7.19827	-22.3992
7.20768	-22.4014
7.21735	-22.4031
7.22703	-22.4048
7.23609	-22.4068
7.245	-22.4092
7.25414	-22.4116
7.26273	-22.4135
7.27237	-22.4154
7.28206	-22.4172
7.29114	-22.4191
7.30058	-22.4217
7.30995	-22.4242
7.3192	-22.4269
7.3277	-22.4302
7.33627	-22.4334
7.34513	-22.436
7.35412	-22.4386
7.36301	-22.4409
7.37137	-22.4431
7.37993	-22.4452
7.38831	-22.4475
7.39698	-22.449
7.40627	-22.4504
7.41664	-22.4518
7.42694	-22.4531
7.43716	-22.4543
7.44725	-22.4556
7.45686	-22.4571
7.46756	-22.4593
7.47746	-22.4607
7.48813	-22.4621
7.49805	-22.4633
7.50811	-22.4647
7.51803	-22.4664
7.52721	-22.4684
7.53642	-22.4701
7.54625	-22.4724
7.55624	-22.4746
7.56625	-22.4764
7.57629	-22.4773
7.58602	-22.4781
7.59536	-22.4788
7.60519	-22.4785
7.61463	-22.4782
7.6243	-22.4779
7.63401	-22.4777
7.64404	-22.4788
7.654	-22.4798
7.6632	-22.4808
7.67264	-22.4819
7.68178	-22.4815
7.69167	-22.4816
7.70038	-22.482
7.70927	-22.4824
7.71873	-22.4832
7.72754	-22.4826
7.73682	-22.4818
7.74581	-22.4822
7.75495	-22.4827
7.76405	-22.4827
7.77381	-22.4824
7.78375	-22.4827
7.79362	-22.4825
7.80388	-22.4822
7.81498	-22.4826
7.82596	-22.4837
7.83669	-22.4847
7.84722	-22.4859
7.85733	-22.4855
7.86696	-22.4848
7.87676	-22.4847
7.88736	-22.4855
7.8979	-22.4861
7.9081	-22.4869
7.91892	-22.4875
7.92845	-22.4869
7.93979	-22.4832
7.95089	-22.4798
7.9614	-22.4744
7.9713	-22.4697
7.98113	-22.4652
7.99163	-22.4609
8.00258	-22.4565
8.01357	-22.4518
8.02441	-22.4471
8.03406	-22.4426
8.04364	-22.4382
8.05207	-22.4341
8.0602	-22.4285
8.06851	-22.4224
8.07703	-22.416
8.08547	-22.4099
8.09361	-22.4048
8.10182	-22.3995
8.10897	-22.3942
8.11509	-22.3901
8.12097	-22.3856
8.12674	-22.3808
8.13279	-22.3758
8.13892	-22.3711
8.14492	-22.366
8.15148	-22.3607
8.1581	-22.3559
8.16584	-22.3517
8.17407	-22.348
8.18306	-22.3442
8.19277	-22.3419
8.20262	-22.3398
8.21236	-22.3377
8.22181	-22.3361
8.2337	-22.3359
8.24525	-22.336
8.25638	-22.3342
8.26696	-22.3334
8.27753	-22.333
8.28723	-22.3329
8.29669	-22.3326
8.30581	-22.3322
8.31515	-22.3328
8.32434	-22.3344
8.33496	-22.3353
8.34412	-22.3362
8.35367	-22.3377
8.36269	-22.3396
8.37087	-22.3415
8.37904	-22.3436
8.38809	-22.3449
8.39664	-22.3465
8.40513	-22.3482
8.41363	-22.35
8.4224	-22.3523
8.43109	-22.3548
8.43899	-22.3581
8.44707	-22.3615
8.45475	-22.3648
8.46251	-22.368
8.47066	-22.3716
8.47853	-22.3758
8.48722	-22.3805
8.49533	-22.3857
8.5033	-22.3908
8.51079	-22.3963
8.51885	-22.4008
8.52715	-22.4047
8.53598	-22.409
8.54484	-22.4135
8.55348	-22.4165
