###  Units are X_hat = 1.73cm.
0.785398
0.772488
0.785603
0.851412
0.873613
0.876403
0.870854
0.815507
0.807547
0.76556
0.764896
0.741575
0.754185
0.735924
0.786374
0.813871
0.805205
0.803512
0.778553
0.799675
0.763321
0.774937
0.814309
0.808656
0.815443
0.771347
0.770107
0.776692
0.825764
0.805848
0.812679
0.839257
0.866506
0.861848
0.820385
0.903324
0.940701
0.907753
0.939502
0.951165
0.929706
0.928913
0.962718
0.916092
0.912128
0.871338
0.804463
0.839078
0.860883
0.841834
0.832538
0.829865
0.802067
0.703624
0.727111
0.709375
0.74221
0.663779
0.629217
0.644429
0.655192
0.660432
0.633502
0.636355
0.626464
0.648261
0.630335
0.663306
0.668819
0.66799
0.668028
0.74793
0.758638
0.763005
0.746643
0.745973
0.857078
0.858795
0.79375
0.805197
0.792444
0.822348
0.815171
0.819685
0.862384
0.897259
0.896133
0.905243
0.914207
0.899431
0.896549
0.846854
0.82783
0.80216
0.808523
0.76527
0.731143
0.727959
0.766313
0.751876
0.73362
0.722884
0.731412
0.720763
0.7328
0.728129
0.713423
0.720648
0.728741
0.739087
0.747457
0.730497
0.738951
0.740774
0.695332
0.681449
0.652908
0.649139
0.66349
0.637326
0.634943
0.64991
0.646499
0.647233
0.660442
0.662133
0.667698
0.667777
0.714163
0.6743
0.684467
0.680887
0.678532
0.658174
0.653227
0.64288
0.632157
0.665272
0.662545
0.662436
0.653642
0.644925
0.638002
0.664192
0.685576
0.665432
0.658254
0.678174
0.674568
0.652163
0.651441
0.678722
0.732269
0.715728
0.740767
0.756201
0.72565
0.731369
0.719519
0.721041
0.740196
0.745327
0.773901
0.713221
0.720474
0.698866
0.694946
0.730176
0.798867
0.708598
0.702388
0.66062
0.602715
0.565951
0.561119
0.580406
0.579768
0.591215
0.590755
0.567213
0.56325
0.567992
0.55753
0.550409
0.562492
0.558218
0.561972
0.575791
0.539927
0.588073
0.593234
0.534181
0.531571
0.542316
0.540684
0.562045
0.5129
0.50779
0.568926
0.582333
0.570409
0.587387
0.612031
0.584782
0.571591
0.607989
0.634943
0.624955
0.624709
0.63629
0.636134
0.634804
0.619624
0.558527
0.525887
0.519857
0.492246
0.498034
0.504693
0.489047
0.501557
0.428104
0.437173
0.426671
0.399791
0.373056
0.350685
0.359724
0.341203
0.306965
0.260439
0.269522
0.264251
0.249169
0.283446
0.36156
0.353833
0.315832
0.315245
0.316482
0.315442
0.301787
0.296918
0.277046
0.277008
0.330901
0.405809
0.402728
0.444103
0.45085
0.485269
0.495932
0.460995
0.4544
0.452172
0.535021
0.53481
0.485071
0.474886
0.475956
0.479368
0.494028
0.475811
0.47086
0.413155
0.403273
0.441363
0.421066
0.413829
0.39351
0.390032
0.317266
0.29576
0.295021
0.279997
0.304291
0.255855
0.254691
0.275386
0.249439
0.247012
0.208135
0.236363
0.352715
0.349837
0.351587
0.388304
0.360514
0.354489
0.382051
0.398368
0.432152
0.43642
0.417266
0.42355
0.433388
0.504566
0.508458
0.512033
0.503521
0.454003
0.48054
0.450141
0.422904
0.367039
0.331314
0.328867
0.302398
0.342167
0.344242
0.343297
0.342856
0.335684
0.335667
0.305115
0.29282
0.332513
0.298193
0.328252
0.346406
0.282735
0.263443
0.296289
0.296787
0.238922
0.261673
0.2588
0.218162
0.202461
0.224069
0.23972
0.293411
0.254538
0.227176
0.14913
0.158491
0.135341
0.146725
0.251436
0.286647
0.284135
0.322841
0.324956
0.316642
0.310577
0.27421
0.309105
0.258787
0.22484
0.193055
0.193166
0.153944
0.135542
0.133519
0.135704
0.202354
0.213442
0.175168
0.187692
0.184809
0.160163
0.172328
0.179795
0.168017
0.170246
0.169247
0.220986
0.244392
0.241116
0.230752
0.204368
0.223841
0.124444
0.115478
0.0761313
0.0850031
0.0437593
0.0454443
0.0464217
0.0525135
0.0683089
0.0672319
0.0910876
0.0324726
-0.0138719
0.00803477
0.0122194
-0.0378312
-0.0691973
-0.0692171
-0.0627893
-0.0805432
-0.0893356
-0.0630333
-0.0376297
-0.0580157
-0.05534
-0.0582869
-0.067711
-0.0641729
-0.0704808
0.00950391
-0.00176309
0.0107089
0.0473249
0.0433524
0.0461572
0.0269292
-0.0156922
-0.0133849
-0.0362132
-0.0954447
-0.0721536
-0.0348135
-0.0395324
-0.0332564
-0.0318038
-0.014511
0.0126153
0.0518162
0.0273819
0.0573897
0.0574752
0.0692822
0.0397476
0.0715118
0.0872956
0.0886264
0.126233
0.159033
0.15628
0.120017
0.0090434
0.000460662
0.0687092
0.0627062
-0.00138555
-0.0200249
-0.0198596
0.00674057
0.00111602
0.00878671
0.00374144
0.0145817
0.0262758
-0.0175225
0.0610476
0.0774263
0.0169345
-0.0336415
-0.0440752
-0.055673
-0.0973443
-0.0873501
-0.0737616
-0.121745
-0.053771
-0.0550975
-0.038026
0.0108983
0.031036
0.0314464
0.026691
0.0233155
-0.00838599
-0.0164434
-0.00949601
0.0640957
0.0866164
0.045893
0.042361
0.0800307
0.0783582
0.0845363
0.101272
0.0934541
0.0924067
0.100714
0.0909589
0.0919386
0.0873009
0.0225221
0.0327589
0.0279777
0.0191764
0.0859995
0.0971677
0.0948154
0.0779756
0.0928691
0.183106
0.167569
0.160084
0.133143
0.107843
0.18867
0.168904
0.119132
0.131176
0.126671
0.11988
0.0323644
-0.00684389
-0.0276062
-0.0369759
-0.0574847
-0.0772065
-0.0417281
-0.00913264
-0.00779436
0.0486774
0.032996
0.117954
0.152237
0.0448474
0.0133265
0.00569066
0.0753363
0.0251777
0.0493109
-0.00505648
-0.00646492
-0.00568707
-0.0784948
-0.0737452
-0.0751209
-0.0789374
-0.124243
-0.136719
-0.0976691
-0.0911136
-0.0536131
-0.0814549
-0.0569734
-0.0512528
-0.0325538
-0.0756537
-0.0887854
-0.0824702
-0.0785945
-0.10068
-0.155327
-0.183702
-0.197378
-0.178816
-0.169733
-0.158863
-0.135313
-0.124611
-0.172167
-0.124169
-0.127396
-0.102328
-0.0694133
-0.0661258
-0.0645635
-0.0802182
-0.0946499
-0.0787243
-0.0786909
-0.0700904
-0.0929595
-0.166928
-0.104671
-0.0704094
-0.0678276
-0.0219307
-0.0444226
-0.100668
-0.112232
-0.174249
-0.107566
-0.0788733
-0.0812535
-0.015927
-0.0156286
-0.0458978
-0.0533266
-0.0580653
-0.0890576
-0.0578591
0.0454998
0.0559484
0.000231842
-0.00135623
-0.0420968
-0.152666
-0.162853
-0.140922
-0.136813
-0.145554
-0.101142
-0.10168
-0.0962738
-0.0865439
-0.0273734
-0.0408986
-0.0394569
-0.0255661
-0.0356859
-0.0197473
0.0129413
-0.00629713
-0.00910498
-0.00397348
-0.000175019
0.0158281
-0.00144317
-0.0474507
-0.0375624
-0.0252519
-0.0224576
-0.0180543
0.00941118
0.0070643
0.061186
0.0762164
0.034695
0.0391262
0.0366594
0.00836287
0.0276896
-0.000428767
0.00737018
0.0276922
-0.00763011
0.0308459
0.034588
0.0311264
0.0259871
0.00657205
-0.0149532
-0.0158403
-0.0693478
-0.0221396
-0.0165375
-0.0372194
0.0156921
0.0171335
-0.030569
-0.0621935
-0.127881
-0.146028
-0.161093
-0.179526
-0.168506
-0.189673
-0.170877
-0.168599
-0.163938
-0.149467
-0.109789
-0.112192
-0.0861223
-0.0962517
-0.0804902
-0.0687445
-0.0721897
-0.079702
-0.0868276
-0.0488192
-0.0261394
0.0745544
0.082309
0.0760466
0.114178
0.141989
0.153855
0.167024
0.182183
0.204308
0.189681
0.202125
0.209514
0.142268
0.152459
0.188809
0.217574
0.21971
0.242889
0.281738
0.297219
0.267129
0.270514
0.292182
0.303676
0.311559
0.332581
0.352064
0.424434
0.444026
0.429784
0.397413
0.381867
0.43691
0.482109
0.499459
0.542919
0.576282
0.666876
0.762855
0.765174
0.756933
0.756521
0.772104
0.728894
0.76006
0.719581
0.697326
0.754269
0.782198
0.799764
0.887108
0.905002
0.918277
0.928997
0.89232
0.89028
0.848662
0.849744
0.870697
0.885345
0.904238
0.885604
0.934415
0.950258
0.989174
0.981764
1.01372
1.02984
1.02799
1.10867
1.11121
1.13983
1.18182
1.2521
1.29399
1.3149
1.32709
1.34519
1.33368
1.34217
1.35289
1.36147
1.37362
1.35249
1.35414
1.37076
1.42883
1.47687
1.57174
1.55715
1.56583
1.54533
1.57155
1.59154
1.64581
1.65893
1.66105
1.68184
1.69127
1.68141
1.68641
1.70202
1.71344
1.72797
1.6869
1.72502
1.71445
1.70654
1.70578
1.80479
1.7849
1.82473
1.89314
1.9054
1.91456
1.89327
1.87413
1.87571
1.86781
1.84866
1.81934
1.82889
1.83024
1.84483
1.86956
1.88086
1.91055
1.87934
1.86263
1.87856
1.86245
1.82815
1.89277
1.91666
1.96554
1.96781
1.97564
1.95954
1.9435
1.97277
1.98191
1.97169
2.01961
2.01635
2.07374
2.07097
2.08199
2.08102
2.02689
2.02911
1.98471
1.97517
1.99121
1.98922
1.95316
1.97457
2.02287
2.02204
2.01164
2.03435
2.00794
1.99694
1.96797
1.9867
1.97314
1.97387
1.99102
2.00332
1.97692
1.98826
1.99714
1.99561
2.02045
2.05278
2.04485
2.03185
1.99966
2.02464
2.05923
2.09002
2.0986
2.07705
2.116
2.13635
2.15771
2.14805
2.16309
2.14364
2.15676
2.20239
2.21968
2.24488
2.27254
2.27073
2.25688
2.26263
2.21772
2.24354
2.27221
2.3018
2.29861
2.31901
2.34153
2.37745
2.379
2.38713
2.39506
2.38708
2.40766
2.38897
2.45832
2.48891
2.4879
2.48964
2.50632
2.47007
2.45146
2.45465
2.41052
2.42386
2.41078
2.40215
2.38398
2.429
2.44916
2.49758
2.57914
2.63063
2.65804
2.54134
2.56525
2.55941
2.48961
2.45241
2.49981
2.54063
2.52337
2.50367
2.50406
2.50503
2.40841
2.38563
2.34896
2.31984
2.24139
2.20369
2.22093
2.13691
2.10704
2.08242
2.0459
2.00954
1.94673
1.97048
1.91854
1.90299
1.87812
1.90877
1.91283
1.87866
1.84175
1.82002
1.79272
1.77465
1.76104
1.73207
1.71377
1.69427
1.68013
1.64826
1.63939
1.63761
1.61412
1.5735
1.56998
1.56713
1.54052
1.48882
1.45871
1.43317
1.4041
1.43303
1.509
1.49985
1.48997
1.50975
1.48613
1.4632
1.49215
1.52273
1.60899
1.59847
1.5867
1.56919
1.60742
1.57838
1.57817
1.53683
1.52991
1.51033
1.49618
1.44702
1.43024
1.45056
1.41388
1.43447
1.36969
1.3104
1.25957
1.24859
1.23901
1.31432
1.2945
1.25878
1.23757
1.21294
1.17176
1.16429
1.20153
1.1877
1.13138
1.11438
1.13924
1.12435
1.12043
1.14354
1.15901
1.15393
1.17616
1.16878
1.19441
1.16563
1.13172
1.11515
1.11596
1.1494
1.13082
1.11444
1.16539
1.11141
1.12056
1.10188
1.0898
1.03361
1.04092
1.05063
1.0672
1.06131
1.03605
0.989256
0.92135
0.871366
0.861236
0.869889
0.844613
0.844708
0.756461
0.704131
0.713095
0.714733
0.740745
0.730023
0.710032
0.661464
0.68721
0.708196
0.732293
0.738781
0.740061
0.74106
0.736651
0.775023
0.801888
0.759097
0.747891
0.713931
0.711516
0.752581
0.739453
0.734572
0.740772
0.772943
0.816536
0.82101
0.818701
0.843639
0.847282
0.859012
0.910278
0.922443
0.917354
0.963345
0.956228
0.935433
0.936148
0.985672
1.02367
1.04945
1.06419
1.04023
0.971634
0.945336
0.960474
0.993314
1.00996
0.996546
1.06803
1.04016
1.04634
1.05134
1.09066
1.09235
1.05207
1.03437
0.989008
0.966871
0.988875
0.972814
0.987696
0.984862
1.01931
1.0142
1.04637
1.03332
1.05033
1.09245
1.12805
1.14939
1.18976
1.19381
1.20371
1.2269
1.20868
1.25219
1.26553
1.31412
1.32027
1.33424
1.34005
1.36997
1.33432
1.33494
1.31564
1.34879
1.38145
1.30413
1.30923
1.31463
1.35425
1.37268
1.3954
1.406
1.41133
1.4827
1.48441
1.50629
1.53475
1.49067
1.44753
1.47227
1.48887
1.50356
1.55174
1.56981
1.56076
1.61169
1.64802
1.67011
1.6341
1.63133
1.62458
1.59311
1.60854
1.59734
1.60168
1.62046
1.61389
1.70478
1.66496
1.65079
1.67707
1.67416
1.70308
1.71341
1.69414
1.67154
1.67187
1.68304
1.71951
1.67262
1.68507
1.68635
1.69465
1.75311
1.7533
1.76797
1.82692
1.84665
1.88874
1.91809
1.93064
1.88367
1.88627
1.95067
1.90581
1.9362
1.89707
1.9359
1.95918
1.96047
1.99136
1.97552
1.95521
1.93976
1.97277
2.0144
2.01291
2.03717
2.0499
2.02654
2.03638
2.07664
2.09462
2.10316
2.11775
2.0917
2.10768
2.07
2.0737
2.04654
2.07912
2.04422
1.98309
2.00759
2.04056
2.04446
2.04469
2.04915
1.9852
1.9936
1.98388
1.99119
1.97949
1.97092
2.01524
2.04529
2.05097
2.12435
2.10536
2.09526
2.05278
2.05692
2.10937
2.10271
2.13906
2.14696
2.17176
2.17078
2.21458
2.28305
2.27785
2.27473
2.2779
2.27796
2.28444
2.28169
2.29927
2.30322
2.32334
2.33847
2.32033
2.32486
2.32187
2.28471
2.23855
2.23963
2.24124
2.23442
2.23378
2.24041
2.21918
2.20805
2.19534
2.20467
2.18926
2.17933
2.14134
2.12679
2.13861
2.06787
2.04954
1.97275
1.96166
1.89846
1.89023
1.88256
1.87757
1.84888
1.83054
1.86608
1.82107
1.80004
1.78641
1.76268
1.77324
1.76559
1.78903
1.78346
1.75527
1.76568
1.71142
1.69307
1.67211
1.64575
1.62229
1.57019
1.55438
1.5133
1.4964
1.48036
1.46879
1.4546
1.40467
1.38645
1.37248
1.34052
1.35146
1.37092
1.32585
1.26245
1.26744
1.22993
1.21838
1.20455
1.20252
1.18907
1.13139
1.13205
1.09257
1.07283
0.995448
0.975172
0.927802
0.956582
0.969454
0.959017
0.889104
0.874367
0.879457
0.889975
0.899997
0.898515
0.909821
0.916128
0.923486
0.939112
0.966049
0.906187
0.958835
0.983151
1.03851
1.05129
1.06201
1.09616
1.16233
1.19783
1.21295
1.21337
1.14605
1.12431
1.13466
1.14664
1.19612
1.20837
1.21164
1.24199
1.24448
1.27764
1.35749
1.36619
1.38436
1.39337
1.41925
1.4258
1.40941
1.44161
1.4505
1.44801
1.45571
1.47288
1.49234
1.49145
1.50803
1.52719
1.54174
1.58563
1.55284
1.60532
1.60432
1.60977
1.55368
1.62998
1.59331
1.61065
1.61288
1.65927
1.6955
1.69514
1.70869
1.71008
1.73453
1.7797
1.85572
1.84252
1.85974
1.8281
1.85213
1.87472
1.90277
1.93151
1.92257
1.91903
1.92812
1.94389
1.92613
1.92581
1.93776
1.93733
1.94599
1.97319
2.03336
2.0589
2.06906
2.07698
2.06855
2.13282
2.07905
2.08258
2.11213
2.14676
2.12351
2.16207
2.15737
2.16811
2.1353
2.15582
2.14459
2.18597
2.10452
2.10496
2.09262
2.08169
2.06722
2.08138
2.04069
2.00969
1.93517
1.87589
1.87657
1.89384
1.87645
1.89244
1.88724
1.89362
1.9428
1.91674
1.92228
1.97627
1.94857
1.91227
1.92697
1.92574
1.95404
1.91001
1.93814
1.93174
1.94656
1.943
1.90871
1.90678
1.9221
1.90205
1.89706
1.89952
1.91239
1.91094
1.99152
1.99442
1.95465
1.96087
1.97549
1.96443
1.97154
1.96592
1.95606
2.04553
2.03559
2.03314
2.05888
2.05924
2.06342
2.12385
2.15454
2.1544
2.16904
2.193
2.22241
2.26955
2.28433
2.29145
2.27985
2.29562
2.37903
2.42544
2.38827
2.36884
2.33999
2.32116
2.24319
2.22282
2.26717
2.29549
2.26435
2.26279
2.29066
2.24203
2.21525
2.24253
2.22052
2.19151
2.1966
2.17618
2.17902
2.16214
2.16283
2.19227
2.20108
2.19933
2.18033
2.16245
2.19233
2.163
2.15283
2.14555
2.14716
2.12926
2.13733
2.11944
2.08635
2.00306
1.99845
1.99618
1.98551
1.9794
1.96521
2.02875
2.02603
2.01221
1.9558
1.93002
1.93179
1.91067
1.89401
1.83668
1.84307
1.86167
1.87853
1.85941
1.80006
1.73323
1.68888
1.69713
1.65585
1.67436
1.61439
1.59478
1.61843
1.65909
1.66062
1.67774
1.56191
1.53357
1.5311
1.55686
1.59149
1.55716
1.55678
1.55106
1.54377
1.54076
1.55446
1.53762
1.51704
1.51295
1.51455
1.51162
1.53301
1.52935
1.54761
1.54276
1.56216
1.56999
1.58028
1.58534
1.5994
1.55029
1.5708
1.57793
1.58487
1.57263
1.63028
1.64234
1.65112
1.63709
1.66008
1.65919
1.6503
1.66213
1.66639
1.72036
1.72531
1.73606
1.73933
1.75719
1.72064
1.72323
1.69697
1.67358
1.59458
1.58334
1.57051
1.54116
1.51752
1.5369
1.52224
1.47277
1.5072
1.47073
1.45145
1.33264
1.32934
1.33968
1.33849
1.26909
1.38679
1.43442
1.46468
1.4628
1.45556
1.46962
1.48513
1.50594
1.52592
1.55028
1.57522
1.61234
1.59138
1.62693
1.63102
1.66474
1.63668
1.65923
1.70536
1.69929
1.7312
1.73224
1.73246
1.809
1.81514
1.82754
1.88895
1.89222
1.90683
1.88823
1.82051
1.81095
1.75981
1.75909
1.79151
1.78619
1.7791
1.76995
1.83703
1.80576
1.79189
1.78831
1.78322
1.79713
1.793
1.81458
1.81747
1.82062
1.81286
1.81014
1.81966
1.87979
1.90629
1.89816
1.9142
1.88798
1.90878
1.87656
1.96206
1.96774
1.95286
1.92356
1.91498
1.8174
1.83428
1.83527
1.90062
1.90598
1.87669
1.8532
1.89781
1.92016
1.95888
1.96408
1.9516
1.94634
1.93203
1.94595
1.94315
1.9881
2.0017
2.03688
2.05692
2.06113
2.07103
2.08023
2.14118
2.14334
2.12205
2.10201
2.1098
2.09908
2.09533
2.07907
2.13816
2.14307
2.19116
2.15928
2.17398
2.17699
2.19087
2.21701
2.24161
2.25453
2.276
2.35065
2.34001
2.33398
2.31912
2.30429
2.27388
2.27066
2.24706
2.24307
2.1976
2.17763
2.15346
2.13039
2.14791
2.15165
2.13837
2.17002
2.15746
2.14499
2.15215
2.07425
1.99637
1.98769
2.00214
1.95699
1.98947
1.98007
1.988
1.99021
1.90097
1.90768
1.92141
1.93535
1.9434
1.93851
1.95296
1.95446
1.92908
1.8831
1.90229
1.84139
1.8682
1.79466
1.8034
1.78647
1.7788
1.75696
1.75512
1.73182
1.74122
1.72028
1.72123
1.71071
1.71265
1.67864
1.66812
1.6719
1.6428
1.70923
1.69541
1.70784
1.71094
1.73037
1.71454
1.70673
1.6823
1.70972
1.66573
1.71886
1.71726
1.71747
1.73592
1.74374
1.78983
1.77741
1.72227
1.72846
1.76071
1.74656
1.75467
1.75133
1.74516
1.7583
1.77828
1.77099
1.76351
1.83769
1.84998
1.86264
1.8255
1.9103
1.92512
1.93486
2.00493
2.09239
2.0919
2.05896
2.06499
1.99494
1.97884
1.95896
1.99924
1.97453
1.95338
1.96335
1.95031
1.9411
1.94071
1.94496
1.93341
1.90516
1.85473
1.84207
1.82377
1.83522
1.86532
1.86091
1.85084
1.85305
1.81514
1.83688
1.79907
1.79918
1.79635
1.7821
1.77443
1.74886
1.72006
1.75025
1.80141
1.75801
1.7847
1.76858
1.74568
1.72691
1.68506
1.64217
1.63168
1.69826
1.6633
1.62474
1.64072
1.61172
1.60509
1.57474
1.58498
1.58677
1.56733
1.54443
1.54001
1.5159
1.49795
1.51294
1.49
1.54787
1.55547
1.55206
1.61628
1.66159
1.62096
1.61611
1.60939
1.59893
1.60331
1.59845
1.59494
1.60858
1.55279
1.57272
1.5784
1.5695
1.57342
1.62906
1.64324
1.64238
1.62554
1.6292
1.6421
1.6532
1.61121
1.61571
1.61261
1.63183
1.64006
1.6432
1.70556
1.7283
1.72327
1.76938
1.79251
1.78721
1.73545
1.69864
1.69154
1.70445
1.76922
1.76372
1.76862
1.77746
1.80316
1.8047
1.84972
1.84448
1.85559
1.9096
1.97962
1.97426
2.0115
2.03686
2.03962
2.0036
2.00525
2.01627
2.01938
2.02596
2.062
2.12613
2.11017
2.1017
2.12262
2.12218
2.1602
2.15247
2.1432
2.05069
2.07709
2.08138
2.1051
2.16735
2.24302
2.2525
2.28574
2.25382
2.29449
2.21957
2.18547
2.17329
2.18068
2.18777
2.15184
2.17059
2.21173
2.16549
2.11314
2.02216
2.02929
2.05681
2.03344
2.00764
2.00898
1.95152
1.93988
1.90675
1.88925
1.87872
1.81385
1.78884
1.73666
1.71721
1.70955
1.69421
1.71315
1.7097
1.71452
1.71031
1.74355
1.76792
1.74832
1.75159
1.74132
1.68917
1.69843
1.69531
1.78576
1.76137
1.80692
1.82657
1.82867
1.83502
1.8818
1.82582
1.80695
1.83761
1.86707
1.82394
1.80024
1.70707
1.70232
1.74669
1.74111
1.74431
1.75808
1.77755
1.81641
1.82949
1.8249
1.81302
1.78388
1.80089
1.83364
1.80671
1.78341
1.78511
1.80976
1.8112
1.81499
1.88587
1.94714
1.95576
1.95689
1.85784
1.87412
1.87896
1.90139
1.91597
1.91464
1.93143
1.92158
1.93022
1.92546
1.92308
1.86895
1.86059
1.86416
1.86823
1.86168
1.85632
1.87126
1.86707
1.81513
1.75381
1.72016
1.72563
1.67238
1.70199
1.67413
1.67546
1.64233
1.60864
1.59244
1.56469
1.52391
1.5028
1.48841
1.46843
1.45201
1.41353
1.40399
1.37969
1.37235
1.3818
1.34873
1.31273
1.33097
1.35584
1.37684
1.3727
1.42195
1.42873
1.44087
1.4455
1.4425
1.44794
1.40035
1.4136
1.42529
1.43523
1.45922
1.44381
1.46605
1.4816
1.4757
1.51494
1.5348
1.56891
1.56464
1.55588
1.53543
1.52553
1.53733
1.53924
1.59794
1.60492
1.64455
1.64966
1.64354
1.66456
1.68059
1.69046
1.70033
1.6545
1.62756
1.62737
1.63728
1.68807
1.70564
1.72331
1.73777
1.72426
1.75202
1.75813
1.77844
1.76194
1.77254
1.73986
1.74774
1.74057
1.75121
1.75133
1.75326
1.73022
1.72881
1.71196
1.67807
1.68502
1.66718
1.62772
1.62141
1.61691
1.60805
1.58071
1.52137
1.51243
1.5289
1.5227
1.4933
1.4873
1.4765
1.46555
1.46662
1.49274
1.47321
1.51154
1.52705
1.54611
1.57353
1.58225
1.57147
1.58457
1.54075
1.52777
1.51904
1.50192
1.48063
1.42271
1.46534
1.43259
1.4524
1.54719
1.56446
1.56068
1.57908
1.59417
1.61926
1.70152
1.68623
1.68251
1.66052
1.67425
1.70208
1.67282
1.66477
1.70538
1.69028
1.69797
1.76524
1.71418
1.73355
1.68198
1.67794
1.71381
1.75016
1.75358
1.74717
1.64492
1.62695
1.59244
1.58229
1.5884
1.6471
1.60954
1.61834
1.6019
1.63553
1.62926
1.62333
1.55655
1.55174
1.53746
1.51666
1.57677
1.57662
1.59325
1.55099
1.46613
1.46469
1.46081
1.43667
1.42828
1.42592
1.46783
1.48238
1.48325
1.47973
1.51958
1.53029
1.54874
1.56105
1.54692
1.52669
1.5004
1.49556
1.46984
1.43919
1.43567
1.43354
1.41218
1.41225
1.37585
1.36633
1.34373
1.32025
1.35979
1.36326
1.32175
1.29895
1.29475
1.38524
1.35064
1.35633
1.31646
1.3453
1.35334
1.40258
1.41867
1.43893
1.44674
1.4482
1.39404
1.46344
1.47883
1.49151
1.51244
1.44047
1.45321
1.43783
1.41785
1.37124
1.38853
1.39873
1.43369
1.41598
1.48774
1.55596
1.48934
1.4877
1.54794
1.55054
1.49538
1.49375
1.56229
1.6467
1.66071
1.6785
1.68864
1.6972
1.67517
1.65993
1.6488
1.63992
1.6443
1.67108
1.65796
1.67079
1.67123
1.69213
1.77125
1.83172
1.81297
1.82123
1.84584
1.79801
1.79984
1.78961
1.8038
1.8646
1.87166
1.91007
1.89915
1.87151
1.86912
1.89043
1.91893
1.94401
1.94139
1.95029
2.00274
1.97511
1.93584
1.93707
1.90099
1.87276
1.88119
1.8972
1.96049
1.93262
1.91022
1.90248
1.89981
1.89127
1.89989
1.8912
1.91356
1.88109
1.87842
1.84775
1.83904
1.9041
1.86336
1.84763
1.84551
1.83574
1.84318
1.82227
1.93411
2.00062
2.00487
2.0353
2.04572
2.08203
2.07969
2.0804
2.07387
2.12673
2.12354
2.12408
2.13426
2.13024
2.1355
2.09773
2.13342
2.13698
2.13079
2.14129
2.13153
2.17545
2.19064
2.1888
2.2202
2.2104
2.21799
2.24676
2.30387
2.36182
2.32123
2.3001
2.23899
2.29745
2.25044
2.24869
2.17257
2.13764
2.10547
2.07896
2.06795
2.06642
2.05303
2.06074
2.05908
2.03286
2.01456
1.97057
1.93495
1.92196
1.8404
1.81061
1.8171
1.72477
1.68602
1.6157
1.5466
1.51184
1.53969
1.51921
1.51062
1.48772
1.46505
1.45572
1.4165
1.41295
1.41775
1.40255
1.34999
1.32229
1.32684
1.24506
1.22557
1.21101
1.19003
1.18911
1.25692
1.24257
1.19272
1.17301
1.15665
1.15582
1.12467
1.10347
1.08728
1.07184
0.973282
0.993074
0.983121
0.930081
1.012
1.01551
1.00294
0.993036
0.985363
1.04012
1.03616
0.982032
0.9998
0.90822
0.870133
0.878154
0.805904
0.770184
0.770066
0.778551
0.694919
0.741199
0.719914
0.69837
0.706638
0.685364
0.682752
0.693393
0.65073
0.649109
0.623435
0.613593
0.616974
0.630985
0.622657
0.639239
0.626182
0.620547
0.643379
0.664068
0.629148
0.584663
0.575093
0.590365
0.606561
0.604855
0.60721
0.60894
0.601343
0.617396
0.640906
0.602779
0.625928
0.598945
0.584957
0.575913
0.596827
0.565108
0.524708
0.521885
0.58143
0.680446
0.716104
0.778877
0.770404
0.762007
0.785726
0.80038
0.809173
0.8165
0.793452
0.804181
0.777504
0.787201
0.7704
0.814916
0.815039
0.822136
0.890129
0.918813
0.918051
0.957562
0.853381
0.840676
0.791467
0.787389
0.795541
0.792328
0.795336
0.794936
0.804186
0.876715
0.879973
0.814581
0.828271
0.842355
0.740984
0.756043
0.811505
0.837174
0.856841
0.827498
0.786595
0.809763
0.822062
0.863877
0.907282
0.909245
0.901908
0.907099
0.920893
0.87289
0.86365
0.877423
0.88364
0.878668
0.8934
0.906914
0.835854
0.8488
0.848548
0.893992
0.927384
0.914728
0.959758
1.02049
0.99086
1.01152
1.02651
1.04168
1.05936
1.00917
0.921277
0.894086
0.847833
0.876779
0.877147
0.907547
0.930543
0.937187
0.973979
0.976117
0.982164
1.02434
1.03001
1.04217
1.05328
1.07967
1.08833
1.0955
1.10888
1.17529
1.18738
1.13397
1.09005
1.08412
1.09603
1.08181
1.10972
1.16494
1.18017
1.15948
1.17352
1.19408
1.19544
1.19086
1.19148
1.14641
1.21024
1.23026
1.24135
1.25669
1.25377
1.24285
1.26232
1.28301
1.29547
1.31201
1.31795
1.36534
1.44832
1.42644
1.49902
1.5283
1.54664
1.50709
1.5412
1.55877
1.57474
1.58913
1.62504
1.65998
1.64793
1.6656
1.62314
1.64027
1.66908
1.65674
1.70779
1.72011
1.72433
1.66674
1.66782
1.68793
1.72992
1.71764
1.71489
1.66231
1.74382
1.77495
1.76114
1.75999
1.77059
1.77677
1.73319
1.67011
1.67457
1.72615
1.70242
1.68891
1.77866
1.81153
1.80355
1.81199
1.80756
1.93387
1.95004
1.91592
1.87581
1.84341
1.84535
1.84413
1.85622
1.85133
1.86734
1.88302
1.89695
1.90829
1.906
1.89187
1.89085
1.8479
1.78906
1.796
1.78224
1.77702
1.81175
1.77164
1.75464
1.78311
1.80055
1.81442
1.78484
1.79679
1.80074
1.81714
1.81464
1.83385
1.85592
1.8759
1.89691
1.87343
1.93567
1.9473
1.93625
1.94712
1.89391
1.89412
1.8856
1.93108
1.95269
1.99495
2.03091
2.05207
2.083
2.08998
2.06233
1.98252
2.00651
2.00784
1.99529
1.99878
2.03153
2.02371
2.02206
1.99643
1.94536
1.98798
1.99313
2.00172
1.94707
1.89196
1.79588
1.79646
1.76979
1.70679
1.68442
1.66055
1.6695
1.70531
1.7156
1.71841
1.72054
1.75922
1.75328
1.79361
1.79521
1.82839
1.82961
1.80517
1.76626
1.78899
1.72544
1.73614
1.74733
1.73995
1.76062
1.73211
1.72898
1.72178
1.70785
1.70067
1.68666
1.68663
1.66908
1.68158
1.66294
1.66091
1.64533
1.64409
1.64598
1.67924
1.70947
1.68342
1.6774
1.66599
1.69496
1.67477
1.66942
1.66232
1.6665
1.63311
1.64094
1.69392
1.64644
1.63785
1.5366
1.51908
1.55191
1.52069
1.51634
1.49323
1.42772
1.38771
1.42758
1.49013
1.47268
1.50392
1.48224
1.43196
1.40939
1.4023
1.32603
1.2851
1.20703
1.15581
1.15466
1.14804
1.13119
1.10382
1.04977
1.03626
0.959431
0.893229
0.862209
0.863618
0.837868
0.845039
0.864386
0.944175
0.922727
0.914485
0.970969
0.944878
0.899439
0.892648
0.894302
0.909347
0.887059
0.905802
0.90182
0.89563
0.893771
0.888382
0.842835
0.894118
0.875831
0.886572
0.886505
0.928243
0.898271
0.897427
0.861822
0.894738
0.878149
0.907434
0.938716
0.944888
0.915752
0.914947
0.89976
0.880818
0.877523
0.89362
0.849348
0.853588
0.825129
0.889198
0.92557
0.961273
0.961782
0.982556
0.985724
0.984165
0.985671
0.983268
0.969985
0.948344
0.935154
0.892826
0.892384
0.87449
0.839313
0.907783
0.921147
0.77563
0.773105
0.795663
0.881855
0.970338
1.00692
0.999382
1.02927
1.05269
1.00103
1.01856
1.01216
0.985868
0.994064
0.980732
0.990192
0.999586
0.936639
0.964807
1.02023
1.03996
1.04968
1.00258
0.989508
1.00873
1.04588
1.00824
1.01868
1.03096
1.06545
1.05679
1.05102
1.06881
1.08072
1.07527
1.17102
1.18184
1.19153
1.19412
1.20863
1.22837
1.2305
1.1869
1.19186
1.20269
1.25696
1.26273
1.26528
1.25429
1.28822
1.29918
1.29191
1.23337
1.20457
1.20977
1.24547
1.24271
1.24634
1.28587
1.31026
1.31767
1.35434
1.37297
1.37713
1.3444
1.35263
1.35639
1.37447
1.39599
1.42539
1.41582
1.46999
1.49903
1.48962
1.51992
1.50755
1.50358
1.50265
1.51931
1.50386
1.45861
1.4967
1.54729
1.52733
1.56937
1.5046
1.51859
1.52292
1.53714
1.48217
1.49263
1.51351
1.51972
1.51926
1.52324
1.52834
1.49256
1.52443
1.52263
1.54016
1.54759
1.47
1.46955
1.50439
1.51212
1.52368
1.52334
1.53236
1.51535
1.48525
1.49787
1.5001
1.52331
1.53859
1.55886
1.57343
1.56832
1.58894
1.6236
1.63316
1.66665
1.72681
1.73156
1.7446
1.74571
1.77913
1.79226
1.7934
1.8155
1.81897
1.84848
1.87133
1.86523
1.82859
1.84802
1.86842
1.90947
1.90127
1.90057
1.91763
1.89937
1.87923
1.93106
1.88892
1.87144
1.86377
1.91207
1.91062
1.89506
1.86532
1.85853
1.84162
1.83483
1.80834
1.74992
1.73816
1.7275
1.70842
1.7208
1.7208
1.63951
1.58847
1.51088
1.51776
1.48911
1.39465
1.37501
1.37942
1.34976
1.33409
1.30889
1.34084
1.35972
1.38405
1.38056
1.34887
1.35595
1.30292
1.3116
1.31219
1.25434
1.16499
1.17936
1.19139
1.17108
1.15184
1.13454
1.11724
1.04689
1.06872
1.01151
0.994298
1.05698
1.01412
1.01718
1.00766
1.03549
1.05745
1.09794
1.12276
1.10779
1.11038
1.11945
1.11128
1.0715
1.06022
1.11167
1.12944
1.12091
1.05157
1.03518
1.03864
1.03542
1.03683
1.03252
0.956515
0.956376
0.970376
0.964926
0.976085
0.961096
0.965344
0.987531
1.00001
0.967892
0.956978
0.952845
0.925725
0.938151
0.937412
0.900373
0.894842
0.937512
0.9391
0.935205
0.860279
0.869543
0.900552
0.934392
0.967245
0.99399
0.961588
0.978127
1.009
0.972794
0.930594
0.936136
0.964005
0.966253
0.985371
1.06502
1.06074
1.03024
1.067
1.08491
1.12359
1.15392
1.17321
1.13135
1.13055
1.1182
1.14582
1.15531
1.09757
1.11939
1.10619
1.13337
1.10647
1.13538
1.11484
1.13336
1.22465
1.27626
1.25004
1.27272
1.28107
1.29528
1.28207
1.29378
1.30015
1.2908
1.26824
1.27631
1.29653
1.34464
1.34058
1.34944
1.3639
1.34659
1.39132
1.42946
1.4151
1.45249
1.49019
1.52687
1.59178
1.61064
1.64627
1.70934
1.68695
1.63252
1.64361
1.65527
1.66614
1.65376
1.64838
1.67028
1.65445
1.672
1.64947
1.64141
1.65602
1.6399
1.64519
1.62906
1.61109
1.59165
1.62058
1.58159
1.5979
1.60873
1.63277
1.6409
1.63728
1.6567
1.6758
1.67555
1.66192
1.64753
1.64522
1.6386
1.64657
1.62703
1.62446
1.6982
1.74001
1.73032
1.71647
1.68491
1.68706
1.65663
1.65821
1.6751
1.68134
1.69027
1.68919
1.6617
1.6642
1.67347
1.66155
1.74572
1.72153
1.75155
1.73677
1.72513
1.71853
1.70479
1.64191
1.60021
1.56764
1.60254
1.57374
1.5324
1.57206
1.60302
1.6357
1.62368
1.61525
1.61102
1.60448
1.60477
1.60967
1.56578
1.56667
1.47609
1.46501
1.49514
1.45116
1.42173
1.42154
1.39016
1.38811
1.36655
1.36309
1.33256
1.29818
1.29017
1.26472
1.35817
1.36917
1.32775
1.32509
1.33026
1.32226
1.31096
1.33637
1.31985
1.31454
1.29677
1.23128
1.26064
1.26493
1.16987
1.15531
1.13805
1.12538
1.11068
1.09954
1.10424
1.15602
1.18204
1.17901
1.2033
1.18108
1.20894
1.1928
1.15246
1.18025
1.16728
1.15486
1.17401
1.16712
1.14623
1.14475
1.13613
1.16371
1.20279
1.23475
1.1979
1.21099
1.16866
1.20182
1.10164
1.08853
1.06818
1.02323
1.03896
1.04737
1.05892
1.066
1.1101
1.11872
1.15654
1.20659
1.2249
1.26967
1.26766
1.27928
1.2525
1.24119
1.24553
1.2929
1.272
1.30033
1.29002
1.31355
1.3222
1.3989
1.40947
1.43891
1.437
1.44697
1.45291
1.46093
1.48404
1.4917
1.46512
1.46781
1.47325
1.48747
1.54479
1.51724
1.52197
1.53035
1.51982
1.55033
1.57706
1.58644
1.60521
1.6348
1.5974
1.61027
1.60398
1.61332
1.64069
1.70831
1.7178
1.71561
1.70436
1.71611
1.71941
1.6941
1.70275
1.68818
1.72222
1.71918
1.73291
1.75991
1.78204
1.797
1.81105
1.81156
1.77798
1.75452
1.70997
1.70816
1.71623
1.75468
1.76277
1.74954
1.76344
1.77542
1.78185
1.7776
1.77752
1.80364
1.79874
1.80878
1.80156
1.80999
1.80747
1.79049
1.78541
1.7511
1.73682
1.76162
1.79708
1.68557
1.63403
1.63865
1.66166
1.70059
1.72745
1.79538
1.80802
1.81663
1.75119
1.72023
1.68045
1.63953
1.63536
1.64489
1.62946
1.54097
1.53819
1.53491
1.46924
1.45213
1.48662
1.46667
1.35016
1.39135
1.39906
1.41067
1.39499
1.36935
1.3119
1.31378
1.33922
1.27487
1.33081
1.36693
1.33245
1.3113
1.29392
1.26748
1.26233
1.23146
1.23197
1.29003
1.34292
1.36059
1.46612
1.45227
1.50167
1.45685
1.45974
1.42579
1.46655
1.48732
1.50297
1.52022
1.50274
1.48629
1.48775
1.48691
1.49247
1.41213
1.3999
1.39979
1.38518
1.34738
1.3252
1.36004
1.32264
1.26459
1.30271
1.29459
1.3079
1.3093
1.31037
1.354
1.32269
1.24131
1.19639
1.20994
1.21529
1.19193
1.20869
1.17985
1.2143
1.22902
1.19559
1.12812
1.14233
1.12238
1.09764
1.0838
1.09079
1.09563
1.09813
1.09281
1.07599
1.07208
1.04083
1.0289
1.02259
1.05248
1.05006
1.02785
1.04693
1.04733
0.981104
1.03376
1.02593
1.08525
1.09776
1.09798
1.0942
1.10681
1.08851
1.11468
1.13472
1.13551
1.13397
1.13569
1.13183
1.1473
1.1849
1.19786
1.32337
1.34101
1.36072
1.30421
1.29834
1.33627
1.3604
1.44598
1.47745
1.49123
1.54369
1.50601
1.56476
1.54013
1.49031
1.4482
1.46093
1.49715
1.54948
1.58384
1.63849
1.62468
1.63776
1.67132
1.70911
1.70946
1.75336
1.76333
1.79988
1.82475
1.7398
1.75055
1.76376
1.75819
1.79506
1.76239
1.79341
1.82439
1.83604
1.84388
1.88258
1.88279
1.84162
1.80749
1.78045
1.81203
1.80251
1.82036
1.80837
1.83258
1.78433
1.78703
1.81391
1.8107
1.77552
1.7748
1.77624
1.74003
1.83587
1.83224
1.83059
1.84548
1.84963
1.84862
1.85445
1.85267
1.91834
1.98905
1.99336
2.03926
2.02869
2.04458
2.03739
2.05682
2.00706
2.00375
1.99943
2.00676
1.99712
2.00182
2.00736
2.05491
2.06738
2.05396
2.0408
2.06672
2.03057
2.02148
2.0451
2.06018
2.06398
2.0755
2.07865
2.08154
2.10554
2.10963
2.0935
2.15282
2.16099
2.1503
2.11223
2.10734
2.11383
2.11805
2.15436
2.11486
2.0958
2.15468
2.14774
2.09543
2.07128
2.09105
2.07403
2.04378
2.0731
2.06655
2.06286
2.11398
2.07547
2.05977
2.05588
2.01798
1.99696
2.02362
1.92355
1.89597
1.93083
1.89117
1.87245
1.82808
1.80947
1.80957
1.79063
1.74454
1.65157
1.65022
1.60922
1.53798
1.53432
1.51294
1.48994
1.4744
1.46184
1.41967
1.40257
1.45481
1.4488
1.49741
1.45141
1.40012
1.3904
1.31444
1.30021
1.31652
1.3491
1.33336
1.33299
1.27934
1.33767
1.32546
1.28353
1.27129
1.25843
1.238
1.22605
1.14165
1.10685
1.10324
1.09613
1.107
1.18307
1.19653
1.2098
1.22122
1.22002
1.15433
1.16404
1.22139
1.29154
1.30476
1.26974
1.24261
1.29999
1.24099
1.23895
1.24778
1.28724
1.25875
1.25106
1.25329
1.36446
1.38973
1.39991
1.38283
1.40112
1.40084
1.32124
1.29668
1.30833
1.29571
1.28044
1.29626
1.37886
1.3846
1.34637
1.37391
1.4036
1.3895
1.39571
1.39902
1.3879
1.35724
1.40285
1.41517
1.4219
1.42684
1.44421
1.45418
1.43003
1.40012
1.43415
1.46496
1.47722
1.46356
1.47332
1.459
1.45466
1.49381
1.50691
1.5236
1.5078
1.52957
1.46618
1.47684
1.45785
1.5807
1.51243
1.52892
1.55091
1.58346
1.57343
1.57568
1.55642
1.61455
1.62676
1.67685
1.71025
1.73598
1.77176
1.76227
1.78223
1.80781
1.82275
1.82621
1.8189
1.84401
1.82585
1.86606
1.864
1.84885
1.89797
1.83217
1.80505
1.78528
1.77341
1.76427
1.80229
1.78104
1.78916
1.7924
1.79723
1.79857
1.84409
1.87028
1.8729
1.89042
1.87983
1.87585
1.88058
1.89553
1.91672
1.93069
1.95405
1.97827
2.00451
2.03522
2.04463
2.01126
2.02035
1.99348
1.99378
2.0252
2.01747
1.97299
1.97032
1.92574
1.94502
1.95855
2.02932
2.04353
2.00573
2.00159
2.01542
2.02502
2.01869
2.02975
2.054
2.07361
2.08863
2.13774
2.14181
2.15978
2.20805
2.23761
2.23453
2.23946
2.21895
2.20991
2.22623
2.23176
2.22819
2.24605
2.20502
2.2311
2.23152
2.3051
2.25826
2.23477
2.19717
2.20805
2.23196
2.20158
2.21345
2.21205
2.17878
2.16562
2.16865
2.17438
2.11679
2.12332
2.15781
2.11306
2.1716
2.20601
2.28966
2.32156
2.28518
2.27972
2.28944
2.32291
2.36327
2.37117
2.37469
2.42909
2.3943
2.37684
2.32453
2.28805
2.28105
2.28086
2.30244
2.37552
2.38559
2.36966
2.32921
2.32712
2.27859
2.20327
2.27765
2.221
2.14067
2.1801
2.16582
2.15136
2.15851
2.18894
2.14285
2.15379
2.22831
2.28885
2.29931
2.33713
2.34568
2.46269
2.46561
2.47712
2.45391
2.48485
2.468
2.528
2.49235
2.5021
2.48428
2.53499
2.59169
2.59915
2.59654
2.66573
2.64955
2.65888
2.68528
2.69489
2.69796
2.71966
2.73919
2.7361
2.77784
2.80525
2.81082
2.83376
2.74882
2.75382
2.66974
2.67869
2.68854
2.71093
2.72411
2.72723
2.70482
2.71623
2.76208
2.77878
2.80431
2.74856
2.72981
2.75916
2.75754
2.76227
2.79341
2.79549
2.82441
2.82045
2.82757
2.85444
2.86085
2.86299
2.85084
2.8238
2.85615
2.78981
2.75758
2.76475
2.76456
2.7078
2.71133
2.67325
2.69684
2.77301
2.80007
2.80796
2.8288
2.76175
2.72119
2.73819
2.77669
2.76575
2.78642
2.78136
2.76665
2.81319
2.75398
2.77384
2.82772
2.827
2.81811
2.82322
2.82172
2.83318
2.83809
2.86966
2.878
2.7817
2.78855
2.80011
2.79107
2.82316
2.78324
2.78962
2.77708
2.76993
2.83204
2.83797
2.84067
2.79635
2.79633
2.85124
2.8574
2.84364
2.86259
2.87433
2.88019
2.87316
2.87948
2.88192
2.8305
2.82979
2.89928
2.88376
2.88803
2.92718
2.948
2.969
2.97544
2.9904
2.91916
2.9224
2.93149
2.90627
2.97913
2.98075
2.97442
2.98728
2.97642
2.97907
2.97676
3.01867
3.06001
3.06024
3.05016
3.07872
3.05368
3.02226
3.01404
3.01462
3.04536
3.04045
2.96783
2.93874
2.87646
2.86866
2.90748
2.89188
2.88396
2.88172
2.87509
2.87327
2.8776
2.87703
2.88284
2.90976
2.86663
2.88747
2.81232
2.83135
2.80986
2.88765
2.88598
2.92929
2.94062
2.94018
2.9337
2.92439
2.91021
2.91936
2.91278
2.88793
2.87752
2.95234
2.92259
2.90412
2.90037
2.8702
2.82912
2.79387
2.77555
2.72592
2.67293
2.65773
2.69676
2.69674
2.69005
2.6793
2.67014
2.59627
2.62449
2.59615
2.55673
2.48158
2.48396
2.47046
2.45368
2.38935
2.34745
2.29956
2.28783
2.27768
2.20855
2.20397
2.17119
2.08826
2.05612
2.0098
1.99812
1.97881
1.97939
1.96142
1.87711
1.86737
1.88396
1.84574
1.8348
1.80999
1.9044
1.90322
1.91119
1.9029
1.87841
1.87104
1.85315
1.8421
1.80683
1.87401
1.85532
1.83528
1.81143
1.81633
1.791
1.7555
1.76161
1.70522
1.69011
1.70736
1.67621
1.65153
1.59403
1.55879
1.55216
1.5484
1.42535
1.37889
1.35816
1.32422
1.29094
1.26752
1.24974
1.295
1.29266
1.27752
1.31136
1.30314
1.31879
1.29627
1.29839
1.2404
1.2238
1.19805
1.18341
1.1825
1.16815
1.08942
1.10339
1.0972
1.07993
1.0803
1.05385
1.04532
1.05315
1.04406
1.03591
1.02916
1.02061
1.03919
1.02717
1.04776
1.08474
1.05887
1.04305
0.983769
0.956523
0.953105
0.941916
0.937983
0.931152
0.897516
0.877694
0.851517
0.789114
0.793227
0.786433
0.722016
0.730638
0.721346
0.712456
0.682492
0.670753
0.645708
0.668801
0.657296
0.647053
0.658969
0.67179
0.661767
0.611596
0.609495
0.584593
0.529535
0.55235
0.565381
0.574452
0.575265
0.576432
0.607865
0.605089
0.596857
0.615553
0.620129
0.583581
0.583674
0.548474
0.596735
0.605816
0.550455
0.575885
0.572176
0.568628
0.509235
0.49517
0.479034
0.482855
0.504392
0.518474
0.521604
0.532408
0.536111
0.47707
0.479325
0.50141
0.48001
0.485184
0.484681
0.477675
0.489457
0.48773
0.447858
0.438816
0.45
0.39549
0.410519
0.384538
0.431598
0.435288
0.532413
0.540273
0.577777
0.587768
0.610336
0.620458
0.588606
0.579644
0.564332
0.496497
0.457951
0.443694
0.483957
0.448723
0.404482
0.421153
0.445211
0.463834
0.495788
0.454567
0.474115
0.498973
0.496017
0.521758
0.529637
0.573326
0.558902
0.583882
0.639488
0.653562
0.721288
0.825521
0.803425
0.81495
0.799975
0.832767
0.796173
0.830992
0.857584
0.852006
0.889686
0.929792
0.966209
1.04771
0.9805
0.968503
0.989321
1.04085
1.05211
1.06965
1.07957
1.07666
1.09944
1.14672
1.23233
1.26571
1.32264
1.34012
1.34765
1.3768
1.37801
1.37103
1.36912
1.4646
1.51696
1.54984
1.54798
1.55056
1.54485
1.59882
1.61834
1.64347
1.61778
1.62629
1.62673
1.64044
1.66097
1.65523
1.64224
1.64507
1.65766
1.65816
1.67068
1.68968
1.71579
1.74819
1.80386
1.82588
1.87688
1.92542
1.92353
1.9322
2.056
2.05411
2.0198
2.02218
2.01708
1.9878
1.99897
1.97351
2.06726
2.07827
2.08749
2.12612
2.14392
2.15739
2.16924
2.19918
2.26142
2.24622
2.2497
2.28736
2.28631
2.29917
2.33639
2.34128
2.33713
2.34348
2.34951
2.35218
2.36114
2.38427
2.34088
2.39707
2.40646
2.37133
2.29413
2.25164
2.25906
2.28806
2.32403
2.33087
2.31707
2.28952
2.29456
2.30881
2.3639
2.37342
2.40821
2.4525
2.47172
2.45594
2.44957
2.46907
2.47629
2.47351
2.56319
2.57262
2.61258
2.61725
2.62716
2.57054
2.54522
2.54159
2.50543
2.51138
2.47539
2.47686
2.47134
2.46508
2.48039
2.466
2.44683
2.43338
2.47027
2.45705
2.47865
2.50418
2.49879
2.4963
2.5539
2.58936
2.60995
2.56704
2.54454
2.54356
2.57551
2.55468
2.5749
2.55676
2.58923
2.57651
2.55855
2.56272
2.54379
2.60376
2.57126
2.56431
2.57909
2.5494
2.60548
2.54685
2.54504
2.5215
2.53534
2.54628
2.52251
2.52526
2.53579
2.50879
2.49862
2.48072
2.52471
2.52325
2.46603
2.49683
2.51672
2.54317
2.54332
2.56076
2.50154
2.48886
2.46586
2.43036
2.46031
2.44006
2.4312
2.40924
2.42604
2.41177
2.44726
2.36519
2.36168
2.35065
2.37038
2.36661
2.3443
2.32635
2.3088
2.2965
2.35037
2.28724
2.28137
2.27507
2.36378
2.31637
2.30598
2.25806
2.22557
2.16852
2.17213
2.16951
2.16606
2.1316
2.0715
2.06918
2.04126
2.07143
2.04192
2.0507
2.03137
2.06231
2.04099
2.04434
1.96422
1.96331
1.9255
1.91711
1.91285
1.87769
1.81585
1.78031
1.78014
1.75977
1.75059
1.70282
1.68031
1.66077
1.67816
1.65321
1.6376
1.63844
1.62142
1.6286
1.59005
1.56961
1.54361
1.45357
1.42938
1.43849
1.47848
1.45431
1.48374
1.4772
1.45443
1.43426
1.51884
1.51715
1.51181
1.49406
1.4974
1.50214
1.45962
1.46111
1.45471
1.43672
1.41103
1.40073
1.39064
1.35462
1.35368
1.33748
1.32028
1.31986
1.30788
1.3411
1.36508
1.34606
1.32863
1.35754
1.31122
1.30125
1.26145
1.26478
1.19306
1.17871
1.18046
1.12839
1.08755
1.03997
1.03349
1.03556
1.07079
1.07878
1.05003
1.04618
0.989485
0.898973
0.849901
0.837304
0.838792
0.796187
0.662884
0.636735
0.611028
0.557703
0.467655
0.469945
0.482729
0.426597
0.398905
0.366771
0.344366
0.354448
0.36033
0.34843
0.300786
0.297922
0.282333
0.269024
0.246558
0.257441
0.27526
0.294994
0.288893
0.284479
0.280611
0.223358
0.217203
0.216979
0.246163
0.218317
0.212961
0.224203
0.22824
0.22311
0.240774
0.241222
0.248006
0.242978
0.255932
0.310518
0.296206
0.292097
0.268467
0.307234
0.2779
0.249253
0.243727
0.227393
0.233975
0.2281
0.28015
0.22603
0.221398
0.249639
0.291101
0.262601
0.231908
0.296694
0.32987
0.333795
0.315435
0.291995
0.327104
0.321263
0.318701
0.317957
0.321815
0.370004
0.344346
0.341374
0.331088
0.25498
0.216364
0.214281
0.210529
0.223589
0.240218
0.184031
0.200897
0.205606
0.151326
0.129537
0.121258
0.0870535
0.136474
0.181412
0.163576
0.1686
0.136208
0.0743196
0.0266598
0.0220525
-0.0483737
-0.0566446
-0.0570863
-0.0321463
-0.0670285
-0.063624
-0.021882
-0.00644519
0.0213888
0.0502996
0.0232179
0.0346194
0.0357973
0.0221868
0.0257691
0.0397593
0.0374919
0.112177
0.138152
0.14798
0.159685
0.127077
0.107377
0.123352
0.139225
0.139834
0.169066
0.176534
0.261281
0.2687
0.286927
0.276963
0.270411
0.279668
0.28584
0.27418
0.263785
0.25489
0.211606
0.223483
0.202378
0.200299
0.166669
0.193568
0.29031
0.293894
0.316745
0.313528
0.270849
0.27288
0.246979
0.226871
0.259719
0.27529
0.271028
0.294692
0.357642
0.323713
0.333786
0.35704
0.367661
0.400589
0.391971
0.30462
0.315464
0.325674
0.334872
0.374768
0.344773
0.35744
0.416781
0.441027
0.45825
0.412275
0.421709
0.423722
0.414045
0.410443
0.420992
0.420371
0.389172
0.317753
0.346549
0.315724
0.316722
0.316105
0.327864
0.319967
0.357628
0.35442
0.419505
0.436478
0.538595
0.57657
0.560732
0.59978
0.634358
0.603974
0.629687
0.57311
0.584094
0.715092
0.708042
0.708353
0.742849
0.769895
0.716553
0.724499
0.810886
0.827022
0.861753
0.815457
0.765187
0.770566
0.759825
0.776488
0.78283
0.798879
0.851917
0.848618
0.927572
0.916725
0.913498
0.927509
0.992191
1.04072
1.05958
1.05848
1.07118
1.07375
1.04046
1.06288
1.08223
1.00568
1.00412
1.0624
1.0906
1.10818
1.13652
1.20881
1.20356
1.27474
1.28619
1.26342
1.27598
1.29192
1.29449
1.32846
1.34809
1.38509
1.37427
1.3791
1.39728
1.46466
1.49812
1.55826
1.59563
1.58715
1.65292
1.6037
1.59903
1.6107
1.61514
1.67923
1.68723
1.6854
1.71056
1.68287
1.73507
1.74686
1.74755
1.75854
1.77569
1.78623
1.7245
1.74852
1.77334
1.78243
1.8122
1.78676
1.76845
1.81773
1.82166
1.82676
1.8379
1.85437
1.8641
1.89219
1.9436
1.96173
1.95547
1.96531
1.9533
1.97242
1.9784
1.99101
2.00412
2.0299
2.00516
2.01252
2.02476
2.0553
2.08472
2.05808
2.0383
1.98674
2.02097
1.99981
2.00872
2.02078
2.03209
2.04637
2.05433
2.02501
2.03768
2.03197
1.9985
2.05475
2.07183
2.09776
2.1811
2.21353
2.26272
2.2786
2.32101
2.32392
2.32577
2.42451
2.46971
2.45974
2.47187
2.50266
2.44712
2.45485
2.45823
2.4369
2.44434
2.42945
2.44171
2.48743
2.47261
2.48206
2.45544
2.45856
2.46041
2.45614
2.51308
2.51654
2.50067
2.55089
2.54977
2.59917
2.60061
2.53644
2.53872
2.54194
2.51131
2.53506
2.69447
2.6944
2.69577
2.75413
2.7626
2.77098
2.78747
2.7581
2.77589
2.79057
2.82818
2.82973
2.8649
2.8446
2.91922
2.93856
2.94047
2.96511
2.92676
2.91885
2.93674
2.99069
2.97357
2.91626
2.93778
2.93905
2.96971
2.95493
2.94764
2.95906
2.9563
2.97903
2.99471
3.03868
3.03829
2.99836
2.97234
2.97708
2.96107
2.95815
3.02533
3.00598
2.96652
2.95708
2.94239
2.94452
2.91975
2.902
2.90541
2.91515
2.92708
2.91774
2.94299
2.94485
2.97637
3.0308
3.03052
3.03319
3.0416
3.02445
3.07649
3.07777
3.10083
3.10908
3.11727
3.11058
3.11548
3.12782
3.1187
-3.1114
-3.09437
-3.09082
-3.08298
-3.02919
-3.02222
-3.03482
-3.08869
-3.0362
-3.02251
-3.01261
-3.00984
-3.00275
-2.97276
-2.90593
-2.90049
-2.87985
-2.88055
-2.8443
-2.84406
-2.87938
-2.95964
-2.91077
-2.89415
-2.88147
-2.80281
-2.78983
-2.81334
-2.85828
-2.87369
-2.88146
-2.90746
-2.8905
-2.87643
-2.8653
-2.83003
-2.80928
-2.81927
-2.78448
-2.75854
-2.76294
-2.7347
-2.74693
-2.70452
-2.66825
-2.69715
-2.72151
-2.71352
-2.79657
-2.84427
-2.8354
-2.80975
-2.81116
-2.76485
-2.78064
-2.78025
-2.7816
-2.77159
-2.79476
-2.74476
-2.73638
-2.72304
-2.70852
-2.718
-2.76819
-2.72119
-2.68474
-2.66955
-2.59602
-2.50159
-2.48375
-2.46896
-2.41472
-2.36659
-2.34933
-2.31022
-2.2795
-2.33512
-2.31297
-2.30167
-2.24702
-2.20849
-2.2517
-2.28987
-2.26967
-2.24154
-2.22371
-2.16477
-2.14317
-2.16824
-2.16445
-2.15816
-2.12487
-2.11075
-2.08608
-2.0679
-2.02881
-2.01111
-2.0294
-1.97833
-2.00357
-1.99576
-1.94271
-1.9226
-1.928
-1.93643
-1.9301
-1.87422
-1.85682
-1.84197
-1.87646
-1.8602
-1.77905
-1.77958
-1.7492
-1.74965
-1.75
-1.73483
-1.78986
-1.76992
-1.73653
-1.70532
-1.68714
-1.64815
-1.63466
-1.6247
-1.70069
-1.67561
-1.65867
-1.64432
-1.65865
-1.649
-1.63336
-1.59343
-1.59383
-1.59949
-1.5772
-1.56281
-1.53845
-1.51593
-1.4952
-1.42366
-1.39366
-1.40216
-1.38257
-1.36525
-1.4167
-1.40632
-1.31897
-1.33071
-1.36016
-1.3502
-1.34839
-1.35127
-1.37714
-1.39835
-1.38801
-1.36564
-1.34469
-1.30491
-1.32062
-1.29723
-1.28589
-1.26437
-1.20507
-1.16727
-1.15681
-1.1799
-1.17479
-1.18091
-1.17275
-1.15667
-1.16933
-1.1497
-1.15882
-1.15867
-1.15042
-1.17402
-1.20121
-1.22196
-1.21825
-1.20364
-1.25248
-1.2143
-1.20737
-1.1723
-1.18519
-1.1727
-1.16772
-1.1626
-1.16061
-1.14833
-1.14755
-1.13487
-1.10103
-1.09839
-1.08676
-1.05663
-0.993577
-1.05651
-1.04711
-1.0316
-1.13315
-1.10136
-1.08846
-1.07652
-1.04022
-1.03002
-1.04625
-1.05327
-1.03832
-1.03561
-1.00945
-0.990583
-1.00679
-1.00547
-0.97017
-1.0029
-0.977488
-0.939862
-0.932418
-0.907549
-0.892956
-0.883117
-0.906617
-0.92032
-0.875677
-0.912766
-0.901294
-0.882265
-0.896654
-0.885781
-0.877826
-0.87218
-0.857201
-0.901132
-0.881254
-0.85068
-0.83148
-0.821421
-0.878264
-0.801665
-0.77734
-0.779416
-0.775745
-0.783893
-0.78526
-0.759723
-0.759955
-0.752032
-0.757931
-0.744609
-0.700125
-0.682171
-0.652612
-0.63618
-0.638017
-0.672222
-0.675148
-0.749466
-0.845384
-0.814293
-0.796029
-0.763388
-0.810225
-0.77804
-0.826795
-0.829495
-0.858939
-0.854839
-0.859253
-0.83735
-0.85719
-0.874253
-0.889946
-0.850843
-0.876053
-0.881349
-0.875013
-0.885017
-0.895982
-0.891637
-0.895151
-0.86467
-0.905527
-0.939954
-0.92515
-0.898676
-0.942472
-0.943016
-0.911892
-0.914914
-0.93991
-0.974149
-0.991108
-0.997462
-1.00983
-0.9752
-0.909179
-0.931091
-0.985477
-0.940923
-0.984648
-0.99627
-1.03582
-1.02852
-1.04376
-1.05309
-1.05241
-1.05812
-1.08913
-1.09409
-1.13111
-1.11772
-1.09387
-1.18762
-1.1757
-1.19002
-1.17955
-1.18462
-1.2256
-1.22893
-1.26923
-1.34264
-1.36632
-1.36711
-1.39041
-1.36768
-1.35254
-1.3876
-1.45725
-1.46888
-1.51467
-1.52949
-1.5364
-1.55164
-1.55775
-1.56891
-1.58515
-1.56787
-1.54907
-1.52589
-1.52978
-1.54517
-1.44461
-1.47255
-1.43268
-1.4402
-1.41192
-1.47794
-1.47462
-1.53297
-1.53528
-1.54969
-1.56055
-1.55441
-1.585
-1.58832
-1.57106
-1.66656
-1.63222
-1.68796
-1.69404
-1.7247
-1.77805
-1.78618
-1.7966
-1.80706
-1.86765
-1.93872
-1.99839
-1.98629
-2.01279
-2.07353
-2.08034
-2.06379
-2.08531
-2.11798
-2.13029
-2.13948
-2.17652
-2.18792
-2.24993
-2.18183
-2.27197
-2.31059
-2.31605
-2.37859
-2.38857
-2.42763
-2.33807
-2.35088
-2.36753
-2.32508
-2.35972
-2.36972
-2.40313
-2.39739
-2.4922
-2.56103
-2.60213
-2.60485
-2.56359
-2.58037
-2.59324
-2.60451
-2.61458
-2.61932
-2.61395
-2.60731
-2.6443
-2.65802
-2.69872
-2.73678
-2.73457
-2.74249
-2.75927
-2.73457
-2.74793
-2.74926
-2.75337
-2.75684
-2.75292
-2.74583
-2.75727
-2.74992
-2.80569
-2.80368
-2.79398
-2.8231
-2.80479
-2.76177
-2.74155
-2.75489
-2.81984
-2.84501
-2.89313
-2.88374
-2.91946
-2.8614
-2.79355
-2.80827
-2.77973
-2.75281
-2.71795
-2.73106
-2.70878
-2.67818
-2.70245
-2.7199
-2.74433
-2.72153
-2.72672
-2.70218
-2.6947
-2.69452
-2.62927
-2.62289
-2.66294
-2.65545
-2.67043
-2.65563
-2.62741
-2.60693
-2.60029
-2.58608
-2.59576
-2.56992
-2.56372
-2.54568
-2.54809
-2.52984
-2.51177
-2.49528
-2.48127
-2.47101
-2.44882
-2.43656
-2.43421
-2.45209
-2.44051
-2.42543
-2.40843
-2.39275
-2.29878
-2.25564
-2.2203
-2.18767
-2.1609
-2.12694
-2.08727
-2.0558
-2.02419
-2.06603
-2.00127
-1.91201
-1.84741
-1.82439
-1.81428
-1.79935
-1.78071
-1.68975
-1.70521
-1.77304
-1.77818
-1.64906
-1.64979
-1.64444
-1.69645
-1.62519
-1.60941
-1.50039
-1.45157
-1.43746
-1.45355
-1.44017
-1.47572
-1.46557
-1.45101
-1.39279
-1.37771
-1.39899
-1.3656
-1.3407
-1.3044
-1.27382
-1.24834
-1.19761
-1.1713
-1.16868
-1.18662
-1.16328
-1.14579
-1.1408
-1.13624
-1.12192
-1.11917
-1.08227
-1.08144
-1.01656
-0.994786
-0.954134
-0.939065
-0.883677
-0.875988
-0.908771
-0.938374
-0.877067
-0.853002
-0.828604
-0.85566
-0.909339
-0.841692
-0.685444
-0.712755
-0.699752
-0.687305
-0.664677
-0.654064
-0.718287
-0.716466
-0.700228
-0.692565
-0.700252
-0.733502
-0.709143
-0.72524
-0.707222
-0.734629
-0.724578
-0.719605
-0.772047
-0.782359
-0.795661
-0.788429
-0.727847
-0.722724
-0.70485
-0.720646
-0.716369
-0.692243
-0.663323
-0.652174
-0.639706
-0.642389
-0.614907
-0.615924
-0.61395
-0.564675
-0.626751
-0.639551
-0.629219
-0.630796
-0.678736
-0.791794
-0.795943
-0.77085
-0.745377
-0.741634
-0.75454
-0.708572
-0.712026
-0.728212
-0.715136
-0.728743
-0.767354
-0.778089
-0.793949
-0.664511
-0.680504
-0.721628
-0.731522
-0.756936
-0.775039
-0.813848
-0.828893
-0.859761
-0.886003
-0.883978
-0.929465
-0.956498
-1.03377
-1.02431
-1.02408
-1.00403
-1.00069
-1.04761
-1.0519
-1.09053
-1.06841
-1.06585
-1.08204
-1.09574
-1.07652
-1.07745
-1.06344
-1.0544
-1.12549
-1.23757
-1.22205
-1.25833
-1.24906
-1.26217
-1.27304
-1.28786
-1.27467
-1.28455
-1.32163
-1.3399
-1.34731
-1.36465
-1.40981
-1.40884
-1.42453
-1.3894
-1.42427
-1.40813
-1.42124
-1.46244
-1.52386
-1.53723
-1.57845
-1.52913
-1.55933
-1.55601
-1.58982
-1.62234
-1.62252
-1.65
-1.68163
-1.69495
-1.73385
-1.74422
-1.74901
-1.77728
-1.80011
-1.8177
-1.8513
-1.86091
-1.821
-1.848
-1.86431
-1.86981
-1.8727
-1.85095
-1.88798
-1.84992
-1.85403
-1.828
-1.84721
-1.86541
-1.89232
-1.90162
-1.90934
-1.91944
-1.97916
-1.95431
-1.91801
-1.959
-1.96258
-2.00108
-1.98729
-1.95179
-1.96886
-1.99279
-2.01556
-2.04629
-2.01016
-2.02148
-2.02774
-2.04591
-2.05731
-2.06695
-2.06916
-2.19196
-2.21515
-2.2206
-2.20697
-2.2378
-2.24139
-2.24674
-2.25201
-2.18045
-2.1826
-2.15587
-2.1214
-2.12825
-2.1444
-2.1857
-2.19066
-2.20842
-2.24161
-2.24109
-2.22276
-2.24678
-2.22763
-2.25206
-2.22088
-2.19628
-2.19229
-2.10511
-2.10805
-2.0429
-2.04908
-2.05316
-2.05465
-2.03478
-2.0333
-1.97737
-1.97106
-1.96737
-1.96063
-1.89792
-1.89044
-1.91039
-1.85447
-1.87239
-1.85612
-1.85777
-1.90901
-1.88685
-1.85733
-1.86293
-1.83916
-1.8559
-1.84859
-1.92849
-1.87147
-1.94887
-1.93206
-1.97795
-1.98159
-1.97527
-2.00182
-1.98108
-1.93975
-1.93021
-1.921
-1.91488
-1.90357
-1.89189
-1.89611
-1.94313
-1.96198
-1.92436
-1.92146
-1.91454
-1.89703
-1.91363
-1.90558
-1.89159
-1.93229
-1.91438
-1.93833
-1.90672
-1.83671
-1.89304
-1.87857
-1.86309
-1.85526
-1.83765
-1.8332
-1.82187
-1.80404
-1.78531
-1.7011
-1.67198
-1.68001
-1.59625
-1.57433
-1.5543
-1.52684
-1.51887
-1.4364
-1.44061
-1.40749
-1.38235
-1.33503
-1.32364
-1.36883
-1.38717
-1.36857
-1.33434
-1.23613
-1.21352
-1.21857
-1.21422
-1.2003
-1.12154
-1.09365
-1.14305
-1.1301
-1.08746
-1.11594
-1.10417
-1.09655
-1.07867
-1.02726
-0.980752
-0.958201
-0.91897
-0.89149
-0.884981
-0.886199
-0.873602
-0.84644
-0.824599
-0.762914
-0.788165
-0.813257
-0.840851
-0.84687
-0.798965
-0.787557
-0.768217
-0.755657
-0.758797
-0.799567
-0.767505
-0.784824
-0.747801
-0.747204
-0.736353
-0.72372
-0.684525
-0.67157
-0.663337
-0.651666
-0.64541
-0.632187
-0.646765
-0.643744
-0.578527
-0.573028
-0.573299
-0.591152
-0.593946
-0.630913
-0.641808
-0.697425
-0.707193
-0.694233
-0.697489
-0.700901
-0.722199
-0.718338
-0.717513
-0.719692
-0.707423
-0.695603
-0.680073
-0.659927
-0.640821
-0.682168
-0.595649
-0.568937
-0.562101
-0.517403
-0.511661
-0.511761
-0.527856
-0.569857
-0.61533
-0.618462
-0.616067
-0.594149
-0.611307
-0.609605
-0.570718
-0.621493
-0.609714
-0.590694
-0.602239
-0.602739
-0.645655
-0.642414
-0.712966
-0.723248
-0.741687
-0.73547
-0.767744
-0.747732
-0.767171
-0.793748
-0.757537
-0.801149
-0.811395
-0.83686
-0.836812
-0.860896
-0.900509
-0.906173
-0.886277
-0.884867
-0.876284
-0.892267
-0.899472
-0.954728
-0.966775
-0.965871
-0.91716
-0.926772
-0.933005
-0.918595
-0.893783
-0.969309
-0.944838
-0.941589
-0.947938
-0.948027
-0.94484
-0.925493
-0.93271
-0.953491
-0.935524
-0.933757
-0.895187
-0.911701
-0.918526
-1.01878
-1.09358
-1.09923
-1.11632
-1.10835
-1.10066
-1.06514
-1.01719
-1.02453
-1.12407
-1.13845
-1.13128
-1.13022
-1.20025
-1.12502
-1.16943
-1.1651
-1.19344
-1.20627
-1.18578
-1.19656
-1.21821
-1.22816
-1.23759
-1.19787
-1.2158
-1.20124
-1.17576
-1.1603
-1.16944
-1.19215
-1.17371
-1.15724
-1.11855
-1.1184
-1.03727
-1.09237
-1.09324
-1.08423
-1.02845
-1.01933
-0.982544
-0.984377
-0.973146
-0.95433
-0.911903
-0.917321
-0.876923
-0.870397
-0.806557
-0.883412
-0.895141
-0.904329
-0.90796
-0.890771
-0.888363
-0.877777
-0.888964
-0.841586
-0.835579
-0.866766
-0.848704
-0.744788
-0.736747
-0.725157
-0.702039
-0.713726
-0.708043
-0.641304
-0.626915
-0.615323
-0.675353
-0.648048
-0.643365
-0.655846
-0.665267
-0.654336
-0.636499
-0.614445
-0.611535
-0.59496
-0.573359
-0.534554
-0.474377
-0.478893
-0.42565
-0.446799
-0.409269
-0.331163
-0.350641
-0.342599
-0.333193
-0.305775
-0.252869
-0.159335
-0.158435
-0.144695
-0.155656
-0.140611
-0.109855
-0.0951872
-0.134249
-0.12366
-0.124196
-0.125992
-0.0878053
-0.0643823
-0.0590314
-0.0569988
-0.043717
-0.0469292
-0.027699
-0.0148061
-0.0359409
-0.0382214
-0.036654
-0.0302371
-0.0344763
-0.0525816
-0.0560731
-0.0465149
-0.0429093
-0.0329006
-0.0293999
-0.0114956
-0.0323139
-0.0148447
-0.0391307
0.00928997
-0.0230455
0.010809
0.0149851
-0.0302655
-0.0173134
-0.0303735
-0.0266974
-0.0165473
0.014764
-0.0177579
-0.000390737
-0.0361479
-0.027236
-0.00648515
0.0265943
0.0330139
0.0258844
0.0552823
0.057203
0.0379197
0.0380231
0.039528
0.113518
0.130736
0.0561401
0.0764717
0.0689986
0.0629007
0.0675676
0.0385267
0.052987
0.0431488
0.0473291
-0.00759341
-0.0129438
-0.0196583
-0.0464825
-0.0611243
-0.0578978
-0.107441
-0.111721
-0.0939701
-0.100169
-0.142917
-0.144459
-0.141406
-0.139287
-0.159187
-0.18084
-0.188763
-0.181029
-0.203786
-0.202299
-0.17247
-0.129059
-0.076861
-0.107526
-0.113871
-0.114586
-0.121311
-0.158779
-0.163839
-0.225519
-0.237705
-0.244209
-0.171026
-0.100893
-0.16167
-0.1582
-0.135686
-0.174624
-0.186694
-0.168945
-0.122785
-0.131576
-0.156518
-0.142155
-0.101105
0.0140445
0.0736906
0.00910744
0.0360014
0.057972
0.0623624
0.0725857
0.0556401
0.0222903
0.00193486
-0.00538992
-0.00113544
-0.0147076
-0.0625989
-0.0951453
-0.125835
-0.159448
-0.144826
-0.158048
-0.190557
-0.21663
-0.216854
-0.194428
-0.216219
-0.141673
-0.131659
-0.168849
-0.120665
-0.148782
-0.108285
-0.134541
-0.190865
-0.168584
-0.239399
-0.275185
-0.302072
-0.224321
-0.226872
-0.195696
-0.205762
-0.200932
-0.212921
-0.177343
-0.219811
-0.29812
-0.349319
-0.320204
-0.327602
-0.335558
-0.318234
-0.343618
-0.352661
-0.367665
-0.393683
-0.405104
-0.418799
-0.429327
-0.438842
-0.464177
-0.522477
-0.527943
-0.52939
-0.520908
-0.504041
-0.484599
-0.492274
-0.542413
-0.552594
-0.530483
-0.497462
-0.529435
-0.539335
-0.548559
-0.549496
-0.569652
-0.544505
-0.555034
-0.661274
-0.668359
-0.677144
-0.700903
-0.714582
-0.659734
-0.698743
-0.721932
-0.7387
-0.760474
-0.786274
-0.77869
-0.807778
-0.834826
-0.913125
-0.941539
-0.928356
-0.99793
-1.01126
-1.02554
-1.06537
-1.09366
-1.08522
-1.08034
-1.10921
-1.12966
-1.13717
-1.15541
-1.18672
-1.20046
-1.24543
-1.26104
-1.26733
-1.27255
-1.22309
-1.26045
-1.22913
-1.18553
-1.16978
-1.17757
-1.23656
-1.30131
-1.33274
-1.31654
-1.33105
-1.38221
-1.37488
-1.40535
-1.39501
-1.42721
-1.43925
-1.43612
-1.46448
-1.47199
-1.46675
-1.42421
-1.40717
-1.4162
-1.43222
-1.48115
-1.5187
-1.55344
-1.57147
-1.58239
-1.60547
-1.63137
-1.63648
-1.76136
-1.76319
-1.77927
-1.77982
-1.79217
-1.7578
-1.79939
-1.79821
-1.80225
-1.79017
-1.75012
-1.81492
-1.82623
-1.81712
-1.82746
-1.85592
-1.85329
-1.78023
-1.79493
-1.80589
-1.78254
-1.8576
-1.86382
-1.8393
-1.81783
-1.81382
-1.8588
-1.88104
-1.897
-1.93011
-1.94054
-1.94056
-1.98016
-2.0227
-2.09337
-2.13537
-2.12446
-2.10146
-2.11023
-2.06899
-2.09971
-2.09128
-1.98932
-2.00659
-2.05288
-2.11348
-2.1285
-2.17832
-2.1806
-2.18778
-2.20777
-2.17826
-2.22627
-2.23713
-2.21291
-2.23232
-2.22073
-2.21994
-2.25653
-2.26814
-2.29032
-2.34028
-2.35475
-2.33794
-2.37823
-2.343
-2.36327
-2.34874
-2.26084
-2.29115
-2.30103
-2.36384
-2.3808
-2.41705
-2.45624
-2.46886
-2.52321
-2.58928
-2.54741
-2.52233
-2.52336
-2.52383
-2.48828
-2.49936
-2.5481
-2.57089
-2.55263
-2.51535
-2.50647
-2.51668
-2.56152
-2.52769
-2.54205
-2.50143
-2.44711
-2.44039
-2.42275
-2.41309
-2.32889
-2.35583
-2.35902
-2.35885
-2.37418
-2.3698
-2.38027
-2.42753
-2.39292
-2.38555
-2.39301
-2.39887
-2.39016
-2.40319
-2.47085
-2.49707
-2.50693
-2.54949
-2.55856
-2.57292
-2.51959
-2.55628
-2.41979
-2.42814
-2.37718
-2.37339
-2.38679
-2.34503
-2.40632
-2.40395
-2.41728
-2.47934
-2.4833
-2.50849
-2.44858
-2.46258
-2.41778
-2.363
-2.39193
-2.34703
-2.26041
-2.2842
-2.29847
-2.34944
-2.36991
-2.42024
-2.4399
-2.4511
-2.50664
-2.51172
-2.52569
-2.5429
-2.55291
-2.55751
-2.58296
-2.61297
-2.61995
-2.62988
-2.61859
-2.60884
-2.62264
-2.67605
-2.63186
-2.66282
-2.68125
-2.68519
-2.728
-2.71822
-2.76996
-2.79844
-2.78813
-2.78985
-2.7532
-2.74537
-2.75199
-2.76395
-2.77414
-2.78234
-2.77919
-2.75301
-2.71614
-2.72498
-2.75357
-2.73154
-2.73198
-2.71815
-2.69026
-2.69145
-2.69994
-2.70165
-2.74428
-2.75483
-2.76543
-2.7671
-2.80104
-2.79541
-2.79543
-2.79313
-2.8134
-2.799
-2.80748
-2.79789
-2.87655
-2.90477
-2.86367
-2.84006
-2.86825
-2.84253
-2.90191
-2.91729
-2.90765
-2.92814
-2.91104
-2.91539
-2.882
-2.89994
-2.8736
-2.86515
-2.84226
-2.83146
-2.80586
-2.77422
-2.85222
-2.93018
-2.92938
-2.92465
-2.88336
-2.87203
-2.82317
-2.80512
-2.79604
-2.78622
-2.74028
-2.70767
-2.73561
-2.70987
-2.6345
-2.63846
-2.62195
-2.61434
-2.64963
-2.54697
-2.53951
-2.5001
-2.47019
-2.45918
-2.43197
-2.43353
-2.45092
-2.47863
-2.36129
-2.33153
-2.26993
-2.24842
-2.2279
-2.21056
-2.21248
-2.17898
-2.11933
-2.10426
-2.11399
-2.06487
-2.05644
-2.0329
-2.02851
-1.95937
-1.87739
-1.81458
-1.82083
-1.79579
-1.76192
-1.69042
-1.63181
-1.61585
-1.59291
-1.55596
-1.5372
-1.54889
-1.50983
-1.50673
-1.48088
-1.43412
-1.43557
-1.43912
-1.4196
-1.38795
-1.35453
-1.31592
-1.32523
-1.29944
-1.31295
-1.26339
-1.26324
-1.21898
-1.19602
-1.18557
-1.18598
-1.16901
-1.1589
-1.14179
-1.13538
-1.15058
-1.15325
-1.14475
-1.11339
-1.09798
-1.10347
-1.041
-1.05505
-0.996691
-0.995569
-0.975959
-0.962343
-0.907545
-0.914612
-0.887774
-0.865924
-0.861125
-0.849663
-0.866367
-0.808006
-0.774232
-0.799272
-0.744468
-0.691618
-0.65906
-0.626758
-0.673045
-0.675988
-0.620609
-0.609002
-0.589772
-0.683705
-0.66955
-0.663547
-0.648221
-0.674696
-0.657107
-0.650609
-0.614659
-0.593727
-0.585716
-0.593193
-0.596857
-0.55007
-0.530053
-0.511784
-0.502047
-0.531196
-0.498156
-0.449986
-0.446017
-0.440849
-0.432338
-0.434795
-0.450586
-0.454162
-0.441099
-0.450584
-0.46855
-0.518959
-0.520241
-0.519789
-0.543459
-0.57485
-0.548318
-0.504861
-0.507907
-0.51323
-0.540787
-0.51048
-0.462221
-0.451236
-0.4927
-0.469224
-0.475583
-0.451313
-0.371798
-0.342696
-0.349096
-0.356317
-0.345205
-0.340182
-0.352578
-0.383765
-0.40063
-0.403678
-0.438059
-0.409655
-0.383629
-0.409208
-0.403673
-0.434469
-0.445678
-0.328622
-0.38283
-0.399303
-0.403765
-0.364736
-0.387051
-0.389059
-0.396308
-0.388998
-0.39046
-0.339687
-0.399152
-0.362725
-0.311433
-0.275423
-0.220853
-0.222122
-0.220176
-0.211647
-0.288972
-0.294048
-0.312352
-0.317723
-0.314177
-0.356086
-0.368656
-0.394162
-0.373484
-0.383832
-0.396234
-0.394613
-0.438962
-0.465412
-0.436461
-0.41529
-0.419238
-0.469871
-0.488443
-0.417341
-0.345306
-0.319041
-0.336259
-0.242086
-0.237413
-0.229474
-0.198727
-0.183163
-0.184763
-0.190932
-0.18252
-0.184229
-0.141249
-0.132025
-0.2082
-0.2457
-0.233753
-0.185292
-0.148583
-0.146073
-0.145677
-0.136201
-0.132034
-0.159797
-0.213739
-0.187077
-0.23913
-0.204769
-0.202225
-0.190986
-0.225279
-0.247425
-0.277183
-0.266637
-0.291101
-0.324395
-0.302619
-0.299648
-0.291146
-0.222576
-0.210996
-0.216083
-0.249468
-0.254618
-0.280552
-0.277776
-0.279682
-0.304573
-0.303674
-0.3235
-0.339681
-0.315737
-0.333553
-0.323666
-0.353268
-0.384002
-0.345357
-0.362959
-0.289939
-0.306526
-0.291433
-0.309027
-0.305157
-0.303422
-0.330565
-0.32712
-0.325593
-0.308871
-0.306032
-0.301003
-0.304273
-0.309779
-0.347328
-0.427964
-0.435897
-0.443236
-0.442566
-0.438648
-0.444407
-0.356141
-0.358976
-0.342433
-0.338848
-0.335567
-0.360141
-0.361838
-0.376803
-0.379414
-0.383031
-0.386237
-0.395451
-0.419154
-0.412117
-0.408994
-0.454541
-0.466032
-0.471407
-0.490179
-0.434692
-0.452612
-0.466581
-0.471854
-0.460561
-0.41277
-0.419996
-0.410692
-0.3992
-0.403208
-0.416959
-0.417807
-0.423957
-0.31737
-0.322385
-0.330131
-0.383253
-0.435255
-0.438529
-0.469125
-0.493202
-0.433753
-0.440992
-0.365292
-0.424038
-0.429812
-0.437125
-0.359695
-0.375248
-0.409533
-0.420536
-0.422131
-0.427578
-0.464915
-0.463753
-0.47571
-0.45676
-0.452687
-0.467336
-0.458917
-0.56895
-0.60729
-0.602546
-0.607
-0.621089
-0.661806
-0.716395
-0.689226
-0.716348
-0.699413
-0.631012
-0.632672
-0.678979
-0.693873
-0.731588
-0.72616
-0.73395
-0.770432
-0.794967
-0.815562
-0.80989
-0.828938
-0.840835
-0.848642
-0.867507
-0.90704
-0.887069
-0.817885
-0.827318
-0.800561
-0.796819
-0.776325
-0.739265
-0.747213
-0.73575
-0.78084
-0.802489
-0.797251
-0.7049
-0.727733
-0.729458
-0.736337
-0.754091
-0.758814
-0.735762
-0.740655
-0.639993
-0.646317
-0.661769
-0.566503
-0.59042
-0.549409
-0.549415
-0.53087
-0.524859
-0.46071
-0.502847
-0.507869
-0.516142
-0.62093
-0.64599
-0.643031
-0.657922
-0.634823
-0.654808
-0.644742
-0.652608
-0.629964
-0.629723
-0.565672
-0.556231
-0.545396
-0.546048
-0.550503
-0.579311
-0.580225
-0.597588
-0.594333
-0.616742
-0.590795
-0.593432
-0.591089
-0.590659
-0.58916
-0.620801
-0.615691
-0.601496
-0.590191
-0.593947
-0.584985
-0.620307
-0.667097
-0.682636
-0.716522
-0.754
-0.728917
-0.680329
-0.646856
-0.65112
-0.641869
-0.624589
-0.599996
-0.588553
-0.588252
-0.535485
-0.533536
-0.524211
-0.536791
-0.561856
-0.542867
-0.556682
-0.610719
-0.624671
-0.684637
-0.765791
-0.770311
-0.741521
-0.711827
-0.801417
-0.803803
-0.880829
-0.898156
-0.890099
-0.917221
