###  Units are X_hat = 1.73cm.
0.223607
0.202914
0.186346
0.172983
0.162101
0.153816
0.147145
0.141839
0.137511
0.133766
0.1312
0.12909
0.127615
0.126773
0.125683
0.124674
0.123626
0.122991
0.123209
0.122943
0.122434
0.12248
0.121484
0.12157
0.121588
0.121897
0.12167
0.121394
0.120694
0.121124
0.120877
0.121087
0.121771
0.121756
0.12216
0.122089
0.122033
0.121859
0.121894
0.121674
0.121788
0.12251
0.121603
0.121542
0.121073
0.121219
0.121622
0.121399
0.121422
0.121578
0.121946
0.122591
0.121979
0.121963
0.122966
0.122823
0.123309
0.123272
0.123131
0.123519
0.123883
0.123349
0.122484
0.122624
0.123061
0.123228
0.122786
0.123086
0.122757
0.122319
0.122368
0.123073
0.123016
0.123365
0.122887
0.12286
0.122902
0.122352
0.12282
0.122142
0.121125
0.120362
0.119712
0.119372
0.118753
0.118938
0.118608
0.118145
0.117531
0.118232
0.118485
0.118415
0.118602
0.119264
0.11888
0.11814
0.117353
0.117593
0.117605
0.118015
0.118247
