###  Units are X_hat = 1.73cm.
0.1	0.1
0.106461	0.106219
0.111716	0.110698
0.115558	0.110351
0.0971983	0.112336
0.109687	0.117471
0.113867	0.122204
0.128878	0.122129
0.136778	0.119982
0.113967	0.118751
0.120099	0.123993
0.113726	0.130085
0.118394	0.139315
0.11532	0.160979
0.112616	0.16485
0.114992	0.161733
0.109929	0.152248
0.104188	0.15126
0.135389	0.165878
0.122544	0.171574
0.115264	0.165606
0.113925	0.174737
0.115674	0.146566
0.121418	0.150788
0.105171	0.155804
0.132906	0.163775
0.13012	0.157112
0.116192	0.149412
0.102898	0.126955
0.109987	0.138573
0.111695	0.128762
0.113205	0.13301
0.109829	0.153924
0.111354	0.153404
0.140779	0.165196
0.129372	0.161693
0.128035	0.158727
0.111727	0.151556
0.110624	0.15176
0.11575	0.143501
0.117953	0.144987
0.109902	0.166397
0.109968	0.136634
0.122042	0.132613
0.147753	0.114872
0.160556	0.112509
0.167294	0.118211
0.160655	0.103208
0.162883	0.0967446
0.161317	0.0941866
0.134085	0.0956123
0.143628	0.115997
0.121868	0.0908222
0.127081	0.0886686
0.140375	0.122129
0.13891	0.118033
0.143753	0.135915
0.140087	0.135645
0.132814	0.130492
0.118881	0.141106
0.128877	0.160281
0.148607	0.15147
0.145155	0.119935
0.146432	0.120522
0.138038	0.128959
0.127202	0.129759
0.14244	0.119742
0.144124	0.127408
0.142831	0.113036
0.138484	0.0912939
0.142124	0.087205
0.141559	0.10498
0.147255	0.102708
0.146154	0.111384
0.150802	0.0946212
0.172634	0.0988725
0.165561	0.0910732
0.16399	0.0639456
0.151097	0.0641861
0.154009	0.0812312
0.152216	0.078281
0.154188	0.0787965
0.151324	0.0752495
0.148432	0.0781513
0.140731	0.0660418
0.136118	0.0799232
0.141701	0.0812116
0.17419	0.0860973
0.166954	0.0645804
0.154395	0.0836698
0.148929	0.0946742
0.156169	0.100671
0.164039	0.11473
0.178915	0.147985
0.178717	0.141299
0.174414	0.118248
0.188139	0.095006
0.184658	0.0969108
0.176017	0.0879902
0.185603	0.0981068
0.167617	0.0968175
0.165682	0.0927119
0.171437	0.0878319
0.177141	0.0713287
0.180935	0.0708841
0.182402	0.0562646
0.185383	0.0580257
0.188507	0.0640328
0.191013	0.069289
0.186668	0.0546251
0.210416	0.0631509
0.218782	0.0462752
0.233069	0.0464625
0.228234	0.045768
0.218739	0.0516791
0.207498	0.0522033
0.203109	0.0342989
0.214727	0.0227727
0.20467	0.0232707
0.197913	0.0313166
0.212487	0.0282313
0.197407	0.0446279
0.175836	0.0528531
0.168556	0.0599513
0.181794	0.0562537
0.214959	0.0597503
0.21624	0.0536625
0.210643	0.0508443
0.216979	0.0288499
0.209269	0.0407098
0.208652	0.0555318
0.206677	0.0576881
0.212406	0.0521252
0.204316	0.051364
0.202476	0.0692609
0.197477	0.0691691
0.194746	0.0609847
0.205455	0.037419
0.199981	0.0382394
0.185895	0.0460986
0.184608	0.0499196
0.162805	0.063303
0.152523	0.0659489
0.163059	0.0483129
0.166898	0.046834
0.164874	0.0532201
0.180831	0.0294858
0.159628	0.0259521
0.167436	0.0316196
0.192825	0.0173872
0.19339	0.0184779
0.19265	0.017222
0.202215	0.0281358
0.178859	-0.00348072
0.182088	0.00785517
0.186269	0.00666784
0.182808	0.00217553
0.152989	-0.00328198
0.158574	-0.00299034
0.16528	0.0136769
0.168235	0.0121005
0.17247	0.012032
0.140759	0.0460241
0.136683	0.0456475
0.144588	0.0495413
0.141637	0.0489066
0.153894	0.0338496
0.135182	0.032212
0.153751	0.0431875
0.152612	0.0718111
0.154819	0.0727866
0.187929	0.0686599
0.186791	0.0653341
0.185517	0.0678354
0.175458	0.0651249
0.181324	0.0717688
0.160406	0.0782789
0.149874	0.086694
0.131335	0.0828952
0.132457	0.0807544
0.145229	0.0730263
0.144836	0.111931
0.157609	0.0968727
0.164556	0.0992256
0.187442	0.0767681
0.193447	0.0687176
0.192577	0.065999
0.191362	0.0811286
0.17585	0.0786893
0.184607	0.0769992
0.183144	0.0828772
0.187282	0.0830662
0.183642	0.0811741
0.182732	0.0776163
0.18371	0.0590756
0.181131	0.0761024
0.196749	0.0707705
0.201282	0.077577
0.199356	0.068705
0.193797	0.0639326
0.203364	0.0714117
0.166854	0.0621862
0.172847	0.0574755
0.163797	0.0473199
0.158587	0.0569986
0.162314	0.0574071
0.155034	0.0603564
0.14613	0.0503731
0.150966	0.0519936
0.160145	0.0629324
0.161149	0.0763333
0.163217	0.0721281
0.172468	0.0642379
0.18106	0.0684001
0.180679	0.0682155
0.180015	0.0632404
0.186754	0.0830095
0.182922	0.0785621
0.185297	0.0804955
0.17315	0.102039
0.180829	0.0823732
0.184652	0.0817738
0.180222	0.0854251
0.179866	0.0761225
0.190938	0.0478451
0.188291	0.0455189
0.183644	0.0468797
0.182914	0.0445457
0.199238	0.0703452
0.178976	0.0833795
0.156846	0.0821854
0.159068	0.0854263
0.159283	0.0855481
0.174971	0.0872324
0.167811	0.0801408
0.199788	0.102067
0.166015	0.126289
0.160511	0.122904
0.155896	0.129206
0.154936	0.139354
0.145908	0.143676
0.160019	0.129645
0.177579	0.144913
0.168371	0.129206
0.166918	0.107985
0.166662	0.108148
0.172919	0.110849
0.176082	0.111668
0.174223	0.109791
0.206406	0.130198
0.190983	0.125097
0.183593	0.120668
0.161659	0.102498
0.161043	0.103148
0.171849	0.109441
0.164016	0.123672
0.14618	0.131293
0.111672	0.120952
0.12666	0.086267
0.144621	0.0904468
0.149514	0.0905712
0.146339	0.091005
0.157367	0.0908335
0.180134	0.105362
0.179195	0.0931712
0.169442	0.0490126
0.198657	0.0432969
0.202946	0.054319
0.208797	0.0271769
0.200335	-0.00677587
0.199952	-0.00633714
0.195298	0.00394573
0.194494	0.0124551
0.181174	0.0241272
0.182404	0.0238413
0.18389	0.0145002
0.19358	0.0152247
0.194848	0.0466025
0.199885	0.0559749
0.162975	0.0782416
0.16037	0.087633
0.191295	0.0950828
0.180785	0.0934655
0.186382	0.0981953
0.197767	0.078462
0.148643	0.0561984
0.14748	0.0534603
0.146465	0.0502166
0.165382	0.040778
0.170167	0.0467396
0.172944	0.0531857
0.180802	0.0484588
0.185391	0.00384119
0.188015	0.00140287
0.171582	-0.0107159
0.178462	-0.0136071
0.189643	-0.0118848
0.187791	-0.0155774
0.183477	-0.0242231
0.170688	-0.017548
0.196201	-0.00973974
0.210305	-0.00500002
0.214504	-0.00149582
0.216715	-0.0012279
0.236827	0.00650858
0.208891	-0.0103904
0.202909	-0.00363152
0.206107	0.00500436
0.198404	-0.0148683
0.195474	5.35625e-05
0.204885	0.00871417
0.198522	0.00963044
0.20359	0.0116163
0.210229	0.00562425
0.211456	-0.0168595
0.196535	-0.0172519
0.196647	-0.0256164
0.197518	-0.0273636
0.198411	-0.0274302
0.19568	-0.0297091
0.217055	-0.0413787
0.242876	-0.0111749
0.22465	-0.0140172
0.214553	0.00425319
0.208428	0.00258752
0.190777	0.00560682
0.18676	0.00972772
0.177797	0.00534299
0.176685	0.0182039
0.180582	0.0191453
0.194554	0.0132096
0.198537	0.0251251
0.202303	0.0180082
0.204683	0.0138385
0.211264	0.00741692
0.198425	0.00465634
0.197377	0.00552107
0.198027	0.00588045
0.197489	0.0012601
0.17813	0.000797669
0.170193	0.000116894
0.168438	0.00738505
0.175388	0.026469
0.17192	0.0299625
0.188117	0.0312288
0.18536	0.0332333
0.190627	0.023497
0.175776	0.0172654
0.154336	0.0190891
0.165341	0.0381231
0.16905	0.0347073
0.171198	0.0358019
0.181701	0.0272169
0.194333	0.0485904
0.193567	0.046842
0.215349	0.0397157
0.219286	0.0383134
0.214274	0.0431251
0.222425	0.0546336
0.241942	0.0413247
0.244207	0.0384264
0.225599	0.0320588
0.219788	0.0262529
0.209525	0.0331149
0.197415	0.0418716
0.179654	0.0507304
0.178331	0.0504475
0.173877	0.0719818
0.184628	0.0776792
0.178587	0.0908067
0.184755	0.0769323
0.187838	0.0852101
0.187702	0.0829572
0.188734	0.0812257
0.185623	0.0829666
0.188886	0.0795261
0.187316	0.0778594
0.177074	0.0828285
0.170816	0.0771977
0.137289	0.0746606
0.143283	0.0587337
0.160605	0.0550188
0.171363	0.0497197
0.17865	0.045178
0.193803	0.0420481
0.176856	0.0314793
0.176277	0.0353054
0.177354	0.0287147
0.162249	0.0044768
0.161575	-0.00253039
0.178377	-0.000908447
0.169398	-0.0116725
0.162736	-0.0122934
0.178459	-0.00140277
0.191924	-0.016104
0.193866	-0.0140342
0.199616	-0.0144908
0.194597	-0.00958312
0.196355	-0.00597657
0.203716	0.0027979
0.202596	0.0102086
0.202508	0.00329229
0.179619	0.0139892
0.179138	0.0136095
0.198024	-0.0175575
0.172831	0.00169542
0.184898	0.00289502
0.188844	0.0410086
0.2009	0.0338081
0.212905	0.0285858
0.206819	0.0297538
0.207375	0.00895744
0.219139	0.00487079
0.228418	0.00316108
0.230836	0.0113277
0.205486	0.0112539
0.19485	-0.00110923
0.191615	0.00262829
0.191779	0.00443196
0.201781	0.0271061
0.20206	0.0194329
0.181241	0.0183726
0.19225	0.0221081
0.190883	0.0237994
0.195061	0.0352033
0.198924	0.00926539
0.204795	0.00909666
0.204965	0.0113038
0.211283	0.0142872
0.207498	0.0211451
0.188392	0.0330752
0.210084	0.0279812
0.237123	0.0126792
0.232548	0.0115661
0.214476	0.00848984
0.199058	0.00788494
0.219374	-0.0240359
0.197533	-0.0207274
0.189988	-0.0175635
0.172315	-0.0145916
0.192691	-0.00452085
0.175632	-0.00316445
0.17857	-0.00374281
0.173174	0.0103252
0.176226	0.0104745
0.180107	0.0100005
0.188239	0.00147203
0.193247	-0.00574779
0.203404	-0.00374288
0.1926	-0.00428674
0.179548	-0.000118818
0.190401	0.0154614
0.193967	0.0148325
0.195584	0.0114484
0.200666	-0.0108991
0.193788	-0.0247556
0.184217	-0.0237872
0.184123	-0.028234
0.157464	-0.0232729
0.14821	-0.0195672
0.159556	-0.023217
0.154078	-0.0251315
0.160422	-0.0202163
0.153775	-0.00753961
0.165878	-0.0168798
0.155012	-0.0153916
0.169881	-0.0148059
0.166823	-0.0233705
0.182622	-0.00447134
0.177668	0.00426401
0.187143	0.0245153
0.198203	0.0192381
0.188255	0.0227977
0.18803	0.0243894
0.189466	0.00930952
0.191639	0.0119792
0.174144	0.0160522
0.157982	0.0643256
0.168306	0.0721585
0.151683	0.0704324
0.164778	0.0463407
0.16237	0.0454272
0.164325	0.0525921
0.160991	0.0707621
0.181057	0.0645196
0.135193	0.0981408
0.137682	0.101335
0.125056	0.106633
0.127281	0.0813561
0.136206	0.0804874
0.138092	0.081945
0.138746	0.085645
0.128528	0.0999885
0.133748	0.105542
0.162834	0.125402
0.183701	0.116108
0.174102	0.125444
0.173681	0.118994
0.184309	0.109552
0.16484	0.118236
0.166657	0.133321
0.169972	0.138283
0.189616	0.140613
0.192966	0.133207
0.193951	0.139559
0.191365	0.131732
0.1998	0.133322
0.198069	0.120681
0.18883	0.132218
0.192803	0.101191
0.21695	0.105435
0.201136	0.110623
0.19523	0.107579
0.190515	0.105861
0.194551	0.0963014
0.16967	0.0899424
0.173181	0.0951344
0.172512	0.0949699
0.176197	0.08562
0.185846	0.110068
0.165853	0.114166
0.176322	0.112508
0.169225	0.112634
0.172892	0.109958
0.169608	0.121544
0.165084	0.120864
0.139004	0.10366
0.143106	0.102771
0.147534	0.102852
0.127798	0.121511
0.124247	0.115396
0.128049	0.116257
0.133963	0.12625
0.129393	0.129439
0.135638	0.127302
0.131503	0.143529
0.130115	0.143632
0.123624	0.138997
0.151395	0.142795
0.167897	0.135325
0.16232	0.121316
0.156429	0.1163
0.157973	0.103931
0.152313	0.0941503
0.144925	0.0978806
0.146565	0.0989846
0.152091	0.129058
0.148857	0.119191
0.148447	0.127552
0.158099	0.121491
0.161303	0.119359
0.142639	0.113788
0.141091	0.113148
0.150514	0.124203
0.135615	0.119179
0.147166	0.122891
0.168534	0.130796
0.173938	0.132839
0.168749	0.129312
0.171188	0.117482
0.17709	0.117939
0.187311	0.115146
0.180614	0.118164
0.178332	0.10684
0.173926	0.112116
0.160436	0.0890596
0.160127	0.065759
0.182827	0.0758253
0.177851	0.0859626
0.174265	0.107785
0.176437	0.0867119
0.175295	0.0921712
0.163412	0.0687486
0.172421	0.0652575
0.163847	0.0605695
0.168303	0.0551955
0.170869	0.0177444
0.172477	0.0193063
0.174919	0.0205733
0.211344	0.00368458
0.20928	0.0243783
0.209049	0.0162618
0.191916	0.0426691
0.19653	0.0413186
0.199035	0.0569342
0.198142	0.0562114
0.195782	0.0523614
0.202918	0.0623888
0.211232	0.0644042
0.206606	0.064671
0.200784	0.0686643
0.1981	0.071638
0.175446	0.0523733
0.170362	0.0570133
0.167478	0.0343122
0.184578	0.0458709
0.181211	0.0504058
0.172394	0.0598374
0.173051	0.0652486
0.181353	0.0776373
0.186145	0.0898755
0.167677	0.100746
0.191499	0.0795104
0.161104	0.081925
0.178253	0.0906763
0.175049	0.0883146
0.176364	0.088208
0.195853	0.107256
0.184586	0.0920133
0.185324	0.077122
0.195922	0.0625379
0.18758	0.0623348
0.182777	0.0620743
0.193549	0.0816493
0.192102	0.0835891
0.184506	0.0787792
0.191747	0.079148
0.19366	0.0627245
0.180938	0.0712293
0.157931	0.0545557
0.161927	0.0535835
0.168338	0.0668365
0.179677	0.06654
0.180149	0.0661855
0.181092	0.0716254
0.185512	0.069158
0.177003	0.0809295
0.180073	0.0752577
0.170132	0.0551308
0.196394	0.0577513
0.190176	0.0357092
0.190353	0.036526
0.188007	0.0398646
0.168523	0.0471534
0.172155	0.0481097
0.170658	0.0511009
0.179927	0.0430355
0.178349	0.0327985
0.175319	0.0353174
0.176107	0.0501618
0.175349	0.0520224
0.185449	0.0443826
0.174173	0.0358338
0.17005	0.0465591
0.178289	0.0657896
0.174468	0.0629991
0.176873	0.0637389
0.188354	0.0692171
0.202712	0.0381559
0.202771	0.0300884
0.201871	0.0267194
0.194403	0.0147009
0.190251	0.020725
0.188034	0.0306555
0.186765	0.0292329
0.187493	0.0283652
0.176548	0.0135728
0.18598	0.0109184
0.1867	0.0107825
0.185474	-0.00541068
0.195742	-0.0129037
0.189409	-0.0117702
0.188082	-0.0176261
0.163003	-0.0224014
0.172561	-0.0235258
0.161382	-0.0226868
0.158222	-0.0285329
0.15692	-0.0387493
0.156046	-0.039368
0.171957	-0.038097
0.18697	-0.0513345
0.18689	-0.0516265
0.186232	-0.0509882
0.186847	-0.0447447
0.188327	-0.0381798
0.189816	-0.0432575
0.17859	-0.0240741
0.167576	-0.00773551
0.153413	-0.0152889
0.12992	-0.0416595
0.145976	-0.0448178
0.138744	-0.0694088
0.130705	-0.0874658
0.136885	-0.0815964
0.142786	-0.0842384
0.160054	-0.0843018
0.156087	-0.073669
0.145641	-0.0684547
0.15726	-0.0796107
0.163055	-0.0969235
0.144514	-0.111316
0.141717	-0.101004
0.15899	-0.128874
0.155851	-0.130637
0.154543	-0.136803
0.158633	-0.14602
0.157608	-0.132569
0.163835	-0.111088
0.159872	-0.116218
0.147246	-0.149045
0.141484	-0.13175
0.163427	-0.133418
0.158949	-0.13349
0.1512	-0.120355
0.152483	-0.0846075
0.117837	-0.0840235
0.139984	-0.0744173
0.124395	-0.0791023
0.131568	-0.0855585
0.134806	-0.0882101
0.121513	-0.0848758
0.130526	-0.101649
0.140861	-0.107791
0.136286	-0.108171
0.130802	-0.107512
0.143878	-0.140872
0.150423	-0.123239
0.150849	-0.12305
0.145421	-0.117046
0.138854	-0.113517
0.171032	-0.111838
0.193215	-0.117339
0.182363	-0.139568
0.184768	-0.138798
0.17193	-0.111266
0.169678	-0.108699
0.1694	-0.110552
0.16643	-0.105415
0.138848	-0.0745271
0.152263	-0.0837101
0.164981	-0.080905
0.155019	-0.0870011
0.157957	-0.0909611
0.163109	-0.0909332
0.167153	-0.096084
0.164626	-0.0951543
0.164728	-0.0949807
0.163194	-0.0894727
0.175596	-0.0788499
0.143531	-0.0872467
0.126713	-0.0959149
0.140423	-0.0914948
0.154276	-0.0897979
0.150274	-0.0856312
0.171761	-0.0883039
0.189822	-0.0861393
0.141914	-0.095922
0.144729	-0.0973056
0.149149	-0.108164
0.153167	-0.0932621
0.158882	-0.0907191
0.146761	-0.0820142
0.156859	-0.0979368
0.18907	-0.0869736
0.184829	-0.0825558
0.191593	-0.0954696
0.202741	-0.0612575
0.212202	-0.0740788
0.217419	-0.0458184
0.216929	-0.0372627
0.212469	-0.0294598
0.208094	-0.0344988
0.211181	-0.0262896
0.207444	-0.0309412
0.209924	-0.0217751
0.201822	-0.0459053
0.225153	-0.0549059
0.22349	-0.0520001
0.215958	-0.049206
0.211912	-0.0541416
0.206526	-0.0518775
0.21529	-0.0319304
0.20625	-0.03252
0.212313	-0.0300234
0.206607	-0.0278864
0.186278	-0.00636019
0.164206	-0.0091031
0.174981	0.00735108
0.142754	0.0329647
0.146577	0.0394353
0.149908	0.0358812
0.17954	0.0402315
0.194462	0.0291101
0.193248	0.0374782
0.200136	0.0314506
0.189125	0.0191862
0.19162	0.0210788
0.185333	0.0338876
0.186394	0.0355161
0.181863	0.0218855
0.205264	0.010354
0.208663	0.00109443
0.210268	-0.00656093
0.221919	0.0137908
0.203484	0.00583256
0.179846	0.00810232
0.196022	-0.00880205
0.19198	-0.00556461
0.192544	-0.00525304
0.199758	-0.0228514
0.197423	-0.0365246
0.186399	-0.0439641
0.171971	-0.0412193
0.203358	-0.0334773
0.214429	-0.0304747
0.217821	-0.0223018
0.21343	-0.0236654
0.213009	-0.0216062
0.213903	-0.0237555
0.20984	-0.0240484
0.219267	-0.0296809
0.206583	-0.0274648
0.196856	-0.0103588
0.206329	-0.000560199
0.224525	-0.00734744
0.236594	0.0375959
0.236221	0.0420472
0.242472	0.0171855
0.206118	0.0451948
0.202958	0.0436882
0.213711	0.0415631
0.198822	0.0396932
0.188077	0.0397993
0.195901	0.0434032
0.205299	0.0602068
0.191154	0.0746334
0.185003	0.0911957
0.19166	0.0814424
0.187526	0.0807184
0.179515	0.0805496
0.167774	0.0785982
0.150263	0.0575365
0.140261	0.0536577
0.146232	0.0597677
0.150056	0.0531799
0.153519	0.0422776
0.155782	0.0494794
0.147409	0.0398398
0.129194	0.046076
0.141099	0.0339922
0.15656	0.0342792
0.175085	0.0421698
0.171737	0.0403009
0.169172	0.0438193
0.163158	0.0491862
0.166609	0.0422314
0.169742	0.0430272
0.177374	0.0444115
0.178938	0.0473876
0.178618	0.0463851
0.178324	0.0739097
0.171664	0.0830761
0.189213	0.0946317
0.187121	0.0934703
0.19365	0.096555
0.192986	0.109422
0.204611	0.0935556
0.205849	0.0996681
0.192098	0.0733234
0.189386	0.0666669
0.194322	0.0475881
0.192432	0.0492918
0.181886	0.0408422
0.182239	0.0409487
0.179846	0.0513423
0.17688	0.048811
0.201502	0.0538514
0.197422	0.0581022
0.21239	0.0696786
0.206882	0.0699002
0.183689	0.0839537
0.169098	0.068304
0.176806	0.0710644
0.176872	0.061995
0.168451	0.0432893
0.158925	0.0460022
0.185959	0.0573752
0.183985	0.0400298
0.187706	0.0312653
0.192336	0.0365079
0.189242	0.0465082
0.182785	0.0462764
0.165174	0.0397862
0.175772	0.0622718
0.185142	0.0720789
0.189406	0.0524938
0.191199	0.0478342
0.189881	0.0507362
0.18869	0.0412125
0.195584	0.0387945
0.203401	0.0359726
0.233361	0.0594361
0.237847	0.0507506
0.233087	0.036391
0.234965	0.0380927
0.224548	0.0300712
0.220438	0.0325618
0.218884	0.0325726
0.22451	0.00935865
0.207969	0.0174045
0.195966	0.0388369
0.206806	0.0407934
0.200826	0.0665534
0.179559	0.0556041
0.165015	0.0415565
0.16548	0.0452713
0.165457	0.0468297
0.157999	0.0484585
0.158238	0.045847
0.159769	0.0320121
0.135064	0.0438743
0.140749	0.0475245
0.145593	0.0393348
0.166473	0.0249121
0.181915	0.0163691
0.190103	0.00547496
0.190954	0.00202923
0.197504	0.00252036
0.194214	-0.0153752
0.183514	-0.00940117
0.183018	-0.00820172
0.18094	0.00525164
0.171238	-0.00129919
0.1396	-7.50158e-05
0.15169	-0.0431874
0.155565	-0.0383897
0.172262	-0.0338787
0.191911	-0.0371305
0.192841	-0.037893
0.194733	-0.0373118
0.195544	-0.0283687
0.194904	-0.035705
0.196155	-0.0357447
0.199473	-0.0280573
0.194723	-0.0321492
0.205004	-0.0313525
0.201168	-0.028667
0.203623	-0.0181168
0.205871	-0.0276781
0.215217	-0.0399783
0.211776	-0.0394357
0.206962	-0.0410568
0.174749	-0.050529
0.176456	-0.0508776
0.166551	-0.0723462
0.113686	-0.0819178
0.121936	-0.0866269
0.122851	-0.0554953
0.12265	-0.0711503
0.153973	-0.0740799
0.164459	-0.0673962
0.161422	-0.0788661
0.162852	-0.0797193
0.166301	-0.0886186
0.165766	-0.100674
0.164118	-0.100108
0.163799	-0.100088
0.147979	-0.089924
0.146566	-0.0837096
0.166919	-0.0977937
0.166267	-0.0980198
0.192064	-0.114591
0.188298	-0.113657
0.180127	-0.111367
0.161651	-0.101436
0.162497	-0.102895
0.161568	-0.101454
0.194944	-0.118263
0.184281	-0.132989
0.176191	-0.120539
0.158284	-0.11444
0.170159	-0.11503
0.184082	-0.132876
0.179957	-0.130325
0.177828	-0.126776
0.181082	-0.123685
0.157274	-0.120186
0.146105	-0.118496
0.13442	-0.126129
0.145013	-0.129671
0.14188	-0.130186
0.139922	-0.113519
0.168564	-0.114392
0.172197	-0.0986198
0.183276	-0.0952346
0.183983	-0.0942797
0.166	-0.106333
0.166868	-0.100671
0.155681	-0.108296
0.185418	-0.0951553
0.180654	-0.0943475
0.189327	-0.103411
0.198258	-0.0713389
0.194658	-0.069594
0.196301	-0.068949
0.157935	-0.066115
0.160156	-0.0682318
0.165535	-0.0805197
0.165008	-0.0822325
0.166372	-0.115391
0.159303	-0.115145
0.159692	-0.138265
0.14763	-0.131105
0.160264	-0.140737
0.166089	-0.129534
0.179914	-0.13412
0.184329	-0.131665
0.202177	-0.1132
0.204011	-0.101254
0.198865	-0.0978478
0.194179	-0.105697
0.216083	-0.099666
0.205241	-0.0794386
0.201247	-0.0806017
0.200771	-0.0780821
0.203976	-0.0824258
0.204378	-0.0758218
0.189498	-0.0809436
0.187334	-0.0762683
0.182368	-0.0793569
0.194146	-0.0787205
0.210729	-0.0827466
0.209518	-0.0930411
0.192329	-0.10257
0.191066	-0.087789
0.184272	-0.0838388
0.183097	-0.085146
0.182834	-0.0905212
0.193768	-0.0996078
0.20447	-0.07902
0.210939	-0.07216
0.230029	-0.0651195
0.18781	-0.0687131
0.181569	-0.0453185
0.182192	-0.0457127
0.183927	-0.0360897
0.185145	-0.0369232
0.187218	-0.0290986
0.188243	-0.0315973
0.170322	-0.0233586
0.182018	-0.0459955
0.19354	-0.0464706
0.200368	-0.0541539
0.198048	-0.0549509
0.200376	-0.0508047
0.197383	-0.0594376
0.191036	-0.0851585
0.16457	-0.103877
0.182984	-0.0956437
0.172364	-0.101127
0.170768	-0.0955377
0.168005	-0.105685
0.137206	-0.116804
0.14618	-0.116155
0.133582	-0.111648
0.133208	-0.105251
0.119639	-0.104599
0.128561	-0.111433
0.155018	-0.13686
0.143088	-0.113089
0.134906	-0.113674
0.119584	-0.0949538
0.111833	-0.117286
0.123934	-0.107933
0.117291	-0.11268
0.118187	-0.122594
0.135652	-0.122733
0.128167	-0.117381
0.142739	-0.112995
0.144625	-0.111091
0.142851	-0.106115
0.152549	-0.0880133
0.136565	-0.0772923
0.139929	-0.0735584
0.132938	-0.0624142
0.159533	-0.0702601
0.164799	-0.0616321
0.185444	-0.0478839
0.185203	-0.0484674
0.187097	-0.052521
0.180648	-0.0648805
0.168083	-0.0562411
0.16967	-0.0637839
0.166882	-0.0159778
0.171572	-0.0177032
0.170352	-0.0054143
0.173841	-0.00605428
0.179911	0.0133679
0.190292	0.00469232
0.188386	0.00158615
0.19413	0.0125651
0.194631	0.0221857
0.195969	0.024248
0.209271	0.0344034
0.202189	0.0321357
0.220325	0.0278979
0.19789	0.0146935
0.19669	0.014606
0.191393	0.0274729
0.187924	0.0254571
0.181294	0.0240003
0.180515	0.0205251
0.184656	0.0394175
0.185578	0.0403096
0.181746	0.0466145
0.18318	0.0420326
0.182415	0.0394072
0.183445	0.0370397
0.189712	0.0338872
0.200753	0.0501894
0.155006	0.0293694
0.156775	0.0366867
0.161475	0.0376546
0.189737	0.0392031
0.184334	0.0571703
0.210223	0.0724736
0.206514	0.0694504
0.182451	0.0353265
0.183579	0.0290868
0.186762	0.0267156
0.164972	0.00483471
0.16968	0.0048822
0.170001	0.0294934
0.174293	0.0254825
0.161232	0.0187991
0.195872	0.0313392
0.199901	0.0322165
0.198031	0.031502
0.214139	0.0250465
0.226048	0.0300787
0.25468	0.0171231
0.231389	-0.0103443
0.222754	-0.0145797
0.199819	-0.0158234
0.17449	-0.0233652
0.195061	-0.0486473
0.199731	-0.0408633
0.197827	-0.0367653
0.195833	-0.0356942
0.201108	-0.0421075
0.184905	-0.0362739
0.178168	-0.0440012
0.168646	-0.0449838
0.169612	-0.0449848
0.17984	-0.0624476
0.187493	-0.0155605
0.171453	-0.00779555
0.154199	-0.00540108
0.157066	-0.00052129
0.171422	-0.0349714
0.176077	-0.0610896
0.210231	-0.0615342
0.210744	-0.0707407
0.199476	-0.0543495
0.197605	-0.053243
0.194373	-0.0505613
0.191557	-0.0271636
0.18876	-0.0262388
0.17789	-0.0129657
0.178065	-0.0123237
0.181413	-0.0118327
0.163765	-0.0159189
0.143794	-0.0518368
0.176074	-0.0689416
0.190405	-0.0595425
0.203609	-0.0671817
0.171815	-0.0626632
0.183465	-0.070085
0.190894	-0.0768822
0.185271	-0.0902795
0.181785	-0.0897838
0.17144	-0.0922245
0.155987	-0.0680653
0.156877	-0.0808623
0.161856	-0.0809292
0.178628	-0.0878063
0.215461	-0.0941816
0.205861	-0.0863535
0.207442	-0.0892047
0.188897	-0.0899499
0.187117	-0.0883833
0.205089	-0.080716
0.2057	-0.0676459
0.202235	-0.0645888
0.205043	-0.0932432
0.18782	-0.0728782
0.157452	-0.0616395
0.163329	-0.0639934
0.164909	-0.0608108
0.162967	-0.0674334
0.171407	-0.0624751
0.164593	-0.0670414
0.139596	-0.0431906
0.154255	-0.0434014
0.151796	-0.0641609
0.144564	-0.0527674
0.149716	-0.0597034
0.157277	-0.0602045
0.141585	-0.0595185
0.154925	-0.0626495
0.156074	-0.0650214
0.130608	-0.0530302
0.131898	-0.0686022
0.123302	-0.0752692
0.101488	-0.0769924
0.111869	-0.0845117
0.117664	-0.0896415
0.121759	-0.0949547
0.132662	-0.0939674
0.137425	-0.113056
0.169712	-0.122914
0.167282	-0.121299
0.165697	-0.11912
0.1739	-0.103523
0.165545	-0.102315
0.181044	-0.113565
0.174339	-0.123217
0.160691	-0.113105
0.166835	-0.107129
0.138748	-0.0890698
0.139337	-0.0776575
0.144188	-0.0872164
0.136763	-0.0838906
0.127383	-0.0858244
0.12208	-0.126901
0.131318	-0.167063
0.131542	-0.147402
0.131496	-0.1842
0.128643	-0.177843
0.12491	-0.174049
0.120211	-0.181634
0.125677	-0.161642
0.124163	-0.165686
0.103073	-0.168136
0.105209	-0.170894
0.104409	-0.169727
0.087181	-0.164038
0.0861088	-0.169555
0.0956668	-0.158806
0.108987	-0.163793
0.103013	-0.155659
0.101091	-0.167986
0.0970089	-0.168508
0.0965701	-0.169167
0.0913972	-0.167704
0.0849875	-0.16303
0.0852006	-0.158276
0.0845109	-0.173113
0.0942361	-0.173217
0.107323	-0.16499
0.120787	-0.169437
0.123279	-0.168228
0.120671	-0.162359
0.105152	-0.178411
0.104235	-0.17465
0.106929	-0.164427
0.0702787	-0.168405
0.077879	-0.167254
0.0784737	-0.168276
0.0827485	-0.171051
0.07792	-0.164517
0.0712686	-0.167703
0.0703307	-0.168553
0.0627152	-0.18117
0.0593921	-0.175735
0.0188753	-0.203937
0.0184075	-0.202057
0.0162311	-0.206668
0.0199794	-0.188963
0.0216531	-0.19491
-0.00989808	-0.187705
-0.00034292	-0.180389
0.00439649	-0.206575
0.00664568	-0.203842
-0.0016638	-0.202246
-0.00275574	-0.20039
-0.00272418	-0.198801
0.0151984	-0.206703
0.0410591	-0.204502
0.0441449	-0.18968
0.0434213	-0.209449
0.03163	-0.214135
0.031292	-0.207307
0.0294582	-0.187185
0.0377267	-0.200516
0.0342067	-0.213162
0.0469721	-0.218669
0.0455605	-0.213727
0.0540274	-0.20049
0.0472939	-0.183572
0.0515793	-0.177801
0.0520341	-0.178107
0.0505955	-0.171149
0.0499055	-0.155805
0.0521097	-0.158142
0.0465232	-0.176778
0.0440543	-0.153025
0.0475986	-0.131732
0.0428078	-0.143665
0.0446981	-0.15013
0.0483039	-0.162126
0.0525008	-0.149911
0.0334223	-0.119423
0.0354849	-0.110999
0.0218597	-0.123812
0.0175713	-0.125808
0.0068816	-0.140112
0.00613077	-0.152275
0.00674863	-0.149619
8.27554e-05	-0.162188
0.0195019	-0.162855
0.0230907	-0.153425
0.0238956	-0.159278
0.0260434	-0.180505
0.0203304	-0.184622
0.0169754	-0.180052
0.000502459	-0.181112
0.01504	-0.1788
0.0210729	-0.186642
0.0329236	-0.188082
0.0320171	-0.225858
0.0384367	-0.226163
0.0412432	-0.217762
0.0168932	-0.233762
0.0165354	-0.233882
0.019807	-0.222412
0.0208873	-0.206085
0.034694	-0.202361
0.0373556	-0.183325
0.0345833	-0.17969
0.0382583	-0.196519
0.0536923	-0.207859
0.0584091	-0.232707
0.0569941	-0.226465
0.0528862	-0.21983
0.0407684	-0.228507
0.0276657	-0.215147
0.0309112	-0.238966
-0.014113	-0.233055
-0.00367995	-0.215422
-0.00643644	-0.204104
-0.00897346	-0.200147
-9.88458e-05	-0.192173
-0.00545856	-0.204868
-0.00970951	-0.211381
-0.012731	-0.200511
-0.0168834	-0.198085
-0.0142694	-0.203956
-0.0182657	-0.201955
-0.0187515	-0.201881
-0.0236466	-0.206996
-0.0230073	-0.207266
-0.0247786	-0.197965
-0.0239129	-0.197825
-0.0324086	-0.221274
-0.0316301	-0.215979
-0.027188	-0.231574
-0.00970912	-0.204276
-0.00960826	-0.202224
-0.0145603	-0.175392
-0.0378625	-0.169691
-0.0618016	-0.155761
-0.0649058	-0.16353
-0.067793	-0.158598
-0.081188	-0.177934
-0.0836919	-0.18781
-0.0830802	-0.183966
-0.0988596	-0.179697
-0.104539	-0.171649
-0.122905	-0.207513
-0.13534	-0.208999
-0.0922367	-0.225199
-0.0868263	-0.209124
-0.0847242	-0.203319
-0.0787094	-0.199784
-0.0772572	-0.194728
-0.0736111	-0.188261
-0.0730101	-0.201892
-0.0746397	-0.198002
-0.0749963	-0.19408
-0.0549428	-0.158869
-0.0352468	-0.170844
-0.0140941	-0.149584
-0.00810188	-0.160451
-0.0211947	-0.157922
-0.0262191	-0.175105
-0.0281291	-0.166907
-0.0170042	-0.170311
-0.014429	-0.165156
-0.0223941	-0.165589
-0.0274038	-0.168939
-0.0342653	-0.173657
-0.0406316	-0.165447
-0.0254162	-0.182265
-0.0209772	-0.16412
-0.0346188	-0.186873
-0.0333885	-0.19059
-0.037041	-0.192108
-0.0420523	-0.182187
-0.0307845	-0.17952
-0.0145499	-0.184397
-0.0193223	-0.19412
-0.0236373	-0.195046
-0.021913	-0.191595
-0.0213584	-0.199141
-0.0194842	-0.198013
-0.0162989	-0.20559
0.0126464	-0.192159
0.0122301	-0.193084
0.0118095	-0.193868
0.0308247	-0.161917
0.00392424	-0.181769
-0.000705248	-0.174079
-0.0105953	-0.181472
-0.0103927	-0.187709
-0.00597888	-0.198697
-0.00654814	-0.197608
-0.0097304	-0.204961
0.00709133	-0.202252
0.00332332	-0.194437
-0.000562771	-0.176873
0.00284971	-0.17118
-0.0128866	-0.194259
-0.0121129	-0.191554
-0.0217419	-0.177811
-0.0192096	-0.182107
-0.0191141	-0.191873
-0.0115098	-0.190675
-0.00934779	-0.203079
-0.0114647	-0.198227
0.00378165	-0.215788
0.00889847	-0.187281
-0.000271927	-0.183869
4.73127e-05	-0.185642
-0.00501761	-0.188114
-0.00856948	-0.193912
-0.00877265	-0.191097
0.00788851	-0.190225
-0.00105491	-0.182718
0.0144423	-0.183672
-0.00770698	-0.190012
-0.00758421	-0.195226
0.00878754	-0.181499
0.0117255	-0.178779
-0.000165673	-0.178535
-0.000447252	-0.18004
-0.00593322	-0.182207
-0.0130354	-0.189312
-0.0123964	-0.200272
-0.00197251	-0.216743
-0.00426202	-0.22772
-0.00478242	-0.237721
-0.0158883	-0.238082
-0.0154894	-0.23733
-0.019673	-0.242749
-0.0108382	-0.226947
-0.0203276	-0.227565
-0.0333602	-0.237689
-0.0346498	-0.233944
-0.0337981	-0.212428
-0.0183432	-0.22714
-0.0178731	-0.221052
-0.0195333	-0.212941
-0.0188668	-0.209727
-0.0284029	-0.190081
-0.0272903	-0.198081
-0.0151088	-0.202167
-0.0459453	-0.214864
-0.0404602	-0.204562
-0.0382735	-0.206762
-0.0597015	-0.214448
-0.0508502	-0.208229
-0.0453538	-0.219108
-0.0375685	-0.215039
-0.0421696	-0.226432
-0.0273339	-0.206554
-0.0332599	-0.20521
-0.03713	-0.214587
-0.0313737	-0.206913
-0.0360656	-0.198813
-0.0343252	-0.207603
-0.0222942	-0.216996
-0.0220013	-0.234198
-0.0212742	-0.231093
-0.0157457	-0.215988
-0.0124085	-0.212352
-0.0153743	-0.203478
-0.0319122	-0.201127
-0.0311025	-0.20043
-0.0585569	-0.191291
-0.0511203	-0.194289
-0.0590165	-0.188404
-0.0607549	-0.175106
-0.0486186	-0.166138
-0.0820782	-0.192353
-0.0479877	-0.170557
-0.0268746	-0.18154
-0.0134964	-0.186952
-0.00204765	-0.174491
0.0144451	-0.175581
0.0121821	-0.178609
0.0148278	-0.174779
0.00759228	-0.176517
0.00690502	-0.18227
0.0200067	-0.17432
0.0237363	-0.170413
0.0164904	-0.175602
0.0252244	-0.156447
0.0252664	-0.160566
0.0264515	-0.162492
0.0302879	-0.177288
0.0277474	-0.19153
0.0296303	-0.193966
0.0136726	-0.181179
0.0274989	-0.18733
0.0269562	-0.192871
0.0100241	-0.180592
0.00942024	-0.18185
-0.00767609	-0.185133
-0.0031254	-0.15577
-0.0190239	-0.162353
0.00696667	-0.148073
0.0119569	-0.151623
0.0136213	-0.167489
0.0183907	-0.190277
-0.000911788	-0.188406
0.0170943	-0.190967
-0.0116662	-0.192528
-0.0186825	-0.189826
-0.00991066	-0.180536
0.0015118	-0.17382
-0.00042543	-0.17926
0.00173905	-0.160959
0.00494785	-0.148632
0.0316873	-0.165237
0.00555963	-0.152703
0.00910699	-0.151936
0.0111985	-0.151225
0.038337	-0.174909
0.0392696	-0.166395
0.0375546	-0.164981
0.0304963	-0.165378
0.0302219	-0.156757
0.0240045	-0.176739
0.00404379	-0.17019
0.00232579	-0.157824
0.00715277	-0.166513
0.00994707	-0.161484
-0.0103529	-0.176021
-0.00350917	-0.17463
-0.00417198	-0.18152
-0.00476009	-0.182026
-0.00362895	-0.185404
-0.00193939	-0.196691
-0.00345471	-0.193632
0.00259785	-0.189547
0.00199116	-0.180731
-0.0197372	-0.209351
-0.0114365	-0.237946
-0.0100999	-0.223858
-0.0295327	-0.226687
-0.0207727	-0.226052
-0.0186085	-0.224657
-0.0182219	-0.232955
-0.0341626	-0.236074
-0.033106	-0.236416
-0.0308562	-0.215423
-0.0101618	-0.219368
-0.0288905	-0.208056
-0.0287005	-0.206525
-0.0334192	-0.200385
-0.0318764	-0.207645
-0.0337992	-0.194635
-0.0373238	-0.199324
-0.032923	-0.194665
-0.0346033	-0.192302
-0.030988	-0.192737
-0.0327589	-0.18147
-0.0244724	-0.182996
-0.0306098	-0.146143
-0.0378858	-0.147886
-0.0407281	-0.144842
-0.0305322	-0.148617
-0.0233417	-0.15017
-0.0257049	-0.164331
-0.0353535	-0.147532
-0.0369529	-0.156186
-0.0356951	-0.15947
-0.0288691	-0.1519
-0.0297677	-0.167905
-0.0133614	-0.184106
-0.0187045	-0.187268
-0.0325442	-0.194499
-0.0354829	-0.16528
-0.0523584	-0.18891
-0.0349578	-0.198966
-0.0428051	-0.195769
-0.0415036	-0.191742
-0.0264145	-0.195343
-0.0191717	-0.194574
-0.0220021	-0.189744
-0.0161593	-0.185695
0.000694434	-0.186284
-0.00084766	-0.184694
0.00780619	-0.18514
0.0314102	-0.20531
0.0316172	-0.202361
0.033516	-0.198134
0.0298421	-0.18498
0.0142447	-0.189841
0.0101507	-0.194099
0.00352729	-0.207861
0.00223488	-0.2055
0.0051238	-0.21624
0.00698138	-0.215025
0.0124117	-0.209057
0.0136479	-0.20307
0.0160307	-0.198351
0.0116435	-0.182642
0.0331352	-0.178509
0.0333693	-0.186232
0.0331831	-0.179536
0.012981	-0.176834
0.00256337	-0.193533
0.0233952	-0.18463
0.023053	-0.185402
0.0225536	-0.184855
0.00916871	-0.1712
0.00265538	-0.192547
0.0115886	-0.200576
0.0203201	-0.191063
0.0203237	-0.190919
0.0220703	-0.203706
0.0397831	-0.201153
0.0399553	-0.197339
0.0526096	-0.195684
0.0670976	-0.202156
0.0690056	-0.206488
0.0787504	-0.204007
0.0816114	-0.218918
0.0756872	-0.209664
0.0741511	-0.208352
0.0988894	-0.203126
0.108648	-0.176316
0.0937876	-0.139218
0.0992367	-0.134586
0.0980523	-0.159704
0.0993193	-0.166803
0.0969033	-0.166952
0.097046	-0.167876
0.084181	-0.139011
0.0743959	-0.113133
0.0794455	-0.122298
0.0959929	-0.110703
0.099177	-0.113536
0.0998602	-0.106428
0.0968869	-0.114758
0.0911041	-0.123221
0.0866029	-0.124565
0.0802707	-0.125119
0.0878825	-0.116871
0.0928581	-0.122575
0.0510257	-0.117583
0.06977	-0.107089
0.0584696	-0.111024
0.0909175	-0.144431
0.0883494	-0.148959
0.0792137	-0.158359
0.0792629	-0.161306
0.0960548	-0.165041
0.0952942	-0.146318
0.0995909	-0.166762
0.099079	-0.164435
0.0882108	-0.167561
0.088269	-0.167685
0.0895121	-0.168774
0.0831654	-0.15675
0.0519523	-0.137166
0.0488513	-0.121858
0.0682401	-0.115787
0.0748464	-0.142707
0.0749761	-0.149883
0.0766644	-0.138341
0.0806842	-0.143611
0.082197	-0.146873
0.096512	-0.161735
0.0842384	-0.157633
0.0831099	-0.159892
0.0839227	-0.162547
0.0608214	-0.157546
0.0638611	-0.170115
0.0504025	-0.175195
0.0492185	-0.199507
0.0672553	-0.20033
0.0500261	-0.190927
0.0574873	-0.195217
0.0302504	-0.178951
0.0314076	-0.186266
0.0314658	-0.186378
0.0323049	-0.209093
0.0201956	-0.184944
0.0200422	-0.170439
0.025391	-0.153664
0.0222987	-0.191559
0.0451398	-0.185469
0.0354106	-0.177918
0.025506	-0.160591
0.0140443	-0.163754
0.0468474	-0.157321
0.0629484	-0.14639
0.0432144	-0.16118
0.0462479	-0.177055
0.0617939	-0.156162
0.074431	-0.169324
0.0851175	-0.178668
0.0910281	-0.175406
0.0911378	-0.161207
0.0784967	-0.15855
0.0766238	-0.17853
0.0524116	-0.168172
0.0620333	-0.162723
0.0542936	-0.167721
0.066708	-0.171262
0.063457	-0.167629
0.062252	-0.170366
0.0687388	-0.173642
0.0618173	-0.175804
0.0639251	-0.180104
0.0477577	-0.177432
0.0254763	-0.199708
0.0213636	-0.197766
0.0317469	-0.177143
0.0386983	-0.188427
0.032116	-0.201466
0.0233803	-0.209143
0.008873	-0.189145
0.00789026	-0.183188
-0.00382247	-0.175946
-0.00368298	-0.17777
-2.53282e-05	-0.189713
-0.0212568	-0.196684
0.00435068	-0.185724
0.00460089	-0.189328
-0.00574141	-0.206989
-0.0137259	-0.211145
-0.0098705	-0.210056
-0.00607566	-0.202197
0.0134133	-0.194155
-0.00362932	-0.177274
-0.00369833	-0.183014
-0.00308436	-0.184655
-0.0434905	-0.17399
-0.0437193	-0.1727
-0.0644469	-0.186665
-0.0685345	-0.19905
-0.0796225	-0.18239
-0.0715737	-0.19896
-0.066405	-0.189999
-0.0644637	-0.179968
-0.079412	-0.161654
-0.0744487	-0.164258
-0.0928278	-0.17957
-0.0937066	-0.174736
-0.0728644	-0.161701
-0.0874202	-0.187635
-0.0811705	-0.178714
-0.0783212	-0.178082
-0.0612884	-0.188213
-0.0485094	-0.18591
-0.0539839	-0.185212
-0.0569955	-0.188229
-0.0679445	-0.183579
-0.0501914	-0.179327
-0.0411639	-0.173903
-0.021234	-0.163064
-0.0196185	-0.201563
-0.025308	-0.199919
-0.0311204	-0.185986
-0.0186847	-0.170763
-0.0305245	-0.182975
-0.0458585	-0.195317
-0.0577655	-0.202617
-0.0505861	-0.176242
-0.0423088	-0.194403
-0.0409732	-0.197162
-0.0467155	-0.20415
-0.0470923	-0.201918
-0.0572968	-0.201902
-0.0502001	-0.187528
-0.0357709	-0.194906
-0.0347322	-0.191255
-0.0226764	-0.195552
-0.0233996	-0.201038
-0.023025	-0.194509
-0.0197957	-0.194072
-0.0302115	-0.207196
-0.0302687	-0.204197
-0.0256275	-0.202717
-0.0199651	-0.192746
-0.019377	-0.191528
-0.0215751	-0.190176
-0.0275116	-0.193388
-0.0356277	-0.195242
-0.0408643	-0.20307
-0.0411663	-0.19865
-0.0354434	-0.190862
-0.0222148	-0.181395
0.00610495	-0.183636
0.00631752	-0.184427
0.0175172	-0.222806
0.0178551	-0.219911
-0.0110714	-0.227297
-0.0203241	-0.205248
-0.00602734	-0.209546
-0.0139135	-0.209242
-0.0181642	-0.210446
-0.0333148	-0.228091
-0.02815	-0.238888
-0.0262399	-0.230901
-0.00692661	-0.222064
-0.00739996	-0.218656
0.00240179	-0.202352
0.00225488	-0.200401
0.0213799	-0.198477
0.0131053	-0.161799
0.0164632	-0.157348
0.0204254	-0.154281
0.0215652	-0.16089
0.00708604	-0.186591
0.00700715	-0.19247
0.00596115	-0.178201
0.0159863	-0.175851
0.0200942	-0.173763
0.0212787	-0.177722
0.0317604	-0.176785
0.0506413	-0.197365
0.0725353	-0.20634
0.0712818	-0.205492
0.0424019	-0.194118
0.0420099	-0.192365
0.0399127	-0.184762
0.0311084	-0.179264
-0.00557931	-0.170749
-0.00689659	-0.172295
-0.0102415	-0.17305
-0.0095839	-0.176579
-0.00732407	-0.181223
0.000146007	-0.19013
-0.00991445	-0.195228
-0.00988278	-0.194519
-0.0274816	-0.185413
-0.0212679	-0.172081
-0.0211213	-0.176792
-0.0215797	-0.191794
-0.0143918	-0.183773
-0.0116991	-0.184941
-0.00709661	-0.188309
-0.0117233	-0.214594
-0.0176599	-0.208631
-0.0206207	-0.205416
-0.0312903	-0.208307
-0.0407861	-0.196359
-0.0350846	-0.177252
-0.0335937	-0.177873
-0.0093398	-0.205226
-0.00971593	-0.209907
-0.0300485	-0.231594
-0.0368059	-0.229415
-0.0378031	-0.223582
-0.0340777	-0.22243
-0.0201992	-0.221682
-0.0184229	-0.219116
-0.00732984	-0.206701
0.0115851	-0.203707
0.00190491	-0.202987
-0.0129857	-0.232814
-0.0174665	-0.216161
-0.00117971	-0.23171
0.0155653	-0.230862
-0.0188491	-0.247697
-0.0167655	-0.244266
-0.016994	-0.268536
0.0171164	-0.245475
0.0342119	-0.241138
0.0312693	-0.23251
0.0343924	-0.219241
0.0167811	-0.234478
0.0261222	-0.232473
0.0105873	-0.230232
0.00290893	-0.218078
-0.00499	-0.21608
0.0020059	-0.224108
0.0364089	-0.199495
0.036166	-0.195387
0.0459441	-0.215353
0.0348041	-0.210689
0.00506337	-0.227285
0.00276935	-0.219033
-0.00600488	-0.226066
-0.0191232	-0.258389
-0.0202729	-0.2419
-0.0125025	-0.226086
-0.0115598	-0.211321
0.00237006	-0.226478
0.0125928	-0.202805
0.00244078	-0.198245
-0.00345563	-0.19199
0.0132075	-0.200114
0.00364349	-0.199506
0.00037889	-0.205357
0.00607171	-0.199161
-0.00231139	-0.197154
0.00367843	-0.189588
-0.00198039	-0.198691
-0.0146805	-0.202443
-0.00695226	-0.194881
-0.0105329	-0.20388
0.00528682	-0.198716
0.00967922	-0.200912
0.0120562	-0.195998
0.0167982	-0.201789
0.0115312	-0.207048
0.00274497	-0.18349
0.0081878	-0.211694
0.00907595	-0.183506
0.0222015	-0.163696
0.0203648	-0.169401
0.016806	-0.175899
0.0255671	-0.165823
0.0283008	-0.167278
0.0342765	-0.168369
0.040727	-0.166753
0.0269802	-0.185829
0.0205738	-0.187134
0.0244297	-0.185921
0.0311486	-0.190413
0.0303291	-0.176827
-0.0181914	-0.159176
-0.0412216	-0.177433
-0.0611964	-0.171371
-0.0640282	-0.153191
-0.0656144	-0.157218
-0.0715911	-0.159414
-0.0735429	-0.178659
-0.0774828	-0.167999
-0.0927207	-0.174694
-0.081782	-0.155054
-0.0761041	-0.177774
-0.0744865	-0.179708
-0.0844587	-0.14869
-0.0878317	-0.160961
-0.0841157	-0.168517
-0.0894543	-0.16323
-0.0930641	-0.173257
-0.087706	-0.172962
-0.0523777	-0.169684
-0.0537546	-0.171511
-0.0684504	-0.198986
-0.0619461	-0.18448
-0.0618142	-0.178375
-0.0688578	-0.192586
-0.0754441	-0.188622
-0.091329	-0.205563
-0.090526	-0.20013
-0.110311	-0.181662
-0.117575	-0.164619
-0.121726	-0.171173
-0.118604	-0.164133
-0.110173	-0.158962
-0.104179	-0.173903
-0.109211	-0.184408
-0.0898927	-0.192153
-0.070284	-0.191967
-0.0618598	-0.200871
-0.0710064	-0.20382
-0.0677854	-0.207141
-0.0632873	-0.20129
-0.058852	-0.205616
-0.0574363	-0.211554
-0.0553367	-0.20557
-0.0520263	-0.199742
-0.0551426	-0.202164
-0.0915036	-0.177438
-0.0897871	-0.171277
-0.075944	-0.171316
-0.0663469	-0.180884
-0.078872	-0.174788
-0.087763	-0.177118
-0.129212	-0.146946
-0.128625	-0.145571
-0.126183	-0.13186
-0.125893	-0.137704
-0.13141	-0.139608
-0.134851	-0.133011
-0.118862	-0.15035
-0.136219	-0.14532
-0.134028	-0.151011
-0.132315	-0.149584
-0.1287	-0.182768
-0.126247	-0.177959
-0.1225	-0.163173
-0.121264	-0.161411
-0.111066	-0.147316
-0.110155	-0.155757
-0.138662	-0.159473
-0.120867	-0.153337
-0.120438	-0.167296
-0.126428	-0.169183
-0.122209	-0.182604
-0.0998425	-0.174018
-0.106009	-0.181529
-0.12309	-0.188287
-0.123023	-0.180937
-0.116988	-0.177233
-0.110763	-0.190706
-0.0997538	-0.156097
-0.0995452	-0.155559
-0.0940246	-0.160441
-0.0936387	-0.165542
-0.110125	-0.167386
-0.114232	-0.167426
-0.118595	-0.180056
-0.116394	-0.179318
-0.105416	-0.18341
-0.105443	-0.18197
-0.107628	-0.169412
-0.0978775	-0.170653
-0.0716135	-0.172993
-0.0744459	-0.166089
-0.078948	-0.167157
-0.0450525	-0.181237
-0.0419198	-0.183692
-0.0485305	-0.188801
-0.0494877	-0.188491
-0.0495893	-0.187796
-0.0405325	-0.173148
-0.0277007	-0.169892
-0.0250172	-0.169651
-0.0213118	-0.171238
-0.044269	-0.156851
-0.0468308	-0.159741
-0.032945	-0.170535
-0.0381156	-0.181727
-0.0481081	-0.189957
-0.0473173	-0.189951
-0.0297628	-0.188761
-0.0320581	-0.195253
-0.0394526	-0.195328
-0.00901992	-0.170697
-0.00742973	-0.170388
-0.00781941	-0.170604
-0.0115393	-0.17851
-0.0152924	-0.182604
-0.0172193	-0.184602
0.00264739	-0.209644
-0.00768422	-0.212543
-0.00700708	-0.210565
0.00414687	-0.181725
0.00235202	-0.183643
0.00456346	-0.187262
0.013745	-0.185541
0.011252	-0.198115
0.013044	-0.179675
0.0165882	-0.187776
0.0223296	-0.176122
0.0309659	-0.184137
0.0366034	-0.197214
0.0402247	-0.194717
0.0504583	-0.19238
0.0490486	-0.199796
0.051739	-0.196996
0.0436877	-0.199226
0.0445605	-0.198485
0.0457158	-0.19988
0.0498648	-0.197494
0.0261515	-0.234097
0.0125796	-0.238637
0.0120536	-0.230643
0.0322045	-0.208551
0.0380008	-0.238788
0.0408107	-0.231072
0.0435721	-0.228002
0.051396	-0.232358
0.0492913	-0.225394
0.0624678	-0.206703
0.0768649	-0.200787
0.0814388	-0.192648
0.0594361	-0.189872
0.0575222	-0.202853
0.0585127	-0.197766
0.0620784	-0.201919
0.0647202	-0.202211
0.067944	-0.219716
0.0705299	-0.203503
0.0740798	-0.189782
0.0784464	-0.169306
0.0795975	-0.16869
0.0821719	-0.179544
0.0890101	-0.160053
0.0922395	-0.132298
0.0860218	-0.127496
0.0802327	-0.108144
0.0970134	-0.125736
0.0933726	-0.114802
0.100116	-0.12147
0.116939	-0.140124
0.110369	-0.143745
0.0976877	-0.145439
0.0937155	-0.150019
0.090649	-0.143891
0.0977982	-0.159342
0.0931617	-0.162179
0.0948923	-0.156695
0.113694	-0.175668
0.0998592	-0.17038
0.107047	-0.166953
0.107789	-0.159128
0.11963	-0.142697
0.118822	-0.147743
0.121364	-0.146667
0.114382	-0.131206
0.106927	-0.136772
0.111672	-0.135556
0.114958	-0.136633
0.109704	-0.146284
0.107833	-0.162889
0.123416	-0.163622
0.113422	-0.164427
0.093484	-0.169188
0.116946	-0.170675
0.111784	-0.149201
0.123656	-0.155345
0.126927	-0.151915
0.106136	-0.134669
0.108282	-0.119168
0.116986	-0.0816632
0.126044	-0.0611153
0.128145	-0.0548867
0.137259	-0.0584139
0.1399	-0.0676709
0.176822	-0.055455
0.19777	-0.0479224
0.189092	-0.0363959
0.19677	-0.0431747
0.198308	-0.0369255
0.182651	-0.050032
0.1774	-0.062737
0.179309	-0.069063
0.179693	-0.0557837
0.18754	-0.0570416
0.205499	-0.0713344
0.17599	-0.0662579
0.17985	-0.0710983
0.193551	-0.0855138
0.172335	-0.0899822
0.167391	-0.0887195
0.153336	-0.0845616
0.149049	-0.0701955
0.154131	-0.0634664
0.157521	-0.0650553
0.172417	-0.0475129
0.167981	-0.0468562
0.169612	-0.0467218
0.179909	-0.0541404
0.176666	-0.0626244
0.17313	-0.0778878
0.166254	-0.0737354
0.181267	-0.0612637
0.193092	-0.0462593
0.194563	-0.0430267
0.201071	-0.0610604
0.178059	-0.0658011
0.186331	-0.0631895
0.192268	-0.0748885
0.204331	-0.0760103
0.201561	-0.0754715
0.188992	-0.0947793
0.200225	-0.0868862
0.201761	-0.0915188
0.198108	-0.100727
0.196322	-0.106732
0.175438	-0.121766
0.17212	-0.108672
0.174954	-0.134357
0.177342	-0.151313
0.181747	-0.147119
0.153554	-0.143237
0.157565	-0.160379
0.159356	-0.150295
0.143142	-0.161308
0.157543	-0.168909
0.152014	-0.1742
0.142428	-0.150296
0.12777	-0.145285
0.10933	-0.123635
0.112295	-0.124877
0.0967272	-0.115047
0.111143	-0.113392
0.112188	-0.115995
0.119386	-0.115034
0.120008	-0.118992
0.128006	-0.124125
0.135072	-0.122404
0.13214	-0.125502
0.117125	-0.129379
0.109453	-0.128242
0.108747	-0.107927
0.11416	-0.104694
0.120426	-0.105814
0.138497	-0.11529
0.141574	-0.116608
0.144839	-0.112862
0.143521	-0.10536
0.144065	-0.10575
0.181042	-0.115963
0.165503	-0.13438
0.155516	-0.133809
0.154191	-0.139278
0.15204	-0.103568
0.144635	-0.108508
0.150413	-0.112918
0.149445	-0.104908
0.146756	-0.0953234
0.151608	-0.0975808
0.152546	-0.0886214
0.142428	-0.0988476
0.143484	-0.103419
0.139058	-0.110459
0.130837	-0.107031
0.146396	-0.116156
0.162373	-0.139247
0.157236	-0.136908
0.156142	-0.134285
0.153898	-0.134067
0.153603	-0.131111
0.166303	-0.114742
0.186909	-0.0946392
0.183876	-0.0830575
0.19583	-0.096318
0.172889	-0.0800018
0.156631	-0.102066
0.159654	-0.0908377
0.164854	-0.0939514
0.166452	-0.0790172
0.155078	-0.0916548
0.157706	-0.0993418
0.158376	-0.0996201
0.172478	-0.105115
0.173819	-0.106097
0.162933	-0.114544
0.151155	-0.105902
0.122274	-0.0972478
0.107175	-0.0969445
0.105294	-0.127421
0.0979351	-0.125493
0.0795018	-0.134467
0.0745257	-0.137448
0.0832941	-0.128864
0.0848761	-0.138039
0.0724463	-0.16698
0.0665051	-0.167237
0.0748614	-0.187198
0.0657711	-0.185283
0.0643105	-0.186967
0.0702618	-0.206992
0.0752981	-0.207777
0.0322881	-0.204665
0.0311164	-0.195088
0.062407	-0.183347
0.0821058	-0.203378
0.0780173	-0.210982
0.0678255	-0.208245
0.0642796	-0.205714
0.0679326	-0.186256
0.0837909	-0.185254
0.0812265	-0.18501
0.0934143	-0.18961
0.0799579	-0.219516
0.0878734	-0.204217
0.0824543	-0.193549
0.0773031	-0.185306
0.0666504	-0.204742
0.0659908	-0.197616
0.0560887	-0.183316
0.0590129	-0.178145
0.0560067	-0.195427
0.0668721	-0.183784
0.0641099	-0.18564
0.0585275	-0.160366
0.0522729	-0.158718
0.0600657	-0.159018
0.0644216	-0.160697
0.0571725	-0.141204
0.0431786	-0.115408
0.047045	-0.125906
0.0677976	-0.137462
0.0656287	-0.135014
0.0691864	-0.14594
0.0772493	-0.155522
0.102777	-0.17821
0.0927146	-0.18128
0.0957363	-0.164225
0.105959	-0.162091
0.101849	-0.15196
0.102334	-0.152819
0.0899555	-0.157365
0.0899336	-0.154832
0.090208	-0.147402
0.0979198	-0.178202
0.0938438	-0.178836
0.0989351	-0.161357
0.0988047	-0.1616
0.102864	-0.159169
0.107057	-0.172252
0.094854	-0.144649
0.0844012	-0.141425
0.0841818	-0.163251
0.0589366	-0.152855
0.0425247	-0.14597
0.0435035	-0.155328
0.0427587	-0.159678
0.0476187	-0.16749
0.0533437	-0.177181
0.0621666	-0.185343
0.0616601	-0.184502
0.0384648	-0.160683
0.0393085	-0.164735
0.0305038	-0.163993
0.0237298	-0.157416
0.035423	-0.16949
0.0213206	-0.168554
0.0213551	-0.174118
-0.0116328	-0.164997
-0.0112301	-0.169353
-0.0173836	-0.184562
-0.00408268	-0.183993
-0.0151237	-0.192412
-0.0102533	-0.189919
-0.0253134	-0.187463
-0.0571384	-0.204594
-0.0585574	-0.210274
-0.0611699	-0.214113
-0.0628305	-0.200166
-0.0628366	-0.201348
-0.0389994	-0.214973
-0.0328974	-0.212751
-0.0315283	-0.208059
-0.00532896	-0.212187
0.0230885	-0.218949
0.0210975	-0.215683
0.0228728	-0.219105
0.0177747	-0.218875
0.0212145	-0.222007
0.0129085	-0.205754
0.00406481	-0.21184
0.00976853	-0.21019
0.00406057	-0.21595
0.00203692	-0.211246
-0.0194814	-0.211642
-0.0268138	-0.208751
-0.0287858	-0.211121
-0.0269726	-0.208524
-0.033598	-0.223044
-0.0262379	-0.21889
-0.0235234	-0.214589
-0.0321245	-0.196111
-0.0342226	-0.194061
-0.0159991	-0.220133
-0.00967415	-0.204561
-0.00688787	-0.207055
-0.00676051	-0.204388
-0.00107426	-0.20428
-0.00250848	-0.204815
-0.0118677	-0.216071
-0.0117376	-0.211822
-0.0133011	-0.203997
-0.021954	-0.189681
-0.0204715	-0.1909
-0.0462645	-0.190937
-0.0279757	-0.18154
-0.0489274	-0.164342
-0.0701021	-0.163709
-0.0317397	-0.197705
-0.020338	-0.194188
-0.0132996	-0.18909
-0.022804	-0.19854
-0.0282385	-0.220099
-0.0349973	-0.216651
-0.0244223	-0.184059
-0.00330412	-0.158841
-0.00721947	-0.160015
-0.0234265	-0.158371
-0.0335795	-0.167599
-0.0318241	-0.171253
-0.0338225	-0.173515
-0.0529819	-0.17746
-0.0535318	-0.179764
-0.0608181	-0.179238
-0.0652791	-0.180989
-0.0794811	-0.172026
-0.0813662	-0.17274
-0.0660294	-0.17354
-0.0597888	-0.175704
-0.0684214	-0.175445
-0.0942241	-0.155553
-0.0928765	-0.139295
-0.0952937	-0.143508
-0.0871797	-0.145563
-0.0834091	-0.137335
-0.0834142	-0.140168
-0.0897054	-0.142179
-0.0734338	-0.135995
-0.0869363	-0.154007
-0.0953164	-0.163471
-0.0942039	-0.164288
-0.0550558	-0.14606
-0.0511739	-0.15258
-0.0690634	-0.171127
-0.0771042	-0.188012
-0.077508	-0.181916
-0.0741827	-0.200372
-0.0819684	-0.193868
-0.106276	-0.206044
-0.0994944	-0.182412
-0.0977496	-0.175506
-0.0958509	-0.173514
-0.0777503	-0.181961
-0.0775055	-0.180194
-0.0765081	-0.177869
-0.0759369	-0.177667
-0.076181	-0.162481
-0.0839218	-0.169685
-0.102392	-0.174305
-0.100514	-0.18371
-0.114022	-0.201603
-0.106357	-0.166154
-0.100644	-0.165789
-0.111079	-0.182952
-0.08534	-0.19898
-0.103019	-0.216212
-0.0913003	-0.190174
-0.0908555	-0.186834
-0.0923481	-0.180155
-0.0767127	-0.194031
-0.0982677	-0.191829
-0.0939279	-0.189891
-0.0880223	-0.194225
-0.0836382	-0.220428
-0.0767053	-0.212461
-0.0761652	-0.221145
-0.0634935	-0.221506
-0.073514	-0.215311
-0.0676743	-0.210653
-0.0476683	-0.198745
-0.0441915	-0.206649
-0.0409507	-0.211128
-0.0249439	-0.212326
-0.0172834	-0.229049
-0.0149813	-0.223003
-0.0256178	-0.211755
-0.00770817	-0.218465
-0.00330774	-0.22251
0.00491002	-0.232241
-0.0053481	-0.207496
-0.0296009	-0.22797
-0.0298225	-0.221608
-0.0397207	-0.228068
-0.0181755	-0.205824
-0.019652	-0.218133
-0.0199079	-0.214447
-0.0348078	-0.199208
-0.0432899	-0.19848
-0.0462556	-0.197684
-0.0404562	-0.192477
-0.0293076	-0.215092
-0.0212462	-0.215599
0.0145844	-0.211973
0.00528629	-0.205141
0.00218103	-0.204891
0.00512847	-0.186791
0.00417699	-0.199956
-0.010606	-0.197007
0.0012278	-0.203279
-0.00101818	-0.184938
0.0109327	-0.200077
-0.000288493	-0.202594
-0.0273229	-0.19859
-0.0260708	-0.202845
-0.0447518	-0.187438
-0.0499901	-0.184452
-0.0356751	-0.178322
-0.0344627	-0.18266
-0.0323948	-0.148802
-0.0338307	-0.171312
-0.0255867	-0.163263
-0.023518	-0.167267
0.00153074	-0.173446
-0.000388614	-0.198105
-0.00304795	-0.192735
-0.0131172	-0.213863
-0.0131654	-0.209845
-0.020252	-0.216185
-0.0274884	-0.215832
-0.0520849	-0.205498
-0.0483394	-0.216833
-0.052325	-0.187195
-0.0601136	-0.199277
-0.0634926	-0.194483
-0.0888578	-0.175184
-0.0805954	-0.158735
-0.0426034	-0.147925
-0.0494408	-0.125265
-0.0553273	-0.135438
-0.0676679	-0.111198
-0.0813547	-0.129034
-0.0792261	-0.130241
-0.0822413	-0.133846
-0.0972654	-0.124245
-0.102624	-0.126243
-0.0966409	-0.1488
-0.102013	-0.155562
-0.101165	-0.165631
-0.102555	-0.176021
-0.094714	-0.171162
-0.132049	-0.154743
-0.128851	-0.163298
-0.131708	-0.138757
-0.134329	-0.146707
-0.133326	-0.142234
-0.122142	-0.136112
-0.137397	-0.168713
-0.144805	-0.16184
-0.138296	-0.160044
-0.138605	-0.153615
-0.134013	-0.154814
-0.130448	-0.150428
-0.124386	-0.143497
-0.129975	-0.143823
-0.111075	-0.145411
-0.118866	-0.140985
-0.132947	-0.130036
-0.13831	-0.115573
-0.134077	-0.127547
-0.134132	-0.127753
-0.165187	-0.126997
-0.163588	-0.128733
-0.173631	-0.142111
-0.169317	-0.143349
-0.158384	-0.136896
-0.138802	-0.134858
-0.139626	-0.131189
-0.132554	-0.123113
-0.147161	-0.140083
-0.145749	-0.139255
-0.143846	-0.124327
-0.147349	-0.125163
-0.146461	-0.124869
-0.147856	-0.129173
-0.153898	-0.132046
-0.152972	-0.131647
-0.124336	-0.13433
-0.114814	-0.142672
-0.137455	-0.147359
-0.115217	-0.153394
-0.0881121	-0.164647
-0.0985694	-0.159376
-0.098905	-0.159925
-0.0980558	-0.162397
-0.10497	-0.128549
-0.0829763	-0.128396
-0.076194	-0.12682
-0.0813304	-0.132516
-0.098289	-0.139527
-0.111312	-0.144893
-0.120527	-0.143119
-0.122514	-0.154757
-0.124822	-0.154516
-0.134112	-0.134084
-0.134326	-0.134204
-0.141413	-0.143276
-0.127121	-0.146167
-0.160508	-0.143511
-0.142484	-0.159719
-0.153127	-0.157071
-0.15738	-0.120236
-0.143297	-0.119541
-0.129216	-0.120774
-0.124135	-0.106894
-0.154962	-0.105654
-0.153384	-0.109487
-0.162684	-0.109205
-0.189145	-0.0912902
-0.192862	-0.0738942
-0.183452	-0.0488144
-0.175111	-0.0487994
-0.161633	-0.0496426
-0.160159	-0.0483018
-0.171746	-0.0497334
-0.172823	-0.0495402
-0.175625	-0.0500866
-0.188871	-0.0445908
-0.197445	-0.0453172
-0.196717	-0.045848
-0.190217	-0.0349388
-0.188264	-0.0310406
-0.192219	-0.0359976
-0.19921	-0.0288737
-0.220915	-0.0300061
-0.213156	-0.0304551
-0.194905	-0.0355714
-0.197737	-0.060572
-0.217929	-0.0616503
-0.218184	-0.0713228
-0.20063	-0.0545795
-0.202467	-0.0369244
-0.195767	-0.0455051
-0.198446	-0.0571792
-0.193631	-0.0487055
-0.194709	-0.0467904
-0.221405	-0.0276288
-0.226667	-0.0253988
-0.233462	0.00756135
-0.229105	-0.00594166
-0.224647	0.000394583
-0.221646	0.001446
-0.200683	-0.0111802
-0.198378	-0.0113766
-0.226658	-0.0207894
-0.229764	-0.0250801
-0.252053	-0.0323945
-0.226651	-0.0369979
-0.215746	-0.0358998
-0.207307	-0.0236591
-0.201303	-0.0211338
-0.195199	-0.0139862
-0.176345	-0.0182767
-0.183942	-0.0124254
-0.177609	-0.00528838
-0.15944	-0.0228122
-0.162875	-0.0359707
-0.167207	-0.0133101
-0.179782	-0.0273356
-0.176544	-0.022029
-0.175467	-0.00778287
-0.187598	-0.0122122
-0.195324	-0.0115241
-0.190031	-0.0035465
-0.145852	-0.007052
-0.161103	-0.00388592
-0.171237	-0.0249889
-0.199688	0.00865927
-0.192657	-0.00367127
-0.195257	0.00684699
-0.190026	0.0113349
-0.185249	-0.000751969
-0.174979	-0.0240288
-0.174381	-0.0288219
-0.17649	-0.0322165
-0.146643	-0.0250244
-0.168247	-0.029912
-0.179855	-0.0375021
-0.185326	-0.0350062
-0.218631	-0.0366553
-0.212247	-0.0327917
-0.226052	-0.0237626
-0.210531	-0.0239671
-0.205843	-0.0259377
-0.188152	-0.0118635
-0.185339	-0.00952932
-0.195149	-0.0167039
-0.189476	-0.0166812
-0.193846	-0.0301898
-0.197786	-0.0422877
-0.191356	-0.0438531
-0.204942	-0.0481046
-0.214777	-0.0538659
-0.193273	-0.0400851
-0.187523	-0.0336085
-0.171645	-0.0281759
-0.179295	-0.0225802
-0.198831	-0.0329296
-0.164617	0.000583253
-0.182559	0.00217669
-0.185937	0.0108012
-0.176819	0.0233381
-0.180267	0.0257021
-0.183893	0.0278628
-0.185168	0.0326891
-0.185998	0.0374341
-0.180243	0.0212997
-0.17176	0.0110601
-0.176939	0.011073
-0.188735	0.0354395
-0.208911	0.050816
-0.208489	0.0479819
-0.187591	0.043453
-0.18134	0.025782
-0.180843	0.0163374
-0.211582	-0.00338816
-0.225955	0.00820117
-0.208327	0.0122765
-0.196503	0.0239818
-0.186107	-0.00987716
-0.180228	-0.0299782
-0.182989	-0.0300548
-0.188948	-0.0313647
-0.18176	-0.0160207
-0.191508	-0.0113354
-0.185489	-0.0114724
-0.17346	0.00347241
-0.182539	-0.0117661
-0.195189	-0.00240558
-0.214114	-0.000904865
-0.199874	0.00136745
-0.208892	0.00806018
-0.207395	0.0198166
-0.192794	0.0369569
-0.190709	0.0178284
-0.183582	0.0121364
-0.196603	0.0139239
-0.191999	0.0285155
-0.216234	0.0294001
-0.220798	0.0205162
-0.237768	0.00428274
-0.227031	0.0048855
-0.221218	0.00402635
-0.230731	0.00937954
-0.224947	0.00370821
-0.228315	0.00828756
-0.218503	0.000697809
-0.213443	0.00239538
-0.216279	-0.013292
-0.206378	-0.00297559
-0.202162	-0.0037386
-0.200424	0.0215766
-0.171692	0.0230906
-0.172637	0.0263858
-0.184208	0.014155
-0.187835	-0.0122151
-0.183968	-0.0148381
-0.192011	-0.0338055
-0.167578	-0.0140293
-0.185296	-0.0237468
-0.188889	-0.0396399
-0.177918	-0.0387272
-0.192729	-0.0297866
-0.199406	-0.0439922
-0.200243	-0.0558002
-0.215291	-0.0483416
-0.198271	-0.0400104
-0.206811	-0.025149
-0.203761	-0.0284269
-0.199157	-0.0312818
-0.213626	-0.0442504
-0.19442	-0.05442
-0.196986	-0.0555019
-0.172776	-0.0487791
-0.190371	-0.0451808
-0.212089	-0.0442384
-0.213237	-0.0477202
-0.199364	-0.0524892
-0.178309	-0.0375834
-0.18211	-0.0420118
-0.173406	-0.0451587
-0.163278	-0.058609
-0.182147	-0.0572421
-0.177722	-0.0651667
-0.174149	-0.0514097
-0.175647	-0.0515456
-0.173057	-0.0380019
-0.161822	-0.0614732
-0.177508	-0.0735007
-0.175638	-0.0713605
-0.171315	-0.0732664
-0.171086	-0.0661817
-0.153745	-0.0684105
-0.15182	-0.0624398
-0.1543	-0.0646962
-0.160846	-0.0617949
-0.164658	-0.04501
-0.182118	-0.0674178
-0.178678	-0.0690409
-0.178727	-0.0688511
-0.181058	-0.0667347
-0.16978	-0.0684724
-0.174399	-0.0646485
-0.15236	-0.0551803
-0.137914	-0.0605537
-0.14405	-0.0635911
-0.146138	-0.0669015
-0.151652	-0.0747486
-0.153068	-0.0629716
-0.153764	-0.0726315
-0.150652	-0.0831493
-0.178677	-0.0537579
-0.151124	-0.042765
-0.126807	-0.0510846
-0.142781	-0.044904
-0.145472	-0.0472697
-0.166416	-0.0440523
-0.169103	-0.0456794
-0.179719	-0.0490207
-0.165898	-0.0216758
-0.178261	-0.0340851
-0.183539	-0.0342321
-0.185298	-0.0320989
-0.189713	-0.0414033
-0.189427	-0.0414077
-0.137906	-0.049604
-0.147318	-0.0568091
-0.155207	-0.06813
-0.149711	-0.0862417
-0.155337	-0.107101
-0.151899	-0.114053
-0.147957	-0.113389
-0.150702	-0.123647
-0.148108	-0.116196
-0.131064	-0.115909
-0.148023	-0.120843
-0.14978	-0.123288
-0.147698	-0.132432
-0.147368	-0.13129
-0.14427	-0.135356
-0.160896	-0.134491
-0.180041	-0.131072
-0.170847	-0.117596
-0.170789	-0.118698
-0.169526	-0.1286
-0.162637	-0.126032
-0.154699	-0.126478
-0.136176	-0.120965
-0.138658	-0.133379
-0.141521	-0.130796
-0.137737	-0.15606
-0.135323	-0.163478
-0.11256	-0.209892
-0.109098	-0.20311
-0.0869503	-0.190447
-0.0835771	-0.190929
-0.0973031	-0.188422
-0.100479	-0.190656
-0.0994132	-0.187513
-0.0972532	-0.185003
-0.0969247	-0.183216
-0.108862	-0.180652
-0.112071	-0.191468
-0.107343	-0.186355
-0.107796	-0.182362
-0.115646	-0.157687
-0.129534	-0.155635
-0.11728	-0.154537
-0.119342	-0.155782
-0.0996688	-0.143809
-0.111863	-0.143792
-0.121487	-0.120848
-0.135677	-0.119266
-0.111466	-0.151953
-0.110043	-0.135868
-0.130011	-0.135507
-0.114419	-0.147678
-0.121389	-0.157734
-0.115405	-0.128735
-0.12099	-0.130862
-0.124591	-0.16329
-0.123255	-0.194112
-0.119746	-0.188688
-0.13406	-0.20351
-0.132238	-0.210009
-0.129428	-0.208314
-0.109148	-0.211006
-0.127529	-0.191022
-0.131747	-0.177505
-0.117011	-0.151158
-0.117435	-0.152501
-0.107352	-0.154627
-0.125797	-0.150959
-0.0913067	-0.142312
-0.0980303	-0.149968
-0.101143	-0.146448
-0.106196	-0.138753
-0.117199	-0.143021
-0.114906	-0.144421
-0.100962	-0.147065
-0.0945837	-0.154717
-0.0862603	-0.164124
-0.104735	-0.149417
-0.106698	-0.146867
-0.102846	-0.157492
-0.0963143	-0.145084
-0.0982908	-0.144062
-0.0991061	-0.145096
-0.0872971	-0.112965
-0.0946173	-0.117758
-0.0986926	-0.125731
-0.0830564	-0.138783
-0.069901	-0.153052
-0.079463	-0.164683
-0.0974512	-0.155037
-0.0965736	-0.161213
-0.0672958	-0.158288
-0.0596121	-0.158056
-0.0839894	-0.177417
-0.0853597	-0.179056
-0.0992049	-0.168284
-0.0981175	-0.17504
-0.0927066	-0.175292
-0.0923985	-0.174614
-0.0895597	-0.172337
-0.0957113	-0.183553
-0.0954685	-0.173946
-0.0729939	-0.190844
-0.079696	-0.195308
-0.0680582	-0.200689
-0.069731	-0.185976
-0.0769961	-0.219566
-0.0858579	-0.210845
-0.0833684	-0.20539
-0.105185	-0.195109
-0.110837	-0.186313
-0.098405	-0.166195
-0.0979877	-0.170579
-0.0889901	-0.179364
-0.0863692	-0.165238
-0.0942814	-0.153127
-0.0913256	-0.163388
-0.0929575	-0.166933
-0.0937906	-0.183273
-0.114778	-0.183345
-0.121619	-0.174052
-0.122124	-0.144952
-0.0946239	-0.114124
-0.108698	-0.120538
-0.118258	-0.120831
-0.105045	-0.134876
-0.108107	-0.137181
-0.119805	-0.160131
-0.128056	-0.150042
-0.140722	-0.156603
-0.128661	-0.154324
-0.118453	-0.167417
-0.136194	-0.165176
-0.143984	-0.181036
-0.132976	-0.167791
-0.125853	-0.158272
-0.121165	-0.142214
-0.121932	-0.142078
-0.121636	-0.146848
-0.102123	-0.166113
-0.114572	-0.180303
-0.106954	-0.174083
-0.111627	-0.176824
-0.115696	-0.150774
-0.109744	-0.164129
-0.100164	-0.162755
-0.104703	-0.167361
-0.103049	-0.180075
-0.0769096	-0.167751
-0.0778474	-0.178313
-0.054851	-0.166844
-0.0556971	-0.169461
-0.0778589	-0.173179
-0.0482019	-0.165148
-0.0539981	-0.165351
-0.0461377	-0.166597
-0.046947	-0.169681
-0.0455608	-0.171023
-0.059232	-0.198968
-0.0595071	-0.197538
-0.0611287	-0.202703
-0.0531066	-0.197289
-0.0553045	-0.194321
-0.0509399	-0.180421
-0.0255233	-0.191861
-0.0227131	-0.193282
-0.0236873	-0.177301
-0.0159479	-0.181543
-0.0122414	-0.205326
-0.0493598	-0.199432
-0.0608478	-0.201195
-0.061286	-0.198133
-0.0592186	-0.193236
-0.0537553	-0.187277
-0.0354059	-0.193982
-0.0259138	-0.216541
-0.0359622	-0.220623
-0.0220433	-0.205351
-0.031028	-0.19438
-0.0299119	-0.171722
-0.0417744	-0.153564
-0.0327018	-0.167693
-0.0311796	-0.161456
-0.0534091	-0.190859
-0.0309166	-0.208632
-0.0301594	-0.212511
-0.0313966	-0.208113
-0.0302635	-0.20488
-0.0240293	-0.188749
-0.0141321	-0.198578
-0.0161785	-0.197738
-0.015768	-0.180175
0.00319619	-0.176944
0.00133154	-0.185136
-0.0324803	-0.172808
-0.0674739	-0.162867
-0.0583927	-0.162627
-0.094995	-0.185931
-0.115915	-0.161388
-0.110145	-0.16599
-0.103867	-0.138184
-0.107531	-0.161875
-0.117314	-0.132745
-0.14287	-0.123243
-0.160355	-0.122629
-0.187964	-0.110357
-0.183779	-0.108061
-0.175013	-0.101594
-0.178298	-0.0824361
-0.183107	-0.0829776
-0.180059	-0.076218
-0.183484	-0.0766629
-0.179268	-0.0600644
-0.178927	-0.0553029
-0.187105	-0.0488816
-0.176566	-0.0702107
-0.188431	-0.0618436
-0.178807	-0.0621033
-0.158358	-0.0539296
-0.200578	-0.0562924
-0.197377	-0.054658
-0.194533	-0.0523042
-0.209267	-0.038861
-0.200592	-0.0306308
-0.222818	-0.0225359
-0.224567	-0.0225584
-0.227052	-0.0164871
-0.233635	-0.0335111
-0.226316	-0.0287855
-0.212718	-0.0282577
-0.214959	-0.0343143
-0.225915	-0.0466177
-0.222651	-0.0450019
-0.203626	-0.028457
-0.175229	-0.0384205
-0.185201	-0.0145909
-0.170302	-0.00746584
-0.166904	-0.030222
-0.190481	-0.0252943
-0.204233	-0.0171784
-0.201868	-0.0124522
-0.201578	-0.010696
-0.194693	-0.0395251
-0.211186	-0.0482065
-0.197466	-0.0567401
-0.217911	-0.0449275
-0.208124	-0.0332077
-0.215521	-0.0275217
-0.217409	-0.0292934
-0.192192	-0.03162
-0.197127	-0.0323761
-0.191443	-0.00519656
-0.200316	-0.0191995
-0.205941	-0.0203881
-0.195365	-0.0329826
-0.188409	-0.0404418
-0.187463	-0.0443088
-0.162113	-0.038589
-0.174569	-0.0394881
-0.18155	-0.0428845
-0.183557	-0.0241573
-0.175997	-0.0155187
-0.164925	-0.02808
-0.171903	-0.0104853
-0.183437	0.015336
-0.195103	0.00320116
-0.206531	0.0148943
-0.202941	0.01747
-0.219043	0.0253389
-0.204744	0.00934384
-0.188484	-0.00261476
-0.189342	-0.00658176
-0.171734	-0.00170122
-0.172603	-0.0100942
-0.174945	-0.0118022
-0.174436	-0.013745
-0.178707	-0.0146107
-0.150441	-0.0211013
-0.154918	-0.0416821
-0.150243	-0.055661
-0.151832	-0.0636048
-0.156222	-0.0654452
-0.159563	-0.0668325
-0.158472	-0.0620022
-0.13674	-0.0718575
-0.14061	-0.0786701
-0.1452	-0.0780673
-0.134943	-0.0584132
-0.146533	-0.0601056
-0.143576	-0.0728796
-0.14857	-0.0734209
-0.148589	-0.0721819
-0.132734	-0.04818
-0.13596	-0.0482095
-0.117943	-0.0492053
-0.127784	-0.0561194
-0.154804	-0.07331
-0.157082	-0.0626175
-0.160388	-0.0640051
-0.14821	-0.0523984
-0.154482	-0.0543253
-0.15652	-0.0556481
-0.14842	-0.0897589
-0.152041	-0.0927058
-0.155665	-0.0928232
-0.15067	-0.0904941
-0.15509	-0.0889355
-0.158535	-0.0902576
-0.159846	-0.0958413
-0.152773	-0.0804741
-0.149406	-0.0858999
-0.151457	-0.1039
-0.181379	-0.103173
-0.181374	-0.0940787
-0.17197	-0.0827379
-0.173387	-0.088975
-0.194983	-0.0947389
-0.201465	-0.0978843
-0.208435	-0.104733
-0.184638	-0.0983039
-0.182973	-0.0882588
-0.170871	-0.0860965
-0.16145	-0.0796926
-0.160972	-0.0916002
-0.137371	-0.0959717
-0.133892	-0.0841806
-0.139625	-0.0899151
-0.164215	-0.0899102
-0.170115	-0.107925
-0.182036	-0.115135
-0.175062	-0.110527
-0.1733	-0.112546
-0.170156	-0.112555
-0.170048	-0.1263
-0.164286	-0.116252
-0.162377	-0.129649
-0.18627	-0.140737
-0.186044	-0.131293
-0.174422	-0.122872
-0.174072	-0.122942
-0.15582	-0.123257
-0.158303	-0.0974628
-0.158661	-0.0974612
-0.14333	-0.0753575
-0.129734	-0.0821956
-0.131835	-0.0662974
-0.131408	-0.0632254
-0.150954	-0.0441282
-0.143386	-0.0425014
-0.140382	-0.0337611
-0.170036	-0.0363046
-0.172458	-0.0371177
-0.187454	-0.0203845
-0.194895	-0.0191796
-0.194028	-0.0179157
-0.190214	-0.0274589
-0.201538	-0.0549182
-0.198055	-0.0713355
-0.195231	-0.0703308
-0.176814	-0.0839979
-0.176157	-0.0834711
-0.167936	-0.103228
-0.169839	-0.111276
-0.16725	-0.109368
-0.172487	-0.0902534
-0.161605	-0.101499
-0.152173	-0.0954651
-0.148475	-0.0999034
-0.150846	-0.0820394
-0.153799	-0.0836079
-0.158595	-0.0952048
-0.160517	-0.0936869
-0.165246	-0.104152
-0.161759	-0.0946398
-0.169362	-0.0988119
-0.15924	-0.0990379
-0.152858	-0.11297
-0.148296	-0.109823
-0.150649	-0.116413
-0.150053	-0.115889
-0.164927	-0.119709
-0.151724	-0.0935566
-0.150096	-0.0947085
-0.144775	-0.0704449
-0.154833	-0.0638446
-0.158066	-0.0671557
-0.164628	-0.0658449
-0.163599	-0.0607269
-0.159283	-0.0653544
-0.160579	-0.0641468
-0.16713	-0.0584105
-0.184667	-0.0621577
-0.20066	-0.0423755
-0.195361	-0.0238907
-0.188961	-0.0254951
-0.192564	-0.0213022
-0.175792	-0.0311268
-0.171149	-0.0332486
-0.155626	-0.0438716
-0.165012	-0.0458082
-0.173556	-0.0715689
-0.163104	-0.0553015
-0.165294	-0.0698557
-0.156467	-0.0816805
-0.174266	-0.0731959
-0.178982	-0.0851612
-0.177058	-0.0842178
-0.176154	-0.0980561
-0.167823	-0.106998
-0.167963	-0.094841
-0.167733	-0.0932632
-0.171427	-0.0895687
-0.17708	-0.0826164
-0.165217	-0.0906687
-0.166558	-0.0976136
-0.173427	-0.103229
-0.168798	-0.101366
-0.165433	-0.106195
-0.156427	-0.110652
-0.155691	-0.113643
-0.166808	-0.122279
-0.153702	-0.116051
-0.143806	-0.101188
-0.15571	-0.100713
-0.151491	-0.104918
-0.145225	-0.0986807
-0.14246	-0.09107
-0.157849	-0.0901236
-0.14984	-0.077951
-0.155962	-0.0718138
-0.157552	-0.0717478
-0.164297	-0.0426092
-0.161144	-0.0485316
-0.139829	-0.0582369
-0.146732	-0.0593648
-0.154271	-0.0600934
-0.152974	-0.0611468
-0.157829	-0.0631569
-0.151501	-0.0637101
-0.155592	-0.0653793
-0.169012	-0.0676936
-0.172836	-0.0746865
-0.183802	-0.0447481
-0.162757	-0.0446102
-0.173083	-0.0341805
-0.174838	-0.0319557
-0.158865	-0.0326742
-0.168557	-0.0389122
-0.172956	-0.0456165
-0.173725	-0.0481952
-0.168728	-0.0441793
-0.175495	-0.0342241
-0.176173	-0.0359842
-0.159307	-0.0570057
-0.182235	-0.0685217
-0.171926	-0.0839115
-0.16539	-0.0821695
-0.160935	-0.0789199
-0.163432	-0.0914894
-0.170866	-0.0819624
-0.160426	-0.0883957
-0.155867	-0.0878594
-0.142985	-0.112691
-0.173124	-0.107887
-0.156409	-0.102643
-0.15605	-0.105149
-0.161942	-0.124757
-0.165123	-0.114761
-0.172517	-0.108774
-0.15552	-0.102656
-0.139113	-0.107637
-0.138882	-0.0982982
-0.154029	-0.0957548
-0.1778	-0.104721
-0.176871	-0.0735406
-0.175369	-0.0578514
-0.174918	-0.056551
-0.168066	-0.0550654
-0.169417	-0.0394343
-0.181183	-0.0278403
-0.169199	-0.0328672
-0.160685	-0.0371
-0.164626	-0.0310883
-0.150975	-0.0289115
-0.183771	-0.0300764
-0.176831	-0.0284077
-0.18592	-0.0292308
-0.192017	-0.0142045
-0.197506	-0.0210428
-0.179563	-0.0221485
-0.161215	-0.0229683
-0.172713	-0.016349
-0.17693	-0.0514193
-0.162838	-0.0530008
-0.158812	-0.0586721
-0.167805	-0.053392
-0.151639	-0.0185062
-0.147314	-0.0227339
-0.192995	-0.0296147
-0.203098	-0.0229033
-0.201742	-0.0539831
-0.195764	-0.0486375
-0.190763	-0.0408521
-0.196344	-0.0487586
-0.193637	-0.0495135
-0.186901	-0.0496782
-0.185795	-0.0405256
-0.182777	-0.0434428
-0.192684	-0.0487042
-0.189767	-0.0493809
-0.197923	-0.0544474
-0.208249	-0.0581805
-0.197546	-0.0470723
-0.196123	-0.0912238
-0.200568	-0.0926869
-0.196519	-0.0906735
-0.178223	-0.0837651
-0.173851	-0.0943688
-0.184023	-0.0782217
-0.167299	-0.0610943
-0.138847	-0.0495179
-0.145556	-0.0511842
-0.166509	-0.0372839
-0.178676	-0.0372951
-0.172222	-0.0356138
-0.171724	-0.0301126
-0.17539	-0.0380189
-0.174979	-0.0404675
-0.178513	-0.0489383
-0.189114	-0.0346109
-0.19814	-0.0170392
-0.196938	-0.0261979
-0.186084	-0.0233126
-0.195102	0.00166241
-0.189259	0.0221036
-0.198755	-0.00134224
-0.190647	0.00976835
-0.185649	-0.00150645
-0.200121	0.00406202
-0.208029	-0.00168707
-0.216235	0.0112323
-0.211519	0.00593107
-0.207898	0.00430906
-0.204619	0.00682128
-0.199538	0.00625451
-0.224979	-0.00907301
-0.217283	0.00294839
-0.203583	0.00350997
-0.156867	0.0120423
-0.161383	0.0180771
-0.165558	0.018676
-0.150489	0.00211283
-0.156981	0.013594
-0.171656	0.0131768
-0.167391	-0.00346221
-0.180743	-0.0102143
-0.179808	-0.013278
-0.184477	-0.0122737
-0.174005	0.0133127
-0.176251	-0.00146937
-0.175119	-0.00448485
-0.175576	0.000174283
-0.166829	0.00159656
-0.177124	-0.00776754
-0.183061	-0.0522056
-0.16883	-0.0556267
-0.188421	-0.061112
-0.18142	-0.0631888
-0.183867	-0.0659358
-0.19315	-0.0613272
-0.185568	-0.0529446
-0.18637	-0.0456686
-0.184081	-0.0341089
-0.187505	-0.0201679
-0.205385	0.00257887
-0.20137	-0.00655439
-0.193166	0.00507276
-0.19202	0.00852023
-0.201636	0.0128574
-0.193919	-0.0115277
-0.171322	-0.00933995
-0.180402	-0.0110102
-0.178813	-9.83723e-05
-0.180433	-0.00102735
-0.185823	-0.00394578
-0.183961	-0.00747508
-0.170422	-0.0046378
-0.172325	-0.00199692
-0.18012	-0.0290196
-0.172806	-0.0352337
-0.160332	-0.0406019
-0.172547	-0.0575944
-0.174892	-0.0580907
-0.176556	-0.0686148
-0.183949	-0.0665953
-0.192037	-0.0980686
-0.184698	-0.121548
-0.180358	-0.118811
-0.178442	-0.0862575
-0.183014	-0.0974944
-0.186899	-0.0967472
-0.170299	-0.0952621
-0.17527	-0.0993349
-0.174948	-0.0983882
-0.175073	-0.0926252
-0.176356	-0.0921985
-0.174327	-0.0912367
-0.159103	-0.0935359
-0.154807	-0.0945823
-0.151219	-0.0964758
-0.149489	-0.0807164
-0.139273	-0.0837614
-0.18441	-0.103398
-0.154014	-0.0998016
-0.162741	-0.0861731
-0.168931	-0.0790873
-0.15228	-0.0937461
-0.157379	-0.0914333
-0.154753	-0.100581
-0.165677	-0.0994475
-0.152463	-0.0998143
-0.158288	-0.108796
-0.151746	-0.121002
-0.147479	-0.121661
-0.149653	-0.122828
-0.154265	-0.130993
-0.156017	-0.132238
-0.151906	-0.13649
-0.161921	-0.127751
-0.186408	-0.107253
-0.155067	-0.110366
-0.15529	-0.110235
-0.157216	-0.1095
-0.0988187	-0.110815
-0.0985686	-0.120433
-0.116601	-0.128774
-0.132656	-0.139618
-0.11968	-0.148646
-0.112081	-0.157501
-0.108225	-0.165312
-0.113745	-0.177646
-0.110766	-0.17138
-0.103132	-0.177714
-0.0981428	-0.162031
-0.107813	-0.156083
-0.0975496	-0.156949
-0.107548	-0.128798
-0.105891	-0.121796
-0.122709	-0.14825
-0.113833	-0.149091
-0.108777	-0.155049
-0.111559	-0.152894
-0.102244	-0.190225
-0.0769843	-0.189492
-0.0743044	-0.183009
-0.0736346	-0.18393
-0.0839318	-0.186135
-0.079628	-0.191698
-0.0894987	-0.196143
-0.0823051	-0.195889
-0.0701523	-0.204313
-0.0690416	-0.203305
-0.0707863	-0.198156
-0.0655036	-0.192323
-0.0578301	-0.179439
-0.0567654	-0.181228
-0.0606418	-0.180608
-0.0746259	-0.179675
-0.0676281	-0.173537
-0.0622101	-0.148941
-0.0374348	-0.169809
-0.0546057	-0.167448
-0.05275	-0.187269
-0.0540689	-0.191259
-0.0653414	-0.145209
-0.0754717	-0.150006
-0.0776761	-0.152486
-0.0883355	-0.153279
-0.0846926	-0.160945
-0.0883469	-0.178513
-0.0971699	-0.15956
-0.0928879	-0.156798
-0.0768733	-0.133863
-0.082206	-0.130427
-0.0796775	-0.145036
-0.101272	-0.148918
-0.0994991	-0.150105
-0.0946133	-0.160761
-0.0910382	-0.161523
-0.0896307	-0.162371
-0.0758013	-0.160438
-0.0801023	-0.173063
-0.0624802	-0.181625
-0.0401462	-0.212523
-0.0671215	-0.188536
-0.0693202	-0.198965
-0.0633146	-0.194796
-0.0587977	-0.191948
-0.0566228	-0.18355
-0.038047	-0.18765
0.0152606	-0.187619
0.00514885	-0.198539
0.0105244	-0.208423
0.0191699	-0.210013
0.0536293	-0.226195
0.0673568	-0.223907
0.0635732	-0.232496
0.0869645	-0.205614
0.0849779	-0.200341
0.0763706	-0.179725
0.0772103	-0.176682
0.0762257	-0.167284
0.0504796	-0.14607
0.0637507	-0.165367
0.0692294	-0.18446
0.0663658	-0.173259
0.0658606	-0.173558
0.0637894	-0.151673
0.0539701	-0.161984
0.0563295	-0.166756
0.037788	-0.164799
0.0253821	-0.164957
0.0124513	-0.170651
0.0355692	-0.173959
0.0364923	-0.176395
0.042816	-0.189922
0.0765218	-0.191789
0.0724234	-0.185375
0.0661461	-0.186145
0.0708949	-0.180189
0.0536202	-0.170895
0.0510373	-0.155015
0.0672468	-0.14381
0.0806429	-0.142045
0.0821301	-0.147167
0.096933	-0.153975
0.0814067	-0.160803
0.0750728	-0.1683
0.0824415	-0.184727
0.0806244	-0.185569
0.0782465	-0.192122
0.0761531	-0.201413
0.0693743	-0.19724
0.0493487	-0.18745
0.0529745	-0.183931
0.0364042	-0.180856
0.0362958	-0.185505
0.0474917	-0.20714
0.0445926	-0.202797
0.0333445	-0.193874
0.0508448	-0.186759
0.0522045	-0.193439
0.0378	-0.193993
0.046259	-0.195722
0.0482743	-0.1869
0.0511673	-0.178331
0.04206	-0.162178
0.0291259	-0.167136
0.0195436	-0.169512
0.0187558	-0.164321
0.00106865	-0.181498
0.002338	-0.187176
0.00275141	-0.182715
-0.0113799	-0.186658
-0.00929037	-0.183049
-0.0113072	-0.184862
-0.00798452	-0.192875
0.0122356	-0.180096
0.0227757	-0.196545
0.0164743	-0.193357
0.013862	-0.196154
0.0216071	-0.202739
0.0230642	-0.216586
0.0205671	-0.201683
0.0208079	-0.200533
0.03126	-0.216105
0.0586643	-0.204336
0.0611964	-0.201543
0.0601357	-0.198472
0.0569377	-0.195346
0.0516771	-0.192934
0.0342256	-0.212267
0.0334784	-0.20535
0.0472748	-0.200385
0.051424	-0.213878
0.0223371	-0.19717
0.0278723	-0.202786
0.00341048	-0.191103
0.00312176	-0.188661
0.00182512	-0.217897
0.0110263	-0.217488
0.0123803	-0.215063
0.00337925	-0.191727
0.000487024	-0.192458
-0.00417279	-0.17742
0.00609824	-0.197575
0.00879362	-0.20822
0.00125355	-0.198623
0.0010597	-0.198192
0.027234	-0.216255
0.0326504	-0.231684
0.0373053	-0.226961
0.0425773	-0.209395
0.0698661	-0.215567
0.0800042	-0.202225
0.0773371	-0.202221
0.0571742	-0.227024
0.047368	-0.211006
0.0528728	-0.212205
0.0411149	-0.206225
0.0329028	-0.190536
0.0184564	-0.200083
0.0375633	-0.163341
0.0638701	-0.119454
0.0757281	-0.126774
0.0496285	-0.138449
0.0213175	-0.160711
0.0194339	-0.172991
0.0269672	-0.175508
0.0269351	-0.194006
0.0021938	-0.185852
-0.0119194	-0.216154
-0.0134879	-0.213657
0.00170767	-0.197509
-0.000685461	-0.188215
-0.00314292	-0.185484
0.00164323	-0.196151
-0.0136118	-0.183561
-0.0301478	-0.192578
-0.028898	-0.185958
-0.0411983	-0.180527
-0.040206	-0.187818
-0.0497124	-0.164484
-0.0440089	-0.188031
-0.0453539	-0.192745
-0.0298524	-0.182885
-0.0300822	-0.181175
-0.00502872	-0.174882
0.00244046	-0.164907
-0.00945228	-0.16991
-0.00943995	-0.174223
-0.00432327	-0.178164
0.00837491	-0.171203
-0.0137783	-0.180189
-0.0169223	-0.183571
-0.0137947	-0.186372
-0.0138086	-0.187269
-0.0144924	-0.190031
-0.0307286	-0.17898
-0.0640144	-0.155818
-0.0510878	-0.152928
-0.0957613	-0.157442
-0.0813918	-0.134637
-0.0846241	-0.138721
-0.0870549	-0.143304
-0.089234	-0.138111
-0.0865923	-0.161572
-0.087533	-0.163191
-0.0885842	-0.164418
-0.074563	-0.180118
-0.0752028	-0.179056
-0.0981635	-0.162115
-0.110341	-0.145651
-0.122298	-0.154633
-0.128196	-0.162538
-0.129287	-0.158403
-0.128683	-0.18031
-0.125816	-0.19358
-0.128862	-0.192088
-0.120165	-0.179658
-0.118825	-0.163785
-0.118339	-0.165374
-0.0814905	-0.151387
-0.0472722	-0.146319
-0.0373529	-0.163983
-0.0518402	-0.190037
-0.0510654	-0.188398
-0.0503709	-0.185015
-0.0412632	-0.194886
-0.0480282	-0.201856
-0.0484644	-0.207888
-0.0520532	-0.227686
-0.0499749	-0.21987
-0.0504343	-0.215588
-0.0694489	-0.221035
-0.0596149	-0.202032
-0.0575549	-0.201018
-0.0561364	-0.21771
-0.0598871	-0.203536
-0.0565999	-0.200952
-0.0686729	-0.2045
-0.0835374	-0.206147
-0.082775	-0.199561
-0.0457402	-0.179784
-0.0443261	-0.206583
-0.0485969	-0.204451
-0.0280763	-0.206303
-0.00806963	-0.23387
-0.0126254	-0.221964
-0.0244114	-0.216851
-0.0214668	-0.21034
-0.0147905	-0.198816
-0.0344007	-0.187052
-0.00442714	-0.194755
-0.0134544	-0.193131
-0.0169415	-0.194427
-0.00924721	-0.195694
-0.00668024	-0.205503
0.00541455	-0.191498
0.003219	-0.196773
0.00844248	-0.182079
-0.0155939	-0.179473
-0.0359814	-0.15261
-0.0418442	-0.185729
-0.043982	-0.186436
-0.0446846	-0.200675
-0.0717966	-0.204019
-0.0710964	-0.210911
-0.0507269	-0.2051
-0.0507537	-0.202529
-0.0224402	-0.243727
-0.00997879	-0.236277
-0.0101132	-0.228924
0.025654	-0.217154
0.0282853	-0.215122
0.0234942	-0.214736
0.0255816	-0.211049
0.0276863	-0.210282
0.0186759	-0.188114
0.00409094	-0.207477
0.00164474	-0.201057
-0.000777168	-0.196355
0.000241528	-0.201634
0.00306822	-0.19903
0.0090283	-0.181862
0.00740678	-0.185021
0.0202235	-0.193245
0.00300337	-0.207991
0.0325887	-0.214761
0.0225531	-0.223909
0.0276205	-0.214848
0.0190472	-0.225639
0.016721	-0.231186
0.000712648	-0.223374
-0.00509297	-0.203786
-0.0284434	-0.206097
-0.0164005	-0.203062
-0.00525728	-0.199558
-0.00519722	-0.197943
0.0008104	-0.180876
-0.00629701	-0.188344
-0.0061569	-0.188726
-0.00570463	-0.193319
-0.00623487	-0.19383
0.00294896	-0.214582
0.00153371	-0.211869
0.0209372	-0.220616
0.0267085	-0.226218
0.0275231	-0.23537
0.0419275	-0.239628
0.0600454	-0.23841
0.0589698	-0.227959
0.0592075	-0.246874
0.0573791	-0.228223
0.0731729	-0.227152
0.070481	-0.220259
0.0528087	-0.217525
0.0566931	-0.211532
0.051165	-0.203367
0.0452556	-0.199792
0.0683276	-0.201677
0.0541669	-0.212512
0.05309	-0.208138
0.0635652	-0.203348
0.0317295	-0.180219
0.0305714	-0.181957
0.0370324	-0.180931
0.0458689	-0.175989
0.0447308	-0.179119
0.013998	-0.17408
0.0153109	-0.179505
0.0186413	-0.180716
0.0134147	-0.184964
0.0131092	-0.186118
0.0299352	-0.208028
0.0422283	-0.209933
0.0427175	-0.205683
0.0249651	-0.21623
0.0300492	-0.224615
0.0292419	-0.217524
0.027104	-0.213392
0.0299444	-0.214231
0.0252872	-0.22039
0.0269292	-0.217767
0.0150367	-0.21932
0.0186317	-0.219524
0.019261	-0.214712
0.0257375	-0.200366
0.0438188	-0.205471
0.0479646	-0.196394
0.045635	-0.19263
0.0551634	-0.185658
0.0682831	-0.1948
0.0615859	-0.182572
0.07144	-0.179754
0.070406	-0.166799
0.0655925	-0.176125
0.0581458	-0.182704
0.0502313	-0.184975
0.0666175	-0.171881
0.0676508	-0.173883
0.0874588	-0.173189
0.0881735	-0.170764
0.0969706	-0.154767
0.104988	-0.155589
0.0900702	-0.151804
0.0901648	-0.151312
0.0857525	-0.14981
0.0875102	-0.152831
0.0868825	-0.155499
0.0847673	-0.153324
0.0863426	-0.155566
0.0810834	-0.164805
0.0891597	-0.149098
0.121259	-0.151259
0.127657	-0.167191
0.12522	-0.168022
0.125015	-0.171038
0.122491	-0.169798
0.129678	-0.156394
0.127625	-0.158914
0.113092	-0.177826
0.12988	-0.207195
0.11812	-0.212755
0.119836	-0.203719
0.11876	-0.190197
0.120956	-0.196863
0.121626	-0.180649
0.119951	-0.176192
0.11916	-0.12979
0.126871	-0.133038
0.122528	-0.117224
0.110479	-0.139065
0.103113	-0.109999
0.103906	-0.116978
0.0931207	-0.122882
0.0911886	-0.141305
0.0914123	-0.153937
0.130454	-0.151325
0.137862	-0.145298
0.127747	-0.137261
0.141468	-0.151165
0.138956	-0.149626
0.133066	-0.121599
0.156493	-0.124248
0.169365	-0.139604
0.167109	-0.130006
0.166089	-0.126951
0.154812	-0.1258
0.148126	-0.133491
0.152997	-0.127206
0.132916	-0.133783
0.133672	-0.127469
0.137532	-0.124367
0.134108	-0.123809
0.136495	-0.12482
0.139622	-0.123857
0.140385	-0.152522
0.159159	-0.16147
0.166751	-0.16873
0.153078	-0.175038
0.143297	-0.181191
0.113881	-0.169245
0.112904	-0.166333
0.140711	-0.119475
0.14145	-0.120478
0.14211	-0.105192
0.142335	-0.108613
0.165493	-0.139174
0.155818	-0.143535
0.157014	-0.154446
0.153472	-0.152815
0.146205	-0.160225
0.148353	-0.149863
0.141549	-0.144741
0.144147	-0.148265
0.130278	-0.174479
0.128523	-0.177811
0.136103	-0.164943
0.170245	-0.150089
0.165823	-0.145463
0.161963	-0.148533
0.157459	-0.143694
0.154868	-0.141604
0.156597	-0.13545
0.145176	-0.130268
0.153616	-0.137152
0.161227	-0.122497
0.163813	-0.120245
0.154307	-0.117459
0.157348	-0.121717
0.150181	-0.119264
0.160046	-0.138712
0.158668	-0.137037
0.164041	-0.153961
0.168148	-0.144242
0.168348	-0.13963
0.155858	-0.12333
0.162899	-0.123674
0.152459	-0.110971
0.145692	-0.108089
0.137015	-0.104912
0.133787	-0.108312
0.151494	-0.112334
0.159045	-0.0943677
0.166159	-0.0850433
0.174587	-0.0859958
0.182251	-0.0992825
0.173381	-0.0989031
0.173007	-0.0990318
0.171765	-0.0989214
0.180655	-0.12002
0.171252	-0.0926782
0.172863	-0.0872557
0.16852	-0.0903238
0.164223	-0.0954535
0.156851	-0.0870924
0.155868	-0.0780966
0.162171	-0.0681208
0.166126	-0.0552735
0.171839	-0.062471
0.185785	-0.0546869
0.19313	-0.04672
0.206933	-0.0487644
0.207488	-0.0429621
0.20467	-0.0409799
0.186412	-0.0471701
0.185075	-0.0447363
0.184322	-0.050218
0.18731	-0.0283974
0.190286	-0.0401767
0.19177	-0.0421935
0.181737	-0.0448274
0.191137	-0.0612423
0.18834	-0.0697808
0.195218	-0.0973481
0.181907	-0.096066
0.181796	-0.0963944
0.174323	-0.0902916
0.173868	-0.0897996
0.169781	-0.0896057
0.205585	-0.0812639
0.2024	-0.0932956
0.200241	-0.0907282
0.214567	-0.0715403
0.209027	-0.0695823
0.181938	-0.0927026
0.179734	-0.0911586
0.205591	-0.100234
0.186782	-0.089193
0.184256	-0.089887
0.182964	-0.0894813
0.179662	-0.0856209
0.177858	-0.0869159
0.174635	-0.0775712
0.173183	-0.0611305
0.15787	-0.0532249
0.168085	-0.0613881
0.16847	-0.057664
0.170442	-0.0602297
0.169063	-0.0673522
0.170438	-0.0793541
0.17102	-0.072275
0.172915	-0.083202
0.182471	-0.0680772
0.195278	-0.0663741
0.202533	-0.0458583
0.19693	-0.0448422
0.203312	-0.0492797
0.187094	-0.0477295
0.179146	-0.0340406
0.18714	-0.0359571
0.174207	-0.0336163
0.179407	-0.0386684
0.188996	-0.029602
0.191554	-0.0283122
0.204109	-0.0269978
0.186297	-0.0253522
0.195107	-0.0316787
0.193752	-0.0312838
0.186964	-0.0184714
0.18817	-0.0205787
0.169383	0.00558041
0.172469	0.0217441
0.195919	0.0171623
0.207217	0.0155666
0.202749	0.0130454
0.201969	0.0131511
0.197312	0.00879946
0.195986	0.00879837
0.200953	0.0224721
0.199611	0.0203071
0.202629	0.0134105
0.186584	0.0201656
0.177436	0.00768838
0.183514	-0.0239798
0.192566	-0.0342963
0.194648	-0.0410468
0.184765	-0.0507966
0.20251	-0.0396941
0.201106	-0.0411627
0.178052	-0.0429992
0.181425	-0.0434223
0.169834	-0.0382884
0.172919	-0.0393603
0.175927	-0.0509498
0.18205	-0.0207953
0.179803	-0.0305792
0.165597	-0.0301415
0.163184	-0.0355054
0.176988	-0.022618
0.177861	-0.0180059
0.193567	-0.0163953
0.177769	-0.00110218
0.180227	-0.00306711
0.175371	-0.0126607
0.180208	0.0156459
0.181539	0.0158643
0.17726	0.0226482
0.170011	0.0133801
0.178653	0.0199423
0.191137	0.0518631
0.172443	0.0416583
0.179496	0.0427123
0.182658	0.0393024
0.160641	0.0126549
0.167631	0.021107
0.15536	0.0226621
0.132911	0.0422671
0.143018	0.0393844
0.164571	0.0149541
0.19603	0.0190212
0.205284	0.0108127
0.212426	-0.00299337
0.208874	-0.00215297
0.205074	-0.000309183
0.210566	0.00633912
0.247314	0.016921
0.238756	0.0156719
0.230316	0.00945477
0.195449	0.028878
0.173425	0.0244006
0.183193	0.0260374
0.187136	0.0316514
0.18741	0.0297964
0.181965	0.0256006
0.182972	0.0263689
0.173134	0.0263013
0.167354	-0.000166763
0.178157	-0.00780479
0.181838	-0.0194539
0.182054	-0.0379898
0.167618	-0.0267927
0.193517	-0.0228478
0.193033	-0.0303554
0.18151	-0.0263652
0.187157	-0.0243962
0.184504	-0.0367663
0.199969	-0.0102741
0.179856	-0.0234424
0.166337	-0.0590903
0.150163	-0.0367938
0.172034	-0.0383339
0.174013	-0.038751
0.180347	-0.036275
0.161186	-0.0187303
0.174252	-0.0131003
0.174669	0.00210799
0.175431	0.00378419
0.157953	-0.00728886
0.165911	0.0009125
0.144707	-0.0273772
0.148645	-0.0313787
0.152605	-0.0410104
0.154337	-0.0599098
0.157583	-0.0642422
0.166542	-0.0629187
0.168542	-0.063742
0.144234	-0.0181118
0.151305	-0.019704
0.148203	-0.0166196
0.147366	-0.0160319
0.129562	-0.0213914
0.168383	-0.0354013
0.191093	0.0074175
0.191347	-0.000351789
0.228708	0.0226869
0.215055	0.029842
0.205593	0.0164041
0.200446	0.0226652
0.176805	0.0270906
0.178775	0.0327716
0.170429	0.0367308
0.173771	0.0429781
0.193225	0.0294494
0.196816	0.023647
0.193659	0.023532
0.174449	0.0163882
0.177038	0.028203
0.176694	0.0235031
0.166063	0.0247309
0.156243	0.0355073
0.159017	0.0389612
0.18144	0.0173736
0.186865	0.0124425
0.187549	0.0121586
0.18404	0.0122344
0.192515	0.00455364
0.231178	0.00644347
0.221782	-0.00113078
0.236198	0.00355306
0.232095	0.0114101
0.24339	0.0109945
0.236686	0.0204774
0.226051	0.0152087
0.221742	0.0104341
0.204538	0.0060263
0.201441	0.00684191
0.196807	0.00694487
0.217455	0.020733
0.207452	0.00298724
0.186097	-0.00587287
0.19523	-0.00702445
0.210879	-0.0196641
0.202931	-0.0248746
0.184443	-0.0166059
0.150042	-0.0178434
0.162972	-0.0170258
0.166843	-0.0237135
0.16844	-0.0230005
0.153927	-0.0183251
0.167853	-0.00235403
0.171252	0.00200158
0.181158	-0.00600226
0.202798	-0.0183565
0.197496	-0.0260231
0.197209	-0.0328421
0.199441	-0.0336464
0.192684	-0.0640075
0.191977	-0.0657161
0.176767	-0.0467922
0.178121	-0.0474056
0.182335	-0.0464863
0.182668	-0.0461775
0.170659	-0.0414997
0.189245	-0.0412942
0.190458	-0.0329243
0.190983	-0.0441445
0.188763	-0.0224504
0.188721	-0.021611
0.187576	-0.0207735
0.207649	-0.033918
0.198554	-0.0367005
0.189279	-0.0417808
0.184523	-0.0407387
0.17256	-0.04277
0.177894	-0.0322895
0.165146	-0.0500298
0.154282	-0.0645898
0.198741	-0.0367267
0.200241	-0.0385333
0.192873	-0.0407273
0.208951	-0.0493844
0.205524	-0.0494583
0.188637	-0.0659196
0.190331	-0.0620787
0.177859	-0.054034
0.169825	-0.0568487
0.173671	-0.0714122
0.181161	-0.0695084
0.200759	-0.0590226
0.187536	-0.0588872
0.21421	-0.0312994
0.210292	-0.0309614
0.204982	-0.034376
0.204762	-0.0466214
0.201909	-0.045717
0.207112	-0.0678301
0.199742	-0.0435995
0.193357	-0.0356034
0.195721	-0.0335334
0.203832	-0.0269398
0.201136	-0.0259294
0.20175	-0.0198658
0.199729	-0.0186918
0.199672	-0.0217704
0.195614	-0.0211352
0.188507	-0.0172703
0.183206	-0.0194461
0.170894	0.00561454
0.17527	0.0150011
0.171141	0.0064579
0.179622	0.0117659
0.170487	0.00753814
0.162844	0.015104
0.171293	0.0182084
0.168466	-0.00152547
0.17211	-0.0062376
0.172056	-0.00969192
0.180704	-0.0132391
0.159418	-0.019214
0.149727	-0.00952998
0.15803	-0.00969845
0.179889	-0.0134842
0.179671	-0.0203262
0.174339	-0.0285227
0.176113	-0.0417781
0.176092	-0.0405371
0.176489	-0.0422084
0.173071	-0.0337605
0.173956	-0.0210078
0.170709	-0.0292136
0.195463	-0.0224838
0.188372	-0.0214445
0.179479	-0.0204347
0.176696	-0.0165621
0.189865	-0.0609031
0.190282	-0.0625723
0.189838	-0.062204
0.188677	-0.0639223
0.192947	-0.0751962
0.18868	-0.0655355
0.158708	-0.0655938
0.161715	-0.0668265
0.177131	-0.0783309
0.186385	-0.0769454
0.218177	-0.0788026
0.212171	-0.0812594
0.23023	-0.105756
0.225266	-0.106923
0.230577	-0.132742
0.231121	-0.121107
0.2069	-0.141298
0.243939	-0.107575
0.23355	-0.10146
0.222026	-0.0976881
0.18623	-0.0694095
0.192818	-0.0586548
0.184139	-0.063377
0.182854	-0.0670096
0.17376	-0.0613924
0.18535	-0.0701231
0.18378	-0.0703806
0.175287	-0.0653241
0.164727	-0.0710849
0.167605	-0.0725432
0.173107	-0.0712357
0.157797	-0.0657977
0.158889	-0.0717897
0.16027	-0.0766534
0.188257	-0.0956079
0.187759	-0.0526309
0.199349	-0.0578478
0.196632	-0.0573334
0.190977	-0.0545264
0.199808	-0.0492245
0.202576	-0.0349696
0.164351	-0.033581
0.154837	-0.030842
0.170001	-0.0247018
0.169417	-0.0299997
0.182818	-0.0516639
0.179042	-0.0572725
0.170286	-0.0447388
0.159809	-0.042662
0.150195	-0.0226812
0.158151	-0.0263891
0.169492	-0.0326206
0.183474	-0.0237256
0.187522	-0.0172313
0.181969	0.00551727
0.184589	0.00454914
0.193473	-0.0048455
0.206616	-3.0441e-05
0.216106	0.0145577
0.208056	-0.00919333
0.173793	-0.030927
0.16699	-0.0471463
0.169934	-0.0475849
0.170942	-0.0461836
0.153285	-0.0415026
0.168484	-0.041188
0.166124	-0.0737843
0.177962	-0.0758533
0.164014	-0.0737457
0.156365	-0.0797135
0.135035	-0.0748074
0.15559	-0.0820193
0.152142	-0.0855115
0.157148	-0.0923778
0.153197	-0.121521
0.17709	-0.128671
0.16888	-0.0997995
0.174288	-0.0789722
0.185012	-0.0654816
0.190016	-0.0764306
0.185449	-0.0845209
0.181142	-0.0844315
0.173183	-0.0870425
0.174457	-0.078885
0.170667	-0.0973385
0.168285	-0.0957919
0.169415	-0.0998215
0.166917	-0.102187
0.162522	-0.120968
0.162709	-0.127758
0.155564	-0.124327
0.151499	-0.107398
0.152757	-0.100457
0.145877	-0.103427
0.161659	-0.0837236
0.182841	-0.0892579
0.175704	-0.0672005
0.170897	-0.0409632
0.171651	-0.058602
0.160752	-0.0957328
0.159509	-0.0911858
0.164581	-0.0934181
0.152038	-0.0830361
0.121128	-0.101376
0.119996	-0.0972306
0.129612	-0.108363
0.141119	-0.118466
0.142649	-0.119987
0.106431	-0.108174
0.11242	-0.112367
0.116426	-0.110668
0.112963	-0.122715
0.0970753	-0.112055
0.0736487	-0.113073
0.130837	-0.124876
0.114636	-0.117556
0.121908	-0.124384
0.139237	-0.139248
0.159082	-0.131764
0.138084	-0.145353
0.132821	-0.149397
0.138452	-0.149915
0.133196	-0.149793
0.164805	-0.158237
0.177978	-0.159116
0.151943	-0.145586
0.134537	-0.139206
0.140824	-0.153821
0.138896	-0.151768
0.124702	-0.152066
0.10975	-0.147047
0.107416	-0.154339
0.106187	-0.134602
0.114868	-0.128259
0.113925	-0.125513
0.120742	-0.14085
0.123305	-0.137225
0.111617	-0.148978
0.124418	-0.164192
0.111001	-0.158402
0.107785	-0.155107
0.107584	-0.141819
0.106371	-0.14687
0.113019	-0.151562
0.116327	-0.154156
0.0946855	-0.124356
0.110884	-0.140768
0.107816	-0.148575
0.107147	-0.148988
0.0979279	-0.145244
0.0893809	-0.136066
0.0706599	-0.140228
0.0661081	-0.150939
0.0499099	-0.130598
0.0431515	-0.14257
0.0558209	-0.174831
0.082332	-0.17888
0.0693235	-0.183941
0.0521992	-0.189494
0.0589472	-0.200605
0.0326231	-0.14835
0.0454893	-0.166595
0.0486274	-0.166894
0.0549924	-0.173188
0.0550853	-0.174696
0.0606333	-0.170606
0.0468181	-0.167055
0.0484017	-0.140693
0.0463936	-0.153858
0.0577792	-0.16214
0.0587875	-0.165065
0.0821592	-0.149061
0.0871111	-0.160632
0.0924177	-0.161971
0.0784807	-0.174742
0.0784538	-0.174686
0.0998763	-0.147917
0.104404	-0.146479
0.109622	-0.173356
0.119289	-0.193648
0.121041	-0.186689
0.119615	-0.168762
0.118817	-0.177006
0.113686	-0.177953
0.109749	-0.175907
0.108795	-0.176639
0.097693	-0.169512
0.0999484	-0.164813
0.100622	-0.163842
0.10709	-0.170669
0.116005	-0.15928
0.127752	-0.167115
0.131768	-0.157338
0.145386	-0.138738
0.133799	-0.138589
0.131469	-0.145539
0.150699	-0.130117
0.191865	-0.127153
0.181718	-0.125312
0.177556	-0.12106
0.174249	-0.11569
0.173127	-0.115733
0.165666	-0.110346
0.162642	-0.110273
0.177465	-0.130647
0.157699	-0.119638
0.160862	-0.119439
0.153091	-0.0937037
0.156275	-0.0855103
0.155554	-0.0893971
0.161053	-0.0903999
0.157021	-0.103404
0.16694	-0.10005
0.155856	-0.0919429
0.141818	-0.0832557
0.171099	-0.0799893
0.169192	-0.0781608
0.147303	-0.0521776
0.141702	-0.0609667
0.147326	-0.0622291
0.153836	-0.0567793
0.152176	-0.0501038
0.171908	-0.0301589
0.173915	-0.0311871
0.175624	-0.0123487
0.181877	-0.0115161
0.200664	-0.00692844
0.199793	-0.0122278
0.200107	-0.0121745
0.183093	-0.0187673
0.208366	-0.0445176
0.192475	-0.0627887
0.182747	-0.0610441
0.179055	-0.0658288
0.184169	-0.0525308
0.193568	-0.0370904
0.148667	-0.046954
0.135698	-0.0576989
0.135269	-0.0709898
0.108439	-0.0762094
0.141432	-0.0802982
0.12082	-0.0832276
0.132875	-0.0836081
0.124007	-0.0890178
0.133463	-0.0971685
0.149437	-0.0791735
0.150602	-0.0761472
0.138567	-0.0665326
0.147601	-0.0854103
0.152555	-0.0747094
0.155824	-0.0659244
0.157396	-0.0625833
0.138339	-0.0643757
0.136006	-0.0807913
0.135492	-0.0771029
0.160455	-0.0899111
0.158417	-0.0974594
0.133217	-0.0963911
0.116944	-0.121233
0.111141	-0.132937
0.115709	-0.136946
0.123765	-0.135676
0.135608	-0.162377
0.141731	-0.167101
0.159635	-0.148015
0.179172	-0.150156
0.160017	-0.132861
0.152226	-0.147796
0.14743	-0.145869
0.130392	-0.142378
0.143175	-0.151186
0.13796	-0.147649
0.127179	-0.140879
0.12765	-0.14193
0.14135	-0.142404
0.145162	-0.143748
0.142215	-0.146143
0.142471	-0.14451
0.139291	-0.132388
0.136692	-0.133644
0.157566	-0.150881
0.127665	-0.14465
0.103297	-0.151211
0.10525	-0.15703
0.115027	-0.152334
0.126724	-0.160827
0.115526	-0.157017
0.114837	-0.15645
0.124126	-0.158869
0.134243	-0.172509
0.162728	-0.189121
0.159187	-0.183406
0.158176	-0.174827
0.148761	-0.178631
0.129208	-0.189172
0.107561	-0.171576
0.124006	-0.196092
0.123102	-0.172882
0.115504	-0.171573
0.115988	-0.166674
0.113393	-0.166552
0.114465	-0.162897
0.12047	-0.16391
0.117234	-0.165099
0.121373	-0.163734
0.125168	-0.163195
0.113167	-0.163928
0.108994	-0.177286
0.0994727	-0.186272
0.0713268	-0.197025
0.0813373	-0.201962
0.0819988	-0.190717
0.0726088	-0.211505
0.0835961	-0.220522
0.101949	-0.217561
0.116603	-0.226447
0.105534	-0.210465
0.0831221	-0.189809
0.0680836	-0.156352
0.0761446	-0.170236
0.0554143	-0.184092
0.0489636	-0.190296
0.0468557	-0.190447
0.0456006	-0.176072
0.050264	-0.173648
0.0465193	-0.186759
0.0497711	-0.171954
0.0731001	-0.170475
0.0784885	-0.165276
0.0743274	-0.169501
0.10847	-0.161039
0.108471	-0.167639
0.106304	-0.166031
0.10536	-0.165205
0.0975642	-0.181498
0.0763142	-0.183668
0.0744138	-0.175103
0.0611245	-0.181059
0.0621248	-0.190663
0.0608221	-0.206063
0.0813342	-0.197608
0.0799471	-0.194377
0.0817827	-0.184166
0.0575851	-0.144354
0.0578132	-0.149898
0.0653299	-0.156416
0.0705377	-0.175296
0.0852727	-0.169362
0.098571	-0.163953
0.0980614	-0.161126
0.108527	-0.170491
0.102762	-0.169072
0.0910386	-0.163248
0.0981542	-0.155778
0.107903	-0.167339
0.104532	-0.16137
0.0716789	-0.153996
0.0910647	-0.159362
0.0921062	-0.160379
0.0982934	-0.158301
0.11786	-0.141839
0.109485	-0.128306
0.148128	-0.136804
0.143168	-0.145291
0.155783	-0.159631
0.152767	-0.154362
0.154248	-0.1466
0.129461	-0.14028
0.125851	-0.14881
0.125764	-0.127556
0.124926	-0.129751
0.129515	-0.155171
0.128186	-0.176648
0.133368	-0.175147
0.130796	-0.168628
0.129606	-0.157625
0.161893	-0.140647
0.163375	-0.131804
0.160194	-0.131162
0.143947	-0.107316
0.145253	-0.134493
0.137142	-0.137273
0.127641	-0.153722
0.126111	-0.152429
0.104783	-0.144197
0.111831	-0.141722
0.109106	-0.138735
0.0975378	-0.145757
0.0900595	-0.144923
0.0916802	-0.156126
0.0817473	-0.160536
0.0839781	-0.161117
0.0892699	-0.161475
0.0917869	-0.169638
0.105092	-0.161646
0.131481	-0.165311
0.135098	-0.1758
0.132035	-0.167873
0.142217	-0.18245
0.143305	-0.177052
0.128284	-0.184576
0.113051	-0.170527
0.110223	-0.168006
0.109629	-0.167097
0.113532	-0.179945
0.111217	-0.173959
0.0956375	-0.166198
0.0958594	-0.171577
0.110347	-0.168778
0.106578	-0.156323
0.112769	-0.15634
0.110009	-0.156346
0.107999	-0.174236
0.10314	-0.152323
0.107448	-0.149864
0.104881	-0.138828
0.110629	-0.148468
0.117294	-0.14666
0.106215	-0.154302
0.0952806	-0.168438
0.10515	-0.165676
0.102997	-0.178223
0.100748	-0.166054
0.0694056	-0.190068
0.0677099	-0.188054
0.073186	-0.185075
0.0746234	-0.183269
0.0691328	-0.183606
0.0566583	-0.193058
0.0584457	-0.191366
0.0735677	-0.209391
0.0722148	-0.200791
0.0670733	-0.181771
0.0641792	-0.203691
0.0628977	-0.200594
0.0569275	-0.212301
0.0277709	-0.188114
-0.0036326	-0.16808
0.00603423	-0.191109
0.0045528	-0.189509
0.0111755	-0.197753
0.0157108	-0.195675
0.0269262	-0.174829
0.0409073	-0.165456
0.0374252	-0.15487
0.050716	-0.160865
0.0633344	-0.166428
0.085392	-0.148757
0.0837288	-0.148175
0.0708563	-0.148008
0.0595631	-0.160255
0.0660645	-0.162849
0.0848771	-0.173084
0.0826647	-0.164958
0.0922932	-0.14026
0.0966592	-0.145522
0.0903489	-0.152845
0.0813298	-0.135114
0.109373	-0.136426
0.111579	-0.139179
0.127339	-0.162942
0.104408	-0.15948
0.102513	-0.161739
0.102549	-0.162174
0.104269	-0.157651
0.101174	-0.176332
0.101692	-0.190925
0.126254	-0.191794
0.112997	-0.202032
0.106294	-0.193868
0.104011	-0.182297
0.104853	-0.178612
0.103129	-0.171862
0.101879	-0.171438
0.111312	-0.136766
0.124289	-0.130954
0.128341	-0.124012
0.132514	-0.127412
0.132074	-0.103517
0.16588	-0.0967385
0.164352	-0.0765287
0.160834	-0.0787803
0.157683	-0.0788361
0.165678	-0.0799112
0.159381	-0.087862
0.15002	-0.0832508
0.138084	-0.0749759
0.128114	-0.0759993
0.142916	-0.0531119
0.138228	-0.0676147
0.166989	-0.0802889
0.168417	-0.0648693
0.183141	-0.0627366
0.167335	-0.0496911
0.18191	-0.0448967
0.188558	-0.0223012
0.198001	-0.0238026
0.19309	-0.0206195
0.190516	-0.0225003
0.19406	-0.0321774
0.200385	-0.0315012
0.196814	-0.0310214
0.198089	-0.0331062
0.158767	-0.0282545
0.159758	-0.0254479
0.167273	-0.0297714
0.176866	-0.0268851
0.178933	-0.0456295
0.169014	-0.04267
0.175922	-0.0437242
0.183332	-0.0415393
0.167181	-0.0452782
0.184914	-0.044363
0.185686	-0.0553573
0.192447	-0.0189203
0.220154	-0.0121494
0.228979	-0.0361866
0.224956	-0.0422058
0.221195	-0.0409845
0.22181	-0.0446111
0.219533	-0.037444
0.207902	-0.0392067
0.21542	-0.0582017
0.210983	-0.0779619
0.217863	-0.091173
0.239976	-0.098886
0.233995	-0.101991
0.218617	-0.105662
0.217296	-0.0889098
0.231028	-0.1049
0.223649	-0.0974921
0.220415	-0.0965032
0.192365	-0.120889
0.174668	-0.148204
0.180347	-0.14174
0.169114	-0.127
0.160602	-0.114248
0.166564	-0.110122
0.177017	-0.105482
0.146799	-0.0967196
0.166037	-0.0958418
0.156251	-0.0892244
0.141891	-0.0864957
0.144074	-0.0890933
0.16015	-0.101195
0.176995	-0.0905547
0.183098	-0.0969862
0.183632	-0.0966106
0.18014	-0.109386
0.200571	-0.0991345
0.197734	-0.108992
0.17317	-0.0879683
0.180538	-0.084619
0.180229	-0.0772416
0.186231	-0.0661192
0.162365	-0.0666018
0.161709	-0.0681281
0.165281	-0.0558961
0.185924	-0.0492168
0.196204	-0.0407188
0.174372	-0.0516809
0.18783	-0.0543002
0.188676	-0.0468875
0.203575	-0.0495283
0.20385	-0.053712
0.192176	-0.0344092
0.213982	-0.0434473
0.215032	-0.0733037
0.20717	-0.069848
0.185237	-0.0543346
0.191259	-0.049889
0.195365	-0.0723001
0.193787	-0.0723688
0.189904	-0.0728105
0.197008	-0.0388847
0.200487	-0.0354164
0.192706	-0.0348681
0.192761	-0.0460214
0.177169	-0.0528814
0.169081	-0.0561569
0.175478	-0.0619266
0.163024	-0.0419616
0.166508	-0.0410959
0.165373	-0.0619793
0.171981	-0.0632974
0.184053	-0.0669314
0.185114	-0.0599205
0.185829	-0.0604749
0.18374	-0.0599623
0.201518	-0.06753
0.189083	-0.0646887
0.194421	-0.0666088
0.199545	-0.0476299
0.190331	-0.0590583
0.175322	-0.0514045
0.159963	-0.0317539
0.163585	-0.032543
0.174481	-0.0329702
0.191758	-0.0310757
0.183461	-0.0247066
0.185087	-0.0290078
0.184833	-0.0318653
0.201358	-0.0544139
0.228768	-0.0515684
0.238462	-0.0507654
0.247023	-0.059277
0.228982	-0.0659447
0.22252	-0.0633998
0.198559	-0.080252
0.198642	-0.085625
0.195795	-0.0827353
0.205279	-0.0779064
0.21744	-0.0764573
0.211094	-0.0576862
0.204346	-0.0557343
0.202206	-0.047434
0.194986	-0.0499163
0.181758	-0.0565742
0.180647	-0.0436307
0.179598	-0.0464982
0.18829	-0.0439859
0.193302	-0.0345651
0.193511	-0.0338405
0.181188	-0.0395354
0.17838	-0.0468866
0.182795	-0.0494808
0.171749	-0.0365239
0.192696	-0.0380527
0.193889	-0.0360519
0.181629	-0.0376673
0.188693	-0.0520651
0.187504	-0.0505885
0.184911	-0.0543862
0.170085	-0.0660717
0.171365	-0.0646937
0.177211	-0.0519132
0.179858	-0.0505986
0.177658	-0.047323
0.167246	-0.0431418
0.1712	-0.0420234
0.167555	-0.0456708
0.173427	-0.0298145
0.185819	-0.0294802
0.207517	-0.0267613
0.205875	-0.0254549
0.204371	-0.025355
0.201824	-0.0251813
0.192258	-0.0299189
0.214042	-0.0437391
0.197864	-0.0285047
0.213459	-0.0276859
0.198341	-0.0236582
0.201232	-0.0296903
0.198438	-0.034127
0.183529	-0.0386245
0.184224	-0.0348157
0.196655	-0.0459863
0.199868	-0.0433164
0.200106	-0.0362591
0.200795	-0.0182634
0.19462	-0.0154376
0.186759	-0.0134836
0.196679	0.00523085
0.188802	0.00525917
0.193284	0.0056152
0.194293	0.00401702
0.200603	-0.0210476
0.199259	-0.0197902
0.183887	-0.0211481
0.188852	-0.0203932
0.182787	0.00777835
0.197706	-0.0032856
0.174253	-0.00728118
0.177863	-0.00866072
0.189264	-0.0154656
0.176056	0.0121272
0.185583	0.0164613
0.1799	-0.00906009
0.182729	-0.00876214
0.181963	0.000291212
0.195265	0.00535435
0.198859	-0.00647885
0.197388	0.0049436
0.205108	0.00520853
0.222133	-0.00809525
0.219452	-0.0215646
0.214631	-0.0206526
0.210562	-0.0243167
0.202304	0.00959562
0.192634	0.0137703
0.195916	0.00112471
0.212076	-0.0153453
0.210823	-0.0128107
0.2039	-0.0149957
0.216459	-0.0116425
0.190675	0.0119817
0.226775	0.0730978
0.221954	0.068634
0.210139	0.107955
0.198092	0.0937983
0.196448	0.089115
0.210007	0.0872564
0.219071	0.086431
0.219914	0.0947085
0.2168	0.0947424
0.192991	0.0895169
0.191453	0.0880049
0.168693	0.0819271
0.162518	0.111514
0.166221	0.123252
0.170497	0.127031
0.168763	0.121788
0.162838	0.102512
0.164196	0.105812
0.14303	0.106835
0.122345	0.0813728
0.117494	0.0894686
0.115442	0.0958202
0.120958	0.100991
0.122757	0.0942876
0.119915	0.10207
0.131154	0.104228
0.132453	0.0961825
0.154871	0.0847088
0.164465	0.0735009
0.179928	0.0755485
0.194184	0.0463557
0.196879	0.0434519
0.194821	0.0408062
0.188967	0.0330311
0.237825	0.00282567
0.231126	-0.00169011
0.222447	0.0353547
0.211693	0.0176956
0.21143	0.00693305
0.193852	0.00289312
0.189333	0.00448369
0.18239	0.00959302
0.186681	-0.0122138
0.183857	-0.031958
0.212462	-0.0181625
0.183142	-0.0191763
0.190934	-0.0289278
0.180546	-0.0373318
0.163555	-0.0380434
0.163433	-0.0431757
0.181031	-0.0264501
0.170914	-0.0313485
0.169826	-0.0338726
0.170004	-0.0359518
0.175453	-0.0462515
0.173753	-0.0490448
0.158047	-0.0674312
0.161593	-0.0681074
0.153529	-0.0660032
0.15527	-0.0634163
0.162897	-0.0726812
0.157367	-0.0839106
0.173915	-0.0941954
0.162104	-0.103491
0.159459	-0.102424
0.149845	-0.108553
0.161169	-0.0911162
0.166041	-0.07684
0.176563	-0.0874657
0.177279	-0.0885771
0.172689	-0.0607451
