0.223607
0.211303
0.201604
0.193649
0.185645
0.175791
0.16219
0.164197
0.159261
0.151804
0.149391
0.14756
0.145655
0.14367
0.14229
0.141543
0.137002
0.132926
0.132311
0.127311
0.129426
0.126545
0.126836
0.123854
0.122183
0.124599
0.121466
0.120334
0.122341
0.120637
0.117793
0.116672
0.123436
0.121023
0.124485
0.122265
0.12211
0.118276
0.113615
0.114316
0.116805
0.119799
0.1254
0.126006
0.130684
0.132815
0.129255
0.130269
0.129801
0.127729
0.129483
0.123973
0.12193
0.125382
0.126138
0.12534
0.123134
0.128353
0.120485
0.116008
0.118488
0.12443
0.122394
0.122687
0.122196
0.118768
0.123495
0.120566
0.120994
0.124074
0.123584
0.122519
0.11965
0.121824
0.119474
0.122043
0.120319
0.117316
0.112188
0.109981
0.109855
0.116541
0.121598
0.120723
0.121326
0.128618
0.129636
0.131246
0.129598
0.133576
0.12321
0.123359
0.120229
0.123243
0.127363
0.128811
0.129137
0.128414
0.125649
0.128011
0.120381
0.118727
0.122223
0.122242
0.120576
0.115987
0.104001
0.104034
0.107683
0.10937
0.116955
0.117563
0.115766
0.110851
0.104837
0.104751
0.104737
0.104082
0.103941
0.104912
0.104904
0.106065
0.103031
0.103296
0.100719
0.102829
0.100287
0.0978638
0.0983583
0.105671
0.105872
0.103719
0.105229
0.103518
0.102712
0.103172
0.100239
0.101465
0.103956
0.107876
0.104907
0.109034
0.112612
0.108719
0.112046
0.114432
0.116097
0.118679
0.112529
0.108971
0.109206
0.1069
0.10743
0.105232
0.100196
0.0983488
0.0975621
0.0997673
0.0954353
0.0989616
0.102493
0.102006
0.0991698
0.102892
0.0962289
0.102061
0.101976
0.104109
0.107466
0.111798
0.105264
0.102409
0.101453
0.10381
0.10002
0.100975
0.0955541
0.0998273
0.103829
0.106874
0.103114
0.105086
0.107384
0.105528
0.108381
0.108645
0.110775
0.1088
0.10884
0.109494
0.111434
0.111492
0.109491
0.110614
0.109945
0.105349
0.106338
0.103898
0.10514
0.105406
0.105661
0.103709
0.107546
0.106044
0.108169
0.106236
0.107267
0.103624
0.0984602
0.0953503
0.0924466
0.0925313
0.091871
0.0964654
0.100834
0.103534
0.102751
0.106285
0.104679
0.101881
0.101055
0.105069
0.101693
0.0978594
0.0932718
0.0896436
0.0876163
0.0911522
0.0905651
0.091612
0.0944902
0.0973762
0.09394
0.0990684
0.0996149
0.103432
0.101362
0.103814
0.102346
0.0990279
0.0996353
0.103744
0.103788
0.10654
0.106744
0.111702
0.113293
0.111215
0.109826
0.113534
0.118606
0.115651
0.117113
0.109191
0.107644
0.104041
0.107652
0.10509
0.0973671
0.102513
0.105509
0.104358
0.112593
0.111379
0.113012
0.109553
0.108617
0.109591
0.10916
0.115748
0.119035
0.119117
0.115843
0.114804
0.114593
0.120373
0.118785
0.117411
0.119433
0.120369
0.12054
0.11731
0.116635
0.112824
0.106664
0.103756
0.102362
0.107195
0.110701
0.112009
0.109649
0.111077
0.116793
0.1165
0.116496
0.114114
0.113853
0.119156
0.116825
0.122384
0.122425
0.120119
0.129339
0.130929
0.124761
0.123751
0.123271
0.120045
0.124505
0.1216
0.119945
0.117811
0.113367
0.111406
0.112148
0.116365
0.119386
0.120337
0.117544
0.122766
0.123802
0.121457
0.117409
0.118089
0.113931
0.106817
0.106858
0.105157
0.108526
0.110828
0.112296
0.112644
0.117277
0.120222
0.117354
0.116147
0.12519
0.130056
0.125197
0.120367
0.113901
0.107549
0.109669
0.107135
0.108429
0.112211
0.110929
0.111409
0.119558
0.117411
0.117309
0.116698
0.116397
0.117389
0.11799
0.114902
0.11699
0.11416
0.115422
0.116131
0.107248
0.103934
0.10553
0.112882
0.116697
0.118036
0.117364
0.119153
0.115994
0.110746
0.113417
0.113817
0.119373
0.120008
0.126012
0.127489
0.126945
0.128666
0.127632
0.124712
0.12358
0.123804
0.123296
0.123547
0.11874
0.119148
0.122477
0.121918
0.127843
0.128361
0.12895
0.122014
0.123247
0.124893
0.121634
0.122375
0.125314
0.123876
0.127574
0.125705
0.127232
0.126088
0.12894
0.131957
0.136007
0.130197
0.1313
0.133916
0.133909
0.128706
0.130366
0.122224
0.119112
0.113957
0.116411
0.120884
0.11906
0.119877
0.122719
0.121577
0.124851
0.12612
0.122691
0.121443
0.121347
0.119913
0.115721
0.113183
0.116251
0.121866
0.118006
0.118154
0.114225
0.111412
0.116145
0.114855
0.118686
0.122329
0.122375
0.11789
0.118372
0.116545
0.123308
0.131433
0.130575
0.133019
0.126244
0.121891
0.126343
0.129373
0.130148
0.134002
0.13943
0.133181
0.132765
0.12907
0.126924
0.123012
0.125782
0.125688
0.126483
0.125813
0.119137
0.116872
0.118455
0.118167
0.115486
0.11828
0.121588
0.123006
0.118085
0.117187
0.118065
0.116673
0.122548
0.1197
0.118679
0.1187
0.115848
0.113679
0.11725
0.124003
0.12087
0.12344
0.117877
0.121416
0.123615
0.117324
0.116255
0.116328
0.113881
0.1123
0.112926
0.114112
0.11436
0.118709
0.128401
0.129888
0.125322
0.120436
0.11933
0.121382
0.120468
0.123064
0.123377
0.128954
0.124381
0.12289
0.120923
0.118861
0.116772
0.117941
0.114444
0.120736
0.119045
0.114573
0.109408
0.115744
0.119106
0.117429
0.112152
0.113692
0.106007
0.105476
0.102741
0.105449
0.101477
0.109597
0.109169
0.112228
0.107155
0.110105
0.109436
0.109085
0.108244
0.101871
0.105155
0.103463
0.10102
0.101991
0.099307
0.095663
0.102657
0.101256
0.10192
0.096231
0.101721
0.105728
0.103278
0.103871
0.105383
0.10422
0.108711
0.10723
0.105176
0.106344
0.102768
0.102982
0.103706
0.101996
0.101165
0.10413
0.103139
0.106012
0.0988934
0.0945022
0.0944306
0.10105
0.103202
0.102126
0.101443
0.101528
0.101735
0.102191
0.10001
0.102851
0.106953
0.102168
0.10427
0.100288
0.0998911
0.102145
0.100403
0.100582
0.104993
0.103695
0.103875
0.104329
0.097847
0.0968942
0.0999097
0.0968758
0.0978285
0.097394
0.0943835
0.0983037
0.0951745
0.0966719
0.096906
0.0984359
0.0941056
0.0896037
0.0930552
0.0932287
0.093711
0.0946498
0.0936706
0.0947954
0.0885949
0.0885199
0.084955
0.0859869
0.0872378
0.0897875
0.0847079
0.0858961
0.0887252
0.0892279
0.0928357
0.0839625
0.085779
0.0844766
0.089662
0.0914602
0.0887832
0.0882228
0.0896933
0.0898439
0.0852923
0.0858791
0.0826176
0.0844521
0.0875341
0.0895544
0.0921964
0.0864389
0.0818804
0.0791831
0.0781296
0.0798509
0.0805377
0.084795
0.0882638
0.0870942
0.0906616
0.088853
0.0867271
0.0861337
0.090989
0.0878792
0.089425
0.0876797
0.0903341
0.0902484
0.0918368
0.0863271
0.0833574
0.0777685
0.0802278
0.0792017
0.0767258
0.0763074
0.0813602
0.0845674
0.0805315
0.0745408
0.0812609
0.0782797
0.0777403
0.083576
0.0826575
0.0841899
0.080977
0.0790631
0.0838871
0.0803899
0.0742043
0.0734622
0.0722127
0.071544
0.0706282
0.0718367
0.078803
0.0825022
0.0825239
0.081277
0.079573
0.076873
0.0799155
0.0772265
0.0768569
0.074586
0.0767257
0.0741796
0.0772423
0.0818155
0.0790312
0.0813187
0.0806978
0.0753556
0.0773733
0.0719552
0.0768087
0.0746336
0.0796822
0.0821695
0.081565
0.0845127
0.0833423
0.0812252
0.0853598
0.0848876
0.0780819
0.0798365
0.0711941
0.0709
0.0739218
0.0734315
0.0727367
0.079468
0.0814081
0.0823007
0.0834926
0.0827073
0.078414
0.0799074
0.0756297
0.0792513
0.0807291
0.0771561
0.0720392
0.0653494
0.0599008
0.06209
0.0648358
0.0618049
0.0621538
0.0613202
0.0668082
0.0634538
0.0677928
0.0674735
0.069055
0.0623351
0.0648371
0.0653881
0.0694104
0.0666896
0.0663568
0.0621154
0.0598481
0.0613411
0.0640169
0.0683423
0.0644694
0.0629009
0.0649011
0.067706
0.0659483
0.0626339
0.0642307
0.0667814
0.0712924
0.073904
0.0717903
0.0748535
0.0711552
0.0768483
0.076863
0.0792932
0.0803739
0.0796184
0.0760007
0.0730347
0.0704854
0.0726832
0.0696954
0.0661995
0.0662663
0.067449
0.0709314
0.0729359
0.0713941
0.0751574
0.0711532
0.0736789
0.0772657
0.080842
0.0815306
0.081403
0.0802784
0.0782193
0.0774671
0.0760906
0.0788999
0.0774831
0.0703265
0.0733393
0.0711638
0.0746113
0.0730857
0.0684201
0.060904
0.0683278
0.0714688
0.0743083
0.0713019
0.0704589
0.0718155
0.0732419
0.0764118
0.0722285
0.0757144
0.0786168
0.0713961
0.0722354
0.068584
0.0761077
0.0739101
0.0754604
0.0726812
0.0730318
0.0754073
0.0763981
0.0751239
0.0707007
0.0680113
0.0677499
0.0626223
0.0626592
0.0649618
0.066533
0.0649141
0.0593767
0.0623676
0.0651708
0.0708761
0.07236
0.0724071
0.0725597
0.0806999
0.0798753
0.0828336
0.0868735
0.0864098
0.0879881
0.0889131
0.0839585
0.0831019
0.078835
0.0767657
0.0769729
0.0750281
0.0800232
0.0880679
0.0887178
0.0919658
0.0867032
0.0875799
0.0920723
0.087687
0.0810645
0.0882224
0.0867217
0.0881193
0.0873791
0.0868222
0.090058
0.0906345
0.0885229
0.0893929
0.0829254
0.0811066
0.0831665
0.0864404
0.0875773
0.081271
0.0805861
0.0799145
0.0753387
0.0783766
0.0810292
0.0882274
0.0856853
0.0884105
0.0898697
0.0975748
0.097726
0.0973468
0.0990932
0.0928648
0.0939509
0.0953738
0.0991348
0.0962878
0.0909088
0.0913222
0.0924343
0.0920359
0.092976
0.0937304
0.0954524
0.100005
0.0933552
0.090875
0.0921933
0.0932465
0.0926893
0.091529
0.0881541
0.0889588
0.0942918
0.090872
0.0942889
0.0978199
0.0944583
0.0944509
0.0940231
0.0941408
0.0961507
0.100435
0.0995013
0.0932502
0.0927892
0.0916418
0.0951819
0.0975012
0.0988239
0.093959
0.0954199
0.101609
0.107488
0.101475
0.106065
0.110501
0.106924
0.102233
0.0969849
0.0977625
0.0966879
0.0990636
0.0993608
0.1019
0.101475
0.103879
0.104589
0.100536
0.103351
0.106361
0.111153
0.111593
0.110834
0.112302
0.114713
0.115022
0.110563
0.111495
0.109037
0.107498
0.101857
0.100934
0.107481
0.107782
0.101281
0.104345
0.102236
0.111034
0.115008
0.117739
0.121929
0.121698
0.122323
0.122439
0.123239
0.125998
0.127401
0.128703
0.131679
0.124412
0.122852
0.11593
0.113464
0.108064
0.110715
0.112043
0.109489
0.119459
0.115103
0.115913
0.112213
0.11154
0.11755
0.118268
0.112707
0.111735
0.109614
0.110274
0.111056
0.114967
0.113992
0.109762
0.106211
0.101644
0.106032
0.101848
0.105418
0.103671
0.106378
0.113447
0.115226
0.116693
0.119641
0.121952
0.118514
0.124127
0.129705
0.129275
0.128286
0.135649
0.132077
0.128382
0.13115
0.130197
0.127038
0.124233
0.12427
0.124831
0.125387
0.124493
0.129975
0.125996
0.11957
0.120647
0.11604
0.115636
0.111493
0.109807
0.118142
0.112748
0.113925
0.112085
0.114301
0.117878
0.118124
0.12058
0.12288
0.124773
0.125728
0.12678
0.125043
0.127491
0.125789
0.123838
0.127127
0.125891
0.128238
0.137408
0.138026
0.140786
0.139841
0.136486
0.136288
0.135988
0.132536
0.13154
0.125334
0.124001
0.125169
0.12312
0.122553
0.118048
0.11625
0.119825
0.121151
0.124436
0.119039
0.119394
0.120518
0.12068
0.118605
0.120948
0.126562
0.125453
0.126577
0.123939
0.121218
0.120862
0.122233
0.118877
0.117453
0.118946
0.121059
0.121009
0.115486
0.117001
0.111991
0.118222
0.121559
0.118902
0.115733
0.117672
0.117127
0.114422
0.118679
0.119963
0.121341
0.120781
0.117789
0.120078
0.116444
0.113268
0.113601
0.112235
0.118158
0.119536
0.120828
0.122922
0.122571
0.122499
0.116002
0.115475
0.117836
0.115371
0.11635
0.115693
0.113858
0.113537
0.116794
0.117059
0.116195
0.112338
0.109293
0.107483
0.113138
0.117625
0.118029
0.119499
0.112879
0.110688
0.111752
0.108496
0.110152
0.10982
0.108536
0.109876
0.115242
0.117018
0.118335
0.114588
0.118458
0.119335
0.124456
0.121825
0.11927
0.122209
0.117322
0.120066
0.121386
0.119325
0.115574
0.110893
0.111889
0.109636
0.104139
0.103011
0.110111
0.111035
0.112967
0.124333
0.125598
0.12676
0.129641
0.129768
0.129112
0.125802
0.128313
0.127889
0.127518
0.129675
0.12663
0.128369
0.130214
0.129841
0.128532
0.12212
0.119312
0.123017
0.121729
0.122984
0.124376
0.124068
0.125189
0.12649
0.121823
0.121562
0.116291
0.120399
0.118315
0.117969
0.115899
0.119615
0.117783
0.126055
0.129102
0.129286
0.121849
0.119816
0.117845
0.123425
0.126204
0.128204
0.128251
0.131289
0.127735
0.129549
0.123573
0.122709
0.125053
0.123265
0.124331
0.125573
0.118503
0.115112
0.112773
0.110303
0.113653
0.111067
0.116986
0.115191
0.122583
0.127792
0.124549
0.127567
0.129906
0.132994
0.142601
0.141692
0.138694
0.13978
0.143811
0.143803
0.136859
0.134138
0.132236
0.132718
0.138171
0.137467
0.134649
0.13716
0.131992
0.136844
0.135661
0.129078
0.128094
0.127835
0.130375
0.126764
0.130181
0.133189
0.132018
0.126018
0.125274
0.125446
0.119876
0.117554
0.111185
0.115547
0.114487
0.115957
0.122455
0.121995
0.122642
0.12112
0.12216
0.124471
0.128223
0.13134
0.128311
0.131501
0.126027
0.12727
0.124257
0.126575
0.127133
0.12989
0.12633
0.127166
0.132895
0.132867
0.132804
0.135106
0.137092
0.138772
0.138953
0.135394
0.127848
0.124089
0.124265
0.123505
0.125071
0.124702
0.123664
0.118946
0.111387
0.111859
0.114493
0.120159
0.117983
0.116394
0.123242
0.120328
0.1193
0.119592
0.118107
0.117359
0.11788
0.119761
0.118118
0.116048
0.118795
0.119805
0.124535
0.120523
0.123152
0.119197
0.125077
0.123775
0.117487
0.12017
0.122022
0.125006
0.126113
0.126611
0.117792
0.119918
0.119667
0.119761
0.12402
0.125718
0.1267
0.127999
0.126863
0.125296
0.128374
0.131043
0.136449
0.134843
0.134592
0.136117
0.130861
0.132214
0.134095
0.135824
0.131863
0.125196
0.122565
0.119689
0.120277
0.116765
0.118536
0.11818
0.11783
0.119511
0.125871
0.125116
0.122271
0.124837
0.127836
0.127318
0.125969
0.126929
0.126522
0.125844
0.126309
0.127183
0.125052
0.126321
0.126214
0.120403
0.11865
0.117774
0.119063
0.113621
0.110361
0.112713
0.115199
0.113974
0.1132
0.110697
0.113174
0.115141
0.118741
0.122097
0.118728
0.113801
0.119304
0.119101
0.121333
0.123897
0.122974
0.122694
0.124975
0.127643
0.125401
0.127898
0.127545
0.117881
0.115774
0.120164
0.122335
0.119636
0.119345
0.117937
0.114495
0.118989
0.120315
0.115895
0.113672
0.112158
0.10883
0.109032
0.110281
0.108437
0.10981
0.110179
0.113431
0.113868
0.11946
0.123701
0.122874
0.121954
0.126988
0.129658
0.132101
0.131082
0.137212
0.131699
0.132912
0.133983
0.136808
0.133744
0.136091
0.13493
0.133884
0.12775
0.12347
0.119519
0.11798
0.117699
0.116387
0.118662
0.116237
0.115697
0.108916
0.113639
0.111482
0.113441
0.11592
0.114811
0.114583
0.108995
0.113369
0.109254
0.108695
0.107991
0.107093
0.108701
0.115774
0.118978
0.120002
0.120531
0.109701
0.109709
0.109996
0.114674
0.120695
0.120266
0.116517
0.1123
0.11291
0.11356
0.110195
0.111638
0.114126
0.124365
0.123951
0.123486
0.115761
0.111897
0.104048
0.097597
0.0985576
0.102182
0.104891
0.104627
0.108898
0.107022
0.107892
0.107377
0.103673
0.0985006
0.0948337
0.0955394
0.0947617
0.0894962
0.0942771
0.0882821
0.0864056
0.0907032
0.0906463
0.0919292
0.0926563
0.0925765
0.0912324
0.0862394
0.0879847
0.0845427
0.0865051
0.0923036
0.0906294
0.0907406
0.0890244
0.0878852
0.0869568
0.083609
0.0889545
0.0910439
0.0925062
0.0904688
0.091432
0.0933827
0.0925379
0.09673
0.0927974
0.094551
0.0959597
0.092859
0.0933995
0.0885897
0.0873839
0.088821
0.0893659
0.0919924
0.0898572
0.0891365
0.0917024
0.0925573
0.0905107
0.087943
0.0854093
0.0814332
0.0805313
0.0839282
0.0855127
0.0864305
0.0784869
0.0729615
0.0729958
0.0712482
0.0651574
0.0623564
0.0587022
0.0663192
0.0735823
0.0776315
0.0785912
0.0746986
0.0699825
0.0711582
0.0742075
0.0733545
0.0744538
0.0784525
0.0772781
0.0715437
0.0713782
0.0742796
0.0735155
0.0705707
0.0738437
0.0764941
0.0689977
0.0646754
0.0615846
0.0685604
0.0670206
0.0677918
0.0659156
0.0661633
0.0648153
0.0678146
0.067764
0.0727496
0.0694602
0.0735842
0.0716516
0.0729151
0.0711187
0.0764983
0.0734919
0.0727
0.075676
0.0786178
0.0819008
0.0828631
0.0781723
0.0753426
0.0764475
0.081544
0.0772318
0.0801644
0.0784636
0.0815671
0.0832554
0.0881666
0.0903581
0.0924528
0.0857976
0.089449
0.0907739
0.0912633
0.092248
0.0887696
0.0867326
0.09031
0.0894498
0.0882981
0.0911043
0.092665
0.0936181
0.0908953
0.0890638
0.0838941
0.0852605
0.0859122
0.0855545
0.0815513
0.0794994
0.0809526
0.0813321
0.0827699
0.0832815
0.0801122
0.0767002
0.0703823
0.076472
0.0722151
0.0677843
0.0696609
0.0743088
0.0761681
0.0800126
0.0818493
0.0857178
0.0866919
0.0881976
0.0850198
0.089575
0.0918066
0.0908907
0.0929086
0.0919246
0.0911493
0.0922174
0.0931756
0.0924874
0.0885527
0.0915422
0.0878205
0.08236
0.0821594
0.0846631
0.0838224
0.0855675
0.0846954
0.0839614
0.0868555
0.0877712
0.0866009
0.0853295
0.0876273
0.0851017
0.086173
0.081687
0.0795292
0.0784883
0.0830654
0.0862095
0.0912487
0.0885735
0.0904886
0.0915475
0.0905755
0.0896333
0.0864199
0.0828344
0.0822738
0.081833
0.0775457
0.0782326
0.0782817
0.0822585
0.0834791
0.0884659
0.0892605
0.0940477
0.0980203
0.0964233
0.099294
0.0968814
0.0927966
0.0920285
0.0878357
0.0887078
0.0817777
0.0797668
0.0817556
0.0897757
0.084147
0.0856755
0.0870239
0.0917615
0.0963214
0.0947053
0.0914711
0.0865307
0.082697
0.0783125
0.0803874
0.0811719
0.0826978
0.0736973
0.0744107
0.076897
0.0870899
0.0844318
0.0865425
0.088509
0.0879876
0.0908198
0.0806303
0.0809104
0.0847364
0.0809329
0.0801132
0.0767258
0.0799676
0.0777094
0.0754657
0.0762486
0.0754713
0.0725963
0.0717192
0.0758323
0.0804749
0.0793229
0.0763884
0.0774821
0.0794513
0.0735882
0.0737356
0.0738601
0.0765406
0.076947
0.0748777
0.0762928
0.0793859
0.0776806
0.0769321
0.0786606
0.0749037
0.0762066
0.0809476
0.0868398
0.0863926
0.0832951
0.091758
0.0883819
0.0873633
0.0841342
0.0798706
0.071735
0.0671745
0.063787
0.0665943
0.0712678
0.0738838
0.0708111
0.065568
0.0665981
0.0698762
0.071226
0.0735781
0.0727904
0.0744371
0.0738901
0.0806153
0.0794653
0.0814075
0.0785241
0.0795202
0.0816342
0.0810273
0.0799872
0.080493
0.0870487
0.0833682
0.0837875
0.0857951
0.0760992
0.0787452
0.0759313
0.0760691
0.0781167
0.0747269
0.0698722
0.0642615
0.066515
0.0615151
0.062853
0.0616451
0.056814
0.0549036
0.0640842
0.0648412
0.0647799
0.0676319
0.0673842
0.0650523
0.0670143
0.063898
0.0571314
0.0680041
0.0741078
0.0732102
0.0717573
0.0675139
0.0697533
0.0700567
0.0716661
0.0684814
0.070193
0.0670484
0.0637269
0.0674848
0.0650114
0.0651725
0.0692712
0.0714097
0.0731358
0.069255
0.0663065
0.0696839
0.0666563
0.0661965
0.0688225
0.0647791
0.0643399
0.063206
0.0627682
0.0658974
0.0649443
0.0642795
0.0708108
0.0706504
0.0739643
0.0801315
0.0776385
0.0771115
0.0740723
0.0741522
0.078617
0.0745534
0.0723204
0.0708148
0.074067
0.0739224
0.0709254
0.0701815
0.0690141
0.0768973
0.0739045
0.0727375
0.0707399
0.0748157
0.0722063
0.0681391
0.0655931
0.0652269
0.0680311
0.0653742
0.0658517
0.0658592
0.0682611
0.071316
0.0673206
0.0700182
0.0715296
0.0747906
0.0740447
0.077134
0.0751669
0.0740264
0.0728457
0.0692552
0.0702111
0.0722139
0.0685176
0.0712515
0.0734801
0.0719554
0.0770784
0.0735077
0.073235
0.0758605
0.0769282
0.081742
0.0853365
0.085123
0.0898005
0.0883865
0.0897508
0.0893474
0.0881155
0.0866179
0.0931222
0.0920414
0.0910178
0.0871276
0.0844553
0.0917591
0.0975105
0.0955242
0.0928558
0.0914876
0.0861656
0.082769
0.0793844
0.0805508
0.0784797
0.0794344
0.0774863
0.0798881
0.0749296
0.0775425
0.0800978
0.0751591
0.0739439
0.0745253
0.0731149
0.0731945
0.0758565
0.0761468
0.0752142
0.0783895
0.0718163
0.0780314
0.0772567
0.0754692
0.0781479
0.0801253
0.079095
0.0744377
0.0737839
0.0707645
0.0686729
0.0645774
0.0621341
0.0642298
0.0661808
0.0676188
0.0703428
0.065054
0.0659166
0.0657442
0.063057
0.0582672
0.0590766
0.0603737
0.056954
0.0591942
0.056993
0.0555406
0.0583431
0.0593569
0.058186
0.0544341
0.0589243
0.0539782
0.0553747
0.0588379
0.0605529
0.0579572
0.0543561
0.0540767
0.0555914
0.0570456
0.061115
0.0616018
0.0625344
0.0638898
0.0681734
0.0671068
0.071987
0.0687727
0.0657358
0.0705113
0.072735
0.0769822
0.0784253
0.0800689
0.0791489
0.0738477
0.0653017
0.0685553
0.0692766
0.0690387
0.0718527
0.0735794
0.0720491
0.0752868
0.0747319
0.0717631
0.0695723
0.0661248
0.0617445
0.0615302
0.0661299
0.065062
0.0660862
0.0645247
0.064896
0.0641658
0.064993
0.0659415
0.0662459
0.0681331
0.0691265
0.0696816
0.0720316
0.0697554
0.0707625
0.0737124
0.0741201
0.0720543
0.0704969
0.0707914
0.066409
0.0694853
0.0700941
0.0762774
0.0770472
0.0754803
0.0765702
0.0727907
0.0710521
0.068133
0.0668883
0.06454
0.0692172
0.0665284
0.0695874
0.0665755
0.0655821
0.0683825
0.0656335
0.0667969
0.0631904
0.0648135
0.0605912
0.060117
0.0589925
0.0582982
0.0623369
0.0654747
0.0611861
0.0574566
0.0562386
0.0624365
0.0585862
0.0543152
0.0537883
0.0571133
0.0601488
0.0637683
0.064928
0.0663047
0.0607706
0.0610327
0.0629344
0.0600375
0.0562453
0.0566866
0.0592872
0.0574204
0.0596029
0.0582477
0.0558718
0.0573122
0.0548752
0.0573656
0.0573393
0.0639036
0.0657084
0.068637
0.0636047
0.0666098
0.0680734
0.0674486
0.0656633
0.0713002
0.0681087
0.0632159
0.0635495
0.059513
0.0558968
0.0470085
0.0456797
0.0422964
0.0456213
0.048957
0.0432022
0.0432166
0.0412935
0.0424452
0.0462647
0.0426392
0.0455675
0.0441609
0.0486143
0.0537984
0.0608989
0.0642602
0.0702223
0.0715065
0.0722465
0.0725051
0.0695921
0.0667955
0.066724
0.0641699
0.0650591
0.0680216
0.0664656
0.0726525
0.0728476
0.0717603
0.0802417
0.0875394
0.0867672
0.0860229
0.0830376
0.0870582
0.0877469
0.0909363
0.0868974
0.085529
0.0875775
0.090187
0.0863697
0.0855248
0.0840151
0.0835502
0.0861978
0.0839911
0.0828634
0.0756179
0.0755663
0.0748909
0.070605
0.0683767
0.0689446
0.0696486
0.0759147
0.0768227
0.0749048
0.0798431
0.0770116
0.0766649
0.0744861
0.0692718
0.0703836
0.0748856
0.0743703
0.0684923
0.0634733
0.0633372
0.0620722
0.0651373
0.0656989
0.0653196
0.069691
0.065604
0.0668099
0.0677586
0.0705052
0.0674573
0.0692107
0.0666659
0.0613983
0.0667538
0.0722892
0.074095
0.0811968
0.0813285
0.0827319
0.0791816
0.0864308
0.0856769
0.0782591
0.0791857
0.08079
0.0807314
0.0816613
0.0839943
0.0843422
0.0869065
0.0888007
0.0890826
0.0936453
0.088231
0.0856644
0.0884968
0.0898266
0.0894761
0.0886248
0.0863646
0.0875803
0.0870714
0.0865832
0.0876702
0.0860834
0.0861401
0.0880039
0.0886362
0.0944298
0.0956385
0.0987402
0.101189
0.0975925
0.0948777
0.092588
0.09858
0.0949611
0.0941238
0.0940731
0.0919765
0.0919888
0.0940512
0.0915865
0.0987543
0.101429
0.0968133
0.0984066
0.101247
0.102896
0.0974158
0.0985686
0.104297
0.10157
0.0985319
0.0972958
0.0941626
0.096304
0.100639
0.096517
0.0979687
0.097517
0.0999724
0.100273
0.100057
0.100122
0.105598
0.101077
0.100979
0.101311
0.0983108
0.096123
0.093791
0.0889296
0.0924958
0.09033
0.091057
0.10361
0.106071
0.106731
0.108912
0.110805
0.113126
0.113601
0.107586
0.110314
0.11295
0.114667
0.11564
0.120674
0.121501
0.118761
0.116113
0.117175
0.119072
0.119234
0.121823
0.11588
0.109965
0.110041
0.10939
0.108047
0.10911
0.108594
0.108438
0.104468
0.103377
0.105373
0.102985
0.103669
0.103243
0.107652
0.106462
0.102743
0.105674
0.104635
0.0991373
0.103292
0.104259
0.103057
0.101776
0.101933
0.093712
0.089761
0.0911683
0.0974909
0.100849
0.0985778
0.0957004
0.0955015
0.0932947
0.092208
0.0882661
0.0831361
0.0853452
0.0893566
0.0902015
0.0929174
0.0862122
0.0861551
0.0851185
0.0867628
0.0875995
0.0896361
0.0922544
0.0871876
0.0899186
0.0869472
0.0794536
0.0800862
0.0815799
0.077453
0.0823495
0.0895421
0.0884174
0.0885817
0.0848163
0.0823428
0.0812164
0.0762647
0.0757091
0.0762258
0.0847808
0.0860004
0.0885042
0.0868895
0.0880758
0.0888902
0.0903235
0.0903197
0.0891842
0.0868932
0.0844359
0.0880045
0.087927
0.0909921
0.0924161
0.0929177
0.0954469
0.0903866
0.0909144
0.0914546
0.0872223
0.0842746
0.0799705
0.0808284
0.0772337
0.0805038
0.0806456
0.0753474
0.0753967
0.076312
0.0793536
0.0766905
0.0761157
0.0743411
0.0732256
0.0792651
0.0804455
0.0793166
0.0832158
0.0856303
0.0813705
0.0838214
0.0859153
0.0821251
0.0795127
0.0771436
0.0782147
0.0740832
0.0735349
0.0758748
0.0738529
0.0701106
0.0709308
0.0711456
0.0691182
0.0728076
0.0732184
0.0728003
0.0710848
0.0668526
0.0757068
0.0742122
0.067568
0.0722755
0.0730444
0.0730125
0.0728291
0.0718546
0.0763593
0.0812684
0.0834699
0.0791773
0.0777521
0.0815379
0.085157
0.0836714
0.0795798
0.0876724
0.0889769
0.0839573
0.0813396
0.0791788
0.0783964
0.0823673
0.0805993
0.0797345
0.081595
0.0772558
0.0750145
0.0709816
0.0662391
0.0684149
0.0670255
0.0682758
0.0662647
0.0654026
0.0654978
0.0638703
0.0646263
0.0634305
0.0634173
0.0613303
0.059711
0.06016
0.060631
0.0625219
0.0606441
0.0582636
0.0559605
0.0579278
0.0590358
0.0588964
0.0626631
0.0629443
0.0609352
0.061284
0.0587542
0.0593938
0.0561781
0.0593296
0.0585614
0.0554532
0.0574078
0.0531902
0.0614642
0.0642085
0.0662393
0.0674686
0.0634311
0.0606443
0.0589868
0.0629033
0.0608585
0.0615941
0.063363
0.0650558
0.063489
0.0607874
0.0646225
0.0665324
0.0701523
0.0725581
0.0722475
0.0628161
0.0622187
0.0665508
0.0685706
0.0725969
0.0759003
0.0742513
0.0751768
0.0719916
0.072047
0.0689865
0.0722455
0.0705906
0.0718049
0.075989
0.0728563
0.0704632
0.066014
0.0660763
0.0630582
0.0591929
0.0573761
0.0553254
0.053874
0.0545454
0.054775
0.059809
0.0616006
0.0634968
0.0612429
0.060396
0.0661093
0.0667632
0.0613387
0.0631879
0.0603871
0.0620739
0.0599789
0.0551121
0.0564475
0.0556416
0.0585381
0.060902
0.060595
0.0580228
0.0595426
0.052809
0.0542018
0.0532961
0.0563772
0.0582404
0.0545483
0.0561219
0.052704
0.0534645
0.0436971
0.04515
0.0459875
0.0425367
0.0396576
0.0426592
0.0397057
0.0360467
0.0389718
0.0393639
0.0391619
0.0434681
0.0463502
0.0495058
0.0515474
0.0474557
0.0472609
0.0449561
0.0534757
0.0514176
0.0529922
0.053315
0.0523181
0.0552186
0.0517549
0.0489366
0.0458686
0.0506212
0.0445962
0.050162
0.0532237
0.0539066
0.059168
0.0581589
0.059353
0.0608816
0.0589642
0.0567512
0.0517293
0.052993
0.0532938
0.0515154
0.0538502
0.054688
0.0541742
0.0562695
0.0524758
0.0513401
0.0531187
0.0522259
0.0488997
0.0445994
0.0445435
0.0468552
0.0459601
0.0429066
0.0470095
0.0480962
0.0445629
0.0405406
0.0406868
0.042402
0.0401122
0.0378469
0.041362
0.0402816
0.0370565
0.0451567
0.0511513
0.0479114
0.0467071
0.0433096
0.0408428
0.0391682
0.0380305
0.0368809
0.0388847
0.0366633
0.0374774
0.035819
0.0398666
0.0431101
0.0416519
0.0473141
0.0480563
0.0451465
0.0505799
0.0465795
0.0433686
0.0385809
0.0398557
0.0386538
0.0350107
0.0345711
0.0333615
0.0318063
0.0287238
0.0321174
0.0303932
0.0332407
0.0316685
0.0317923
0.0355299
0.0315425
0.030537
0.0356113
0.0379976
0.0349817
0.0364824
0.038126
0.0389997
0.0298224
0.0295576
0.0310901
0.0306896
0.0271371
0.0284437
0.0282362
0.0345783
0.0355026
0.03553
0.0317629
0.0329749
0.0380305
0.0390681
0.0357111
0.0344594
0.037244
0.0377347
0.0329576
0.0316102
0.0276569
0.0276764
0.0320352
0.0340131
0.037847
0.0343065
0.0316164
0.0320234
0.0295191
0.0333937
0.0347044
0.0322852
0.0350619
0.0360078
0.036237
0.0310525
0.0352795
0.0425161
0.0421454
0.0375246
0.0417275
0.044396
0.0394723
0.0410615
0.0435591
0.0427231
0.0439116
0.0422778
0.0388856
0.0405266
0.0369173
0.0348311
0.0374153
0.0426915
0.0445196
0.0465998
0.0450022
0.0437449
0.0410592
0.0411774
0.0416279
0.0441533
0.0444117
0.0409599
0.0388994
0.0320675
0.0370226
0.0350408
0.0331754
0.0329975
0.0305263
0.0305526
0.0329967
0.0382016
0.0394244
0.0360049
0.0304052
0.0308303
0.0293381
0.0297828
0.0337708
0.0373613
0.0349291
0.0350209
0.0417658
0.0413905
0.0415463
0.0374799
0.0429215
0.0428665
0.0398674
0.039099
0.0373254
0.0455213
0.0507366
0.0569558
0.0529835
0.0553556
0.0497529
0.0554512
0.0497745
0.0540785
0.0549739
0.0585329
0.054017
0.0556134
0.058732
0.0539608
0.047716
0.0471665
0.0433273
0.0449918
0.0475949
0.0504381
0.0433964
0.0401952
0.0373087
0.0345313
0.0356651
0.0350143
0.038995
0.0398897
0.0412433
0.0404791
0.0401685
0.0409461
0.0354958
0.0358044
0.0339826
0.0341703
0.0336663
0.0357605
0.0372105
0.0396803
0.0353735
0.0382456
0.0362256
0.0279303
0.0306401
0.0331677
0.033301
0.0296149
0.0337259
0.0344808
0.0339588
0.0277496
0.0296438
0.022273
0.0209248
0.0262755
0.0276929
0.0248654
0.0273349
0.0268545
0.023728
0.0268063
0.0205494
0.0218354
0.0156809
0.0159533
0.0177822
0.0176176
0.0162709
0.0236072
0.0245574
0.0242404
0.0238227
0.0222366
0.0239066
0.0290279
0.033937
0.0349272
0.03153
0.0335873
0.0330713
0.0336309
0.0281993
0.0262523
0.0309503
0.0326757
0.0312708
0.0358374
0.0315609
0.0283566
0.0235496
0.0255634
0.0307084
0.0314086
0.0295569
0.0304735
0.0323911
0.0338546
0.0328818
0.0338097
0.0321413
0.0280049
0.0261544
0.025654
0.026311
0.0256125
0.0286629
0.0221007
0.0213369
0.0193687
0.0226495
0.0219565
0.0245076
0.0227709
0.0230161
0.0201414
0.0199907
0.0207872
0.0273138
0.0272752
0.0305045
0.0298093
0.0310862
0.0331677
0.0344361
0.0302293
0.0375444
0.0359607
0.0382841
0.0415792
0.0422072
0.0403945
0.037293
0.0369892
0.0295825
0.0316196
0.0348741
0.0333386
0.0315529
0.0317293
0.0295231
0.0367723
0.0377914
0.0413201
0.0438529
0.0463467
0.0437684
0.0443576
0.0385644
0.0372125
0.0333388
0.034671
0.0386002
0.0322383
0.0298606
0.0336576
0.031636
0.0338658
0.0305694
0.0363663
0.0338014
0.0322617
0.0317852
0.0317564
0.0364979
0.0385456
0.0400758
0.0382773
0.0356542
0.0390921
0.0429401
0.0468018
0.0474821
0.0469121
0.0419116
0.0442761
0.0456865
0.0460626
0.0459024
0.0493722
0.0510921
0.0595242
0.0596929
0.0558392
0.054042
0.0505422
0.0408576
0.0413114
0.040162
0.0383447
0.0376301
0.0337583
0.0347036
0.0373328
0.038479
0.0404326
0.046033
0.0489654
0.0517051
0.0472812
0.0416771
0.0434063
0.0445157
0.0514227
0.0471051
0.0495837
0.0490458
0.048459
0.0453626
0.043382
0.043643
0.0416081
0.0396831
0.0370236
0.0351214
0.0328288
0.0339622
0.0341711
0.0317512
0.0358476
0.0378946
0.0354781
0.0359394
0.0376179
0.0409139
0.0414519
0.0422447
0.0433346
0.0431264
0.0470403
0.0417298
0.0433896
0.0500767
0.0451177
0.0453575
0.0447992
0.0458942
0.0481358
0.0482188
0.0481283
0.0469333
0.047133
0.0441055
0.0439187
0.041019
0.0429752
0.0442683
0.0428942
0.0461634
0.0439418
0.0377991
0.0439953
0.0415816
0.0426006
0.0530313
0.0492072
0.0456731
0.0405173
0.0410713
0.0333999
0.0324033
0.0311159
0.0378879
0.0370657
0.0363075
0.0310634
0.0336384
0.0376329
0.036401
0.0280336
0.0318582
0.0327201
0.0376994
0.036521
0.0378269
0.0430748
0.0416891
0.0430749
0.0392894
0.0375553
0.0374596
0.0348815
0.037134
0.0304659
0.0383586
0.0412677
0.0384339
0.0403233
0.0399469
0.0380782
0.0332579
0.0383943
0.0381819
0.0392827
0.0429502
0.0456411
0.0471531
0.0408954
0.0435486
0.0388188
0.0403284
0.0350263
0.0401038
0.039856
0.0412172
0.0380744
0.0337264
0.0343765
0.0359793
0.0325944
0.0333079
0.0343596
0.0363652
0.0412549
0.047683
0.0471627
0.0445664
0.0428564
0.0445561
0.0443337
0.045261
0.0462566
0.0450088
0.0455561
0.0425118
0.0399785
0.0394949
0.0400187
0.0403109
0.0418036
0.0437542
0.0402561
0.0422855
0.046914
0.0412551
0.0458354
0.0391351
0.0434746
0.0441014
0.0452942
0.0446232
0.0444601
0.0482032
0.0487113
0.0440335
0.0482314
0.0520393
0.0517578
0.0562035
0.0553484
0.0565329
0.0566463
0.0571099
0.052837
0.0547727
0.0535951
0.0554703
0.0542306
0.0564531
0.0623005
0.065117
0.0617789
0.0620969
0.0590743
0.0597422
0.0567044
0.0533867
0.0571364
0.0502592
0.0527759
0.0507235
0.04988
0.0505937
0.0499664
0.0450632
0.0381991
0.0375411
0.0344988
0.0358728
0.0382459
0.0409919
0.0412671
0.0362653
0.0338038
0.0348029
0.0385259
0.0404503
0.043701
0.0429769
0.0453361
0.0441165
0.0448536
0.0405111
0.0371279
0.0427998
0.0471493
0.0521647
0.0540378
0.0510952
0.0456976
0.0484394
0.0577135
0.0537169
0.0525235
0.0531681
0.0501778
0.046139
0.0512858
0.0491698
0.0533633
0.0464817
0.0452118
0.0490246
0.0480894
0.0483243
0.0502789
0.0493409
0.046453
0.0525018
0.0563751
0.05818
0.0620926
0.0623866
0.0664414
0.0712073
0.0673332
0.070928
0.0720236
0.0738023
0.0723677
0.0749607
0.0744819
0.0715043
0.0699615
0.0684308
0.0687832
0.0647155
0.0666841
0.0656555
0.0662864
0.063192
0.0605799
0.0649342
0.06262
0.0584166
0.0623656
0.0582531
0.0649747
0.0644364
0.0640884
0.0628912
0.0700107
0.0721736
0.0726613
0.0715351
0.0722888
0.0755323
0.0773452
0.0707038
0.0719717
0.0748391
0.0701858
0.0662019
0.0606296
0.0571773
0.0640763
0.063885
0.0675122
0.064827
0.0738226
0.0708616
0.0717927
0.0722919
0.0723216
0.0721682
0.0729959
0.0738558
0.0749775
0.0714963
0.0712856
0.0719097
0.0712109
0.0729376
0.0761577
0.0789383
0.0795609
0.0759606
0.0812564
0.0825721
0.0826915
0.0843603
0.0812212
0.0788526
0.0753081
0.0775857
0.0753641
0.0759421
0.0774054
0.0737253
0.0738852
0.0744846
0.0736073
0.0738648
0.07051
0.0735307
0.0716574
0.07242
0.0693355
0.0736875
0.074029
0.0719575
0.0687979
0.0753621
0.0764626
0.0751182
0.0743196
0.0748287
0.078462
0.0732962
0.0746655
0.0766995
0.081497
0.0814745
0.0840669
0.0842237
0.0825828
0.0825738
0.08662
0.0859732
0.0849905
0.0875965
0.0888696
0.0947159
0.0953247
0.0978413
0.0942888
0.093515
0.0919038
0.0985171
0.098975
0.099141
0.103915
0.101645
0.104117
0.1014
0.10097
0.102462
0.104202
0.103952
0.106372
0.103256
0.0959782
0.0950661
0.0937833
0.0882324
0.0900591
0.0925537
0.0935754
0.0957196
0.0983978
0.0952208
0.0961744
0.099491
0.0967298
0.0940525
0.0965451
0.101257
0.104036
0.107541
0.103191
0.0978899
0.0998195
0.102348
0.104661
0.104699
0.106132
0.106717
0.105587
0.106788
0.113285
0.110963
0.11116
0.111141
0.11001
0.107121
0.110813
0.112515
0.116007
0.116403
0.112674
0.115946
0.118362
0.113371
0.114535
0.113917
0.113082
0.110898
0.113817
0.114556
0.111966
0.117362
0.117084
0.116698
0.114719
0.113134
0.106764
0.116616
0.121404
0.119199
0.118013
0.115989
0.114433
0.121733
0.122541
0.121073
0.121371
0.124536
0.128733
0.123362
0.117436
0.11953
0.120235
0.117932
0.115495
0.110913
0.107938
0.111346
0.119451
0.116089
0.119606
0.119672
0.128909
0.128468
0.128802
0.12884
0.128291
0.127105
0.128279
0.128013
0.127131
0.127332
0.119873
0.119489
0.120837
0.12073
0.116735
0.116609
0.120863
0.121669
0.122684
0.124581
0.121544
0.118431
0.120686
0.11725
0.117475
0.112696
0.111886
0.107116
0.102936
0.0993246
0.0981139
0.101345
0.0982243
0.093644
0.0944918
0.0932721
0.0972632
0.0980903
0.10219
0.10466
0.102303
0.0994006
0.101365
0.0990138
0.100742
0.102232
0.102596
0.100342
0.103468
0.101433
0.105072
0.104997
0.105191
0.106556
0.109021
0.109512
0.109333
0.107895
0.108513
0.109161
0.114702
0.113904
0.108068
0.111917
0.108206
0.103105
0.101849
0.103827
0.0994918
0.102313
0.100781
0.10582
0.0978176
0.100282
0.100391
0.105734
0.104467
0.105346
0.103371
0.102537
0.10091
0.10135
0.0953283
0.0890763
0.090819
0.093201
0.0965452
0.0941121
0.0883069
0.086625
0.0809958
0.0754885
0.0759852
0.0759249
0.0766695
0.0859841
0.0862168
0.0812697
0.081315
0.0767609
0.0780431
0.0801556
0.0829148
0.0858226
0.0855376
0.0874466
0.0876352
0.0863328
0.0838442
0.086682
0.0913944
0.0925351
0.0925932
0.0917867
0.087924
0.0922349
0.0952212
0.0913827
0.0877951
0.0923825
0.0918003
0.0939582
0.0957589
0.097568
0.0950491
0.100359
0.102855
0.105788
0.0968582
0.0962812
0.100198
0.0988334
0.10278
0.100782
0.0956221
0.0956549
0.0873686
0.0927873
0.0931199
0.0811181
0.0897361
0.0921914
0.0905276
0.0889165
0.0867755
0.0801519
0.0776144
0.0783274
0.0842904
0.0849441
0.0857552
0.0892068
0.0958811
0.0939537
0.0927985
0.0868383
0.0836936
0.0831622
0.0806468
0.084669
0.0878754
0.0890186
0.0934977
0.0906802
0.0931986
0.0905855
0.0926839
0.0875966
0.0885292
0.0894579
0.0858728
0.0852365
0.0887344
0.0861841
0.0883414
0.0916125
0.0906805
0.0918684
0.0903742
0.0850896
0.0891587
0.0946365
0.0933999
0.0933307
0.096599
0.100631
0.103694
0.0993101
0.0996078
0.0924588
0.0981773
0.0974283
0.0943777
0.0881598
0.0924435
0.0848209
0.0821918
0.0798794
0.0871949
0.0892833
0.0830378
0.0830665
0.0808216
0.0774621
0.075451
0.0728581
0.0773845
0.0774032
0.0760659
0.0757814
0.0719296
0.0703145
0.0693362
0.0635304
0.0622304
0.0616535
0.068352
0.0690706
0.0682624
0.0687742
0.0659604
0.0727757
0.0691463
0.0711254
0.0776849
0.0768401
0.0780773
0.0805238
0.0839222
0.0810919
0.0830086
0.0820777
0.0837374
0.0765637
0.075601
0.0756307
0.0807237
0.0777666
0.0793367
0.0838414
0.0871965
0.0881546
0.0837708
0.0819622
0.0804547
0.0814839
0.0860002
0.0827155
0.0841611
0.0833102
0.0823566
0.084227
0.0898317
0.0909423
0.0876347
0.0878616
0.0851791
0.0863963
0.0787251
0.0819958
0.0856407
0.0866873
0.0909403
0.0971751
0.097343
0.0939308
0.0932301
0.0884374
0.0795603
0.0847232
0.0817296
0.0831678
0.087398
0.0854061
0.0849398
0.0826228
0.0851474
0.0848678
0.0885113
0.0895704
0.0856187
0.0821927
0.079399
0.082261
0.0815842
0.0797303
0.0758126
0.0750061
0.0728635
0.0731205
0.0721487
0.0771205
0.0765614
0.0755062
0.0753199
0.0769579
0.0809328
0.0815168
0.0810761
0.0849195
0.0856774
0.0835059
0.0867795
0.0839255
0.0826903
0.0805747
0.082405
0.0888494
0.0893196
0.0963175
0.0961355
0.0940399
0.0948622
0.0911826
0.0897385
0.08858
0.0902766
0.0860468
0.086702
0.0843039
0.0856734
0.0877608
0.0916121
0.0911446
0.0912784
0.0900944
0.0924416
0.0941027
0.0975588
0.0989547
0.102608
0.103497
0.104531
0.099466
0.0972658
0.0964882
0.0938225
0.0973955
0.0964501
0.0931418
0.0906196
0.084938
0.085842
0.0844474
0.0856212
0.0822942
0.0715795
0.0764706
0.0772438
0.0731244
0.0653638
0.0635169
0.0608842
0.0593551
0.058594
0.0555243
0.0494003
0.0488611
0.0502254
0.050863
0.0521374
0.0538335
0.0524374
0.053263
0.0521242
0.0493041
0.0508666
0.0571783
0.060085
0.0637203
0.0622408
0.0597193
0.0554596
0.0535862
0.0561894
0.0568377
0.0558859
0.0533616
0.0495211
0.0527202
0.0556766
0.0564916
0.0606828
0.0662627
0.0689721
0.0669517
0.0634517
0.0501167
0.0493366
0.0488103
0.0448985
0.0428028
0.0496469
0.0525543
0.0549545
0.0564743
0.0577124
0.0686351
0.0666701
0.0692036
0.0709649
0.0718834
0.066694
0.07221
0.0733828
0.0724848
0.0760623
0.0709699
0.0732788
0.0767477
0.0742374
0.075118
0.0704282
0.0742068
0.0703729
0.0744238
0.0763373
0.0808176
0.0745998
0.0746041
0.0774594
0.0806212
0.0784312
0.0737678
0.0722414
0.0709338
0.0708116
0.0742683
0.0734057
0.0716558
0.0680533
0.0702039
0.0689323
0.0718947
0.0770036
0.0759566
0.0735149
0.0717125
0.0714778
0.0698376
0.0737906
0.0758845
0.0816336
0.0822755
0.0824515
0.0837506
0.0796885
0.0812572
0.0851971
0.0839163
0.0808689
0.0813834
0.0824464
0.0813599
0.0816314
0.0788678
0.0756083
0.0810052
0.0793493
0.0806047
0.0813308
0.0778246
0.0806624
0.0786742
0.0767499
0.0735676
0.0698259
0.0694245
0.0670817
0.0679644
0.0632757
0.0649876
0.0688932
0.0698404
0.0629888
0.0657569
0.0699886
0.0665085
0.0633548
0.0628371
0.0621347
0.0688209
0.069214
0.0669301
0.0685973
0.0716151
0.0744059
0.073465
0.0753256
0.0769493
0.0713206
0.0710461
0.0732014
0.068964
0.0683467
0.0692388
0.0666707
0.0637186
0.0641002
0.0688992
0.0707831
0.0725392
0.0757281
0.078181
0.0747591
0.0699611
0.0698026
0.0704988
0.0710733
0.0666662
0.0658223
0.0697315
0.0726079
0.0696531
0.0732605
0.0734768
0.0774459
0.0807263
0.0795327
0.0809082
0.0776978
0.0767838
0.0750675
0.0757219
0.0803474
0.0764185
0.0757341
0.0746714
0.0745558
0.0726484
0.0719244
0.0742386
0.0706554
0.0711778
0.0695183
0.074857
0.0740844
0.0705776
0.0661124
0.0691117
0.0671292
0.0649273
0.0701561
0.0738123
0.0712256
0.0719825
0.0746621
0.0748487
0.0680984
0.067275
0.0696466
0.0746035
0.0726821
0.0692009
0.0687284
0.0693807
0.0682277
0.0697108
0.0693903
0.0655977
0.0672423
0.0703439
0.0615969
0.0631749
0.0634216
0.0624491
0.0607684
0.0604914
0.0617638
0.0713524
0.0726319
0.0745446
0.0681673
0.073158
0.0742128
0.0723817
0.0750613
0.0657406
0.0639291
0.0633687
0.0630073
0.066098
0.0649592
0.0652407
0.0630111
0.0625778
0.0613219
0.0626054
0.0606089
0.0606164
0.0666368
0.0657899
0.0700036
0.0713255
0.0705884
0.0691338
0.0740809
0.0729837
0.0746375
0.0722245
0.0675033
0.0676954
0.0668153
0.071346
0.0727024
0.0741781
0.0783213
0.0775035
0.0793285
0.0813956
0.076423
0.0788573
0.0723293
0.0760274
0.0778002
0.0723964
0.0714654
0.0715295
0.0707509
0.0734625
0.0663878
0.0682701
0.0667443
0.0665066
0.0644441
0.0640836
0.0675139
0.0685071
0.0655644
0.0659149
0.0691537
0.0706232
0.074842
0.0754879
0.0741986
0.0786698
0.0787369
0.0801592
0.0826853
0.0830206
0.0792672
0.0760223
0.0764827
0.072955
0.0694222
0.0682889
0.0658351
0.0643092
0.0602108
0.0568185
0.0580083
0.0537398
0.0564774
0.0536446
0.054479
0.0582317
0.0584035
0.055874
0.0594285
0.0650196
0.0659216
0.058517
0.0638158
0.0654425
0.067888
0.0693809
0.0700706
0.0679959
0.077573
0.0714283
0.0700082
0.0659853
0.0660212
0.0706582
0.064696
0.0638538
0.0617812
0.0618226
0.0597345
0.0683047
0.0726184
0.0705014
0.0740148
0.0764599
0.078108
0.0729277
0.0737237
0.0741472
0.0745651
0.0791257
0.0821311
0.0840571
0.0862399
0.0894276
0.0856857
0.0850483
0.0843953
0.0785775
0.0838522
0.0798873
0.0849984
0.0781628
0.0774461
0.077193
0.0776242
0.0817001
0.0792918
0.0834065
0.0819582
0.0830396
0.0795242
0.075799
0.07282
0.0770763
0.0792564
0.0803839
0.0817494
0.0769739
0.076246
0.0764006
0.0777921
0.0813987
0.0830368
0.0818771
0.0783442
0.0789264
0.0770371
0.0738901
0.0760658
0.0786259
0.0784908
0.0785415
0.0730803
0.0728784
0.074711
0.0717957
0.0668596
0.0724151
0.0734983
0.0756457
0.0734259
0.0777995
0.0747412
0.0696363
0.0642403
0.0671594
0.0618671
0.0644847
0.0660138
0.0683158
0.0707853
0.0736222
0.0659468
0.0629921
0.0617318
0.0620666
0.0638294
0.0653628
0.0636589
0.0667828
0.0675969
0.0660603
0.0674211
0.0643795
0.0681948
0.0672223
0.068836
0.0733335
0.0792282
0.080074
0.079344
0.0745428
0.0739931
0.0743974
0.0817169
0.0865474
0.0856939
0.08955
0.0889551
0.084726
0.0867302
0.0821321
0.0809072
0.0829633
0.0864087
0.0909816
0.0898468
0.0898583
0.0959981
0.0942805
0.0919699
0.091697
0.0920471
0.0853262
0.0867777
0.0928611
0.0919952
0.0902013
0.0961753
0.099428
0.100223
0.104597
0.1026
0.107983
0.106884
0.107056
0.103994
0.102022
0.098901
0.102495
0.0975724
0.099133
0.096183
0.097016
0.0949577
0.0889951
0.0865365
0.0960983
0.093411
0.0954501
0.0961743
0.0988592
0.0980333
0.095786
0.0957333
0.0908795
0.0863758
0.0851258
0.0865593
0.0900834
0.0930277
0.0917312
0.0949401
0.0971049
0.0959591
0.0961634
0.0968306
0.0976291
0.102103
0.0968555
0.0961728
0.100796
0.104443
0.106182
0.106391
0.112167
0.111059
0.111308
0.11281
0.108371
0.110867
0.10776
0.103022
0.100796
0.103083
0.106678
0.107761
0.104572
0.104881
0.103556
0.100127
0.10018
0.0988752
0.103065
0.104096
0.105129
0.101245
0.107259
0.104686
0.107565
0.104744
0.104087
0.101696
0.10157
0.106116
0.107636
0.106747
0.110849
0.111455
0.112969
0.110386
0.105937
0.103562
0.105799
0.109051
0.109483
0.120411
0.122369
0.119548
0.116437
0.113663
0.111506
0.110011
0.109403
0.103254
0.103027
0.105896
0.108037
0.104021
0.107248
0.107137
0.11349
0.112248
0.110674
0.109559
0.103882
0.111515
0.110662
0.108089
0.11661
0.116984
0.116125
0.11081
0.111136
0.114555
0.121287
0.125095
0.129493
0.129012
0.125361
0.128348
0.125092
0.127517
0.127062
0.131712
0.12869
0.12522
0.131173
0.133407
0.129352
0.127008
0.121297
0.116785
0.114651
0.11745
0.114581
0.113788
0.113036
0.116796
0.117293
0.117339
0.119048
0.113231
0.112253
0.111546
0.112826
0.109855
0.110151
0.11343
0.110258
0.111474
0.114153
0.112138
0.10871
0.114079
0.115086
0.113752
0.113385
0.109839
0.112245
0.11102
0.110222
0.110571
0.112041
0.114177
0.107159
0.10858
0.112007
0.109454
0.103617
0.106234
0.106934
0.107922
0.112803
0.113883
0.113424
0.109374
0.110004
0.110407
0.103727
0.110283
0.114175
0.11093
0.109269
0.110438
0.109299
0.110647
0.115931
0.117753
0.111561
0.112277
0.114676
0.111202
0.105197
0.104401
0.10035
0.107619
0.107073
0.107465
0.109276
0.109939
0.102429
0.0959288
0.0993075
0.102861
0.097292
0.0969713
0.0951804
0.0915669
0.0928994
0.0939158
0.0922045
0.0888945
0.0923243
0.0924779
0.0907523
0.0908613
0.0898621
0.0883338
0.0812498
0.0862899
0.083453
0.079364
0.0778708
0.0792916
0.0756792
0.0724662
0.0749561
0.0747105
0.0735017
0.0786146
0.0741454
0.0780838
0.0711531
0.0714363
0.0716516
0.0709364
0.0717126
0.0738849
0.0741814
0.0792304
0.0771727
0.0721498
0.0729272
0.0783216
0.077334
0.0807498
0.0823006
0.0839987
0.0792704
0.0819309
0.0795376
0.079933
0.0785746
0.0772061
0.0786093
0.079631
0.0758858
0.0743682
0.0656723
0.0698652
0.070257
0.0699509
0.06562
0.0662999
0.0646665
0.0659
0.0632951
0.0660968
0.0670015
0.0691063
0.0683829
0.0692615
0.0691183
0.0723083
0.0748241
0.0795658
0.0765069
0.0743539
0.0740507
0.0713128
0.0728113
0.0742768
0.075582
0.0683837
0.0704105
0.0722715
0.0681517
0.0750764
0.0790624
0.0750524
0.0709278
0.0692456
0.0701303
0.0673347
0.0679173
0.0664273
0.0703509
0.0597896
0.0588096
0.056668
0.0592172
0.0658352
0.0623415
0.0647469
0.062093
0.0632882
0.0643085
0.0613574
0.0655883
0.0603424
0.0640179
0.0616947
0.0630545
0.0650999
0.0593071
0.0615963
0.0629377
0.0657584
0.0568854
0.0569465
0.0631038
0.0640646
0.0631795
0.068148
0.0718122
0.072876
0.0798212
0.0808462
0.0799857
0.0799765
0.0789268
0.073435
0.0712662
0.0721591
0.0657885
0.06381
0.0578384
0.059752
0.0621005
0.0663926
0.0702053
0.0673688
0.0679538
0.0631262
0.0610441
0.0624528
0.0642572
0.0663024
0.0700133
0.0705836
0.0699557
0.0696416
0.0642937
0.0671788
0.061402
0.0643003
0.0650472
0.0637864
0.0696694
0.0704051
0.0713999
0.0738003
0.0761881
0.0763278
0.071607
0.0732917
0.073565
0.0755719
0.0687419
0.0711894
0.0616171
0.0628955
0.0625272
0.0633004
0.0674758
0.0617902
0.0625125
0.0658864
0.0652876
0.0642667
0.0692709
0.0675975
0.0653619
0.065705
0.0626984
0.0634815
0.0664179
0.0656599
0.0685749
0.0678314
0.0686899
0.0699656
0.075435
0.0749887
0.074015
0.0721428
0.0675225
0.061314
0.0613632
0.0634912
0.0632828
0.0630843
0.0655655
0.0667737
0.0657917
0.0636143
0.0658948
0.0620738
0.0664208
0.0705331
0.0697349
0.0703514
0.0730648
0.0715136
0.0770703
0.0801244
0.0786661
0.0789595
0.0797564
0.0826517
0.0811469
0.0782662
0.076572
0.0771991
0.074517
0.0728075
0.0727315
0.0744601
0.0708565
0.0705954
0.0683668
0.0638832
0.0613152
0.0625009
0.0606226
0.0665273
0.0633595
0.0615061
0.06595
0.0576002
0.0537723
0.0557456
0.0556424
0.0529157
0.0536429
0.0567947
0.0608842
0.0582488
0.0591541
0.0547853
0.0516521
0.0550715
0.052651
0.0581175
0.0595227
0.0624141
0.058485
0.0578634
0.0575798
0.0585277
0.0588266
0.0627592
0.0627633
0.0636927
0.0682127
0.0697558
0.0704679
0.0720863
0.0727159
0.0807477
0.0826817
0.0810764
0.0815796
0.0784041
0.075125
0.0773045
0.0732368
0.073326
0.0774224
0.0728423
0.0737061
0.0787452
0.0766819
0.0750477
0.080359
0.0759223
0.0780076
0.0787105
0.0767225
0.0707034
0.0745842
0.076395
0.0841533
0.0835227
0.0847533
0.083813
0.0848392
0.0812253
0.0776302
0.0730099
0.0722617
0.0673184
0.0692996
0.0738501
0.0749551
0.0768442
0.0737738
0.0694913
0.0721343
0.077174
0.0773285
0.0769834
0.0759804
0.0740964
0.0771382
0.0768382
0.0800435
0.079361
0.0784933
0.0777877
0.0818002
0.0859091
0.0892151
0.0861169
0.0869263
0.0846097
0.0867546
0.0868707
0.087135
0.0860275
0.0860914
0.0887611
0.0936912
0.0930421
0.0975035
0.101103
0.100467
0.0964999
0.093147
0.093741
0.0915544
0.097424
0.0978944
0.0908839
0.0967882
0.0956979
0.0992073
0.101411
0.102598
0.0996868
0.100869
0.100692
0.0993493
0.0970562
0.0946494
0.092252
0.0872943
0.0883356
0.0864187
0.0889086
0.0910713
0.0884606
0.0883127
0.0893035
0.0869479
0.0888598
0.0891141
0.088458
0.0863383
0.0897281
0.0913345
0.0895623
0.0956236
0.0982997
0.0988909
0.0985719
0.102578
0.0932671
0.0964746
0.092701
0.0933191
0.0869965
0.0851294
0.0851119
0.0893539
0.0881331
0.0835482
0.0853857
0.0869178
0.0862529
0.0847468
0.0812762
0.0829534
0.0822548
0.0904543
0.0923725
0.098977
0.101056
0.100896
0.0995762
0.0970568
0.100348
0.104427
0.0997821
0.10159
0.10309
0.109581
0.112979
0.109348
0.106939
0.104955
0.0989571
0.103132
0.101334
0.10125
0.104125
0.0974429
0.0961919
0.101269
0.106276
0.105136
0.10622
0.110817
0.110722
0.106949
0.106901
0.103917
0.106763
0.107999
0.114013
0.108993
0.100984
0.105897
0.106803
0.0999982
0.0993432
0.0988718
0.101096
0.0996678
0.0985808
0.10025
0.10197
0.101339
0.105007
0.105173
0.110117
0.112153
0.106241
0.101977
0.0989238
0.098559
0.0963455
0.0954951
0.0866992
0.079702
0.0814184
0.0816229
0.086876
0.0843222
0.0884661
0.0847698
0.0875204
0.0855687
0.08441
0.0818184
0.0855699
0.0891765
0.0872314
0.0881017
0.0830973
0.090953
0.101582
0.101018
0.0991807
0.0978037
0.101797
0.107445
0.112775
0.106088
0.104127
0.106031
0.102434
0.10373
0.105473
0.102783
0.100643
0.0976913
0.103287
0.106381
0.107694
0.108941
0.110744
0.106143
0.103455
0.106372
0.106137
0.106323
0.108001
0.102515
0.0997954
0.099509
0.0957361
0.0964197
0.0971813
0.0998394
0.100008
0.104317
0.100028
0.0988046
0.0988946
0.100481
0.0995059
0.0988857
0.0998837
0.0939065
0.100015
0.100235
0.0991951
0.100838
0.0958159
0.0985658
0.0976809
0.0995359
0.101118
0.103462
0.103166
0.106345
0.103347
0.0985657
0.102273
0.104769
0.10192
0.0999646
0.104846
0.105989
0.111665
0.110947
0.111806
0.110098
0.106287
0.106726
0.110604
0.107192
0.106105
0.107706
0.111371
0.110976
0.107003
0.104685
0.10188
0.0977213
0.0988934
0.104201
0.105612
0.102673
0.0953283
0.0965523
0.0919351
0.0937739
0.0935022
0.0923618
0.0841098
0.0901943
0.0851618
0.0911197
0.0948289
0.0971531
0.0975144
0.101028
0.101044
0.0917733
0.091866
0.0879417
0.0900906
0.0887689
0.0903633
0.0901182
0.091217
0.0889525
0.0919471
0.0905014
0.0947927
0.0994255
0.101517
0.101533
0.0995847
0.105307
0.105568
0.105829
0.10903
0.111044
0.113095
0.110088
0.109173
0.10731
0.114081
0.113502
0.1108
0.114221
0.110215
0.111413
0.11252
0.114489
0.112185
0.107405
0.105781
0.100322
0.0931567
0.0963924
0.0977186
0.0943432
0.0934875
0.0935424
0.0947906
0.0970264
0.0937647
0.0940764
0.0981826
0.0991729
0.102995
0.102664
0.107148
0.10275
0.0997623
0.0987953
0.0987711
0.0950726
0.0927502
0.0942654
0.0959371
0.0943342
0.0964727
0.0913334
0.0893664
0.0938184
0.0940155
0.0968179
0.098779
0.100516
0.100377
0.0968685
0.0960206
0.0959311
0.0944148
0.0962022
0.102631
0.101653
0.107683
0.109897
0.109087
0.108858
0.108581
0.11233
0.104881
0.103196
0.0958332
0.10075
0.104991
0.102667
0.105873
0.109019
0.110344
0.106771
0.105138
0.102992
0.100049
0.105453
0.100948
0.103235
0.102535
0.099387
0.101053
0.0999282
0.0974247
0.0978935
0.0974805
0.0981023
0.093958
0.100281
0.102384
0.1001
0.0993637
0.0941031
0.0995137
0.0945034
0.102044
0.109151
0.108453
0.102144
0.0997581
0.099928
0.104306
0.111181
0.104252
0.0999339
0.10568
0.101875
0.0970743
0.0921698
0.0912498
0.0869587
0.089806
0.0898392
0.08289
0.0816377
0.0856855
0.0870938
0.0850001
0.0830121
0.0823824
0.0798245
0.0819769
0.0889016
0.0955244
0.0898934
0.0947783
0.095265
0.0931879
0.0923275
0.0942108
0.0944457
0.0955084
0.0940532
0.0941772
0.10171
0.0998326
0.0975169
0.0994545
0.10137
0.0992852
0.10327
0.103634
0.100342
0.0977079
0.090124
0.0906377
0.0891156
0.0885725
0.0909506
0.0893002
0.0935952
0.0943286
0.094334
0.0914705
0.0916908
0.0919549
0.0878822
0.0850868
0.0846228
0.0871868
0.0843062
0.0850714
0.0848898
0.0876972
0.0855714
0.0854686
0.0840942
0.0792007
0.0789351
0.0828673
0.0840266
0.083586
0.0828289
0.0824999
0.0818646
0.0850022
0.0867732
0.0902518
0.0912406
0.0936349
0.0870616
0.0904754
0.0901155
0.0857172
0.0858852
0.0834752
0.0829804
0.0862567
0.0847604
0.0789078
0.0872876
0.0867305
0.0850118
0.0907161
0.0902196
0.0946608
0.0960502
0.0971687
0.0885746
0.0925409
0.0945474
0.0942873
0.0959403
0.0947233
0.0985594
0.103176
0.104876
0.100541
0.0998449
0.0990577
0.0902563
0.0863331
0.0808331
0.0815423
0.0822333
0.0818899
0.0829712
0.079841
0.0856158
0.089661
0.0886355
0.0945672
0.0914291
0.0963748
0.100187
0.101194
0.104123
0.101105
0.101531
0.103569
0.107258
0.106274
0.100318
0.107879
0.106938
0.102828
0.103512
0.10084
0.105587
0.107353
0.104772
0.107037
0.105297
0.102396
0.102006
0.102725
0.0995848
0.0959058
0.0983037
0.0989357
0.106268
0.109518
0.110218
0.111008
0.110194
0.109285
0.107571
0.109635
0.112159
0.110244
0.110811
0.106601
0.101752
0.101448
0.101712
0.100539
0.103487
0.104043
0.103431
0.104767
0.103319
0.104384
0.105681
0.108506
0.109104
0.111964
0.109703
0.107483
0.109776
0.112409
0.115759
0.11819
0.120424
0.11979
0.117573
0.117664
0.11793
0.115214
0.106708
0.108331
0.111165
0.110517
0.111497
0.117194
0.126694
0.122783
0.126193
0.123302
0.12196
0.121682
0.122335
0.118516
0.122179
0.120666
0.11718
0.116078
0.113326
0.111164
0.118855
0.120151
0.121751
0.121272
0.123717
0.118806
0.120186
0.118224
0.116726
0.11744
0.115202
0.117073
0.117713
0.115608
0.117144
0.117617
0.118425
0.115703
0.113105
0.110097
0.108725
0.105365
0.101134
0.0990359
0.0965925
0.0993341
0.102236
0.104609
0.104444
0.107534
0.101346
0.103985
0.105485
0.110342
0.112183
0.113185
0.109749
0.10823
0.107137
0.101849
0.104648
0.102465
0.105766
0.102718
0.101553
0.103206
0.102356
0.10169
0.101441
0.100764
0.109676
0.105221
0.103731
0.104549
0.108538
0.107831
0.102742
0.102966
0.100927
0.107606
0.105827
0.108426
0.103581
0.105998
0.103849
0.105014
0.106507
0.103743
0.104683
0.102348
0.0991163
0.0948848
0.098217
0.0927348
0.0965402
0.0961665
0.0968254
0.0936771
0.0937224
0.0934163
0.097879
0.101478
0.0984584
0.0937954
0.0878574
0.095248
0.0908629
0.0883633
0.0874924
0.0870698
0.0905983
0.0889903
0.085533
0.0865865
0.085416
0.086454
0.0902262
0.0953295
0.0946693
0.100323
0.0997514
0.0982787
0.0994696
0.101258
0.100939
0.104482
0.100332
0.102158
0.096979
0.102698
0.104508
0.107816
0.105807
0.0977937
0.099801
0.102542
0.108587
0.107611
0.104943
0.109102
0.110165
0.114796
0.11514
0.117011
0.113504
0.113856
0.111985
0.106113
0.101649
0.103996
0.102239
0.0989421
0.0986827
0.0947237
0.0899035
0.0896103
0.0923595
0.0842476
0.0830416
0.0783531
0.0774573
0.0716363
0.071155
0.0760199
0.078449
0.0764525
0.0761757
0.0796461
0.0810585
0.0872149
0.0920188
0.089022
0.0918767
0.089003
0.0851816
0.0826032
0.0891231
0.0929424
0.0874135
0.0898856
0.0906604
0.0927683
0.0861951
0.0892319
0.0892292
0.087343
0.0794942
0.0768706
0.0802384
0.0801551
0.0828243
0.0853477
0.0801155
0.0812472
0.0821304
0.0866635
0.0818503
0.0882829
0.0813387
0.0757529
0.0790297
0.081944
0.0823967
0.0831393
0.08496
0.0816077
0.0797248
0.0825758
0.0849526
0.0837691
0.0808848
0.0784095
0.0821039
0.0805064
0.0872051
0.0925767
0.0933486
0.0967884
0.0996423
0.101894
0.108737
0.107999
0.111403
0.114113
0.113218
0.114123
0.109975
0.10665
0.110847
0.105683
0.104889
0.106617
0.103581
0.104335
0.100872
0.0967965
0.0906869
0.0829555
0.079811
0.0806183
0.0779082
0.0883835
0.0912596
0.0945839
0.0999825
0.10067
0.105967
0.0974968
0.100211
0.0969191
0.0982106
0.0964205
0.0907536
0.0959792
0.0940312
0.096625
0.0923713
0.0866971
0.0878959
0.0892918
0.0840252
0.0835826
0.0873244
0.0886833
0.0943445
0.0957412
0.0983196
0.100041
0.0994062
0.0985936
0.0965014
0.0977721
0.100013
0.0998354
0.0977591
0.101859
0.099795
0.102555
0.105919
0.107636
0.103068
0.100372
0.0977911
0.097284
0.0981929
0.0963142
0.0960359
0.0963331
0.0955419
0.0973252
0.0978376
0.101723
0.106884
0.113824
0.123657
0.120651
0.123174
0.12126
0.121563
0.118596
0.117221
0.113719
0.112942
0.113767
0.113412
0.113301
0.108161
0.11274
0.112566
0.107892
0.108894
0.100845
0.0987615
0.101055
0.103154
0.101776
0.102063
0.104113
0.106053
0.106761
0.112329
0.113236
0.109835
0.105742
0.112695
0.111342
0.10935
0.11017
0.106571
0.105759
0.106465
0.10679
0.110448
0.111298
0.107856
0.105943
0.103559
0.106894
0.103766
0.0939487
0.0979012
0.103485
0.105426
0.0980209
0.103772
0.105853
0.101866
0.10346
0.100174
0.104163
0.0982692
0.10044
0.101348
0.0971951
0.0970957
0.095536
0.0941599
0.0926616
0.0917087
0.0960576
0.0941526
0.100211
0.103804
0.103577
0.103313
0.102091
0.100802
0.0991791
0.0937415
0.0913639
0.092229
0.0892669
0.0961418
0.101965
0.100067
0.0986913
0.100483
0.102492
0.104993
0.103995
0.108023
0.104934
0.105698
0.109675
0.105914
0.107792
0.106999
0.105971
0.103272
0.10154
0.102252
0.103809
0.101009
0.101104
0.098851
0.101375
0.10619
0.10563
0.0986128
0.0955467
0.0942131
0.0916458
0.0905202
0.0890137
0.0877041
0.0939296
0.0947818
0.0939789
0.0941735
0.0970022
0.0932225
0.0900633
0.0986738
0.102169
0.092798
0.0897872
0.0889814
0.0883437
0.0923829
0.0947823
0.0940639
0.0945205
0.0978007
0.0984375
0.100313
0.103044
0.101209
0.100402
0.103525
0.10074
0.106205
0.107298
0.104776
0.10693
0.108592
0.108324
0.10851
0.108225
0.10639
0.112582
0.113744
0.108412
0.107848
0.107448
0.112577
0.113414
0.113001
0.110452
0.109913
0.108478
0.0986965
0.0947601
0.0975962
0.0948243
0.0943596
0.0940696
0.0969527
0.102085
0.102074
0.1048
0.108211
0.10761
0.103881
0.106152
0.0984601
0.0968447
0.0989207
0.102313
0.100438
0.097207
0.0972109
0.10409
0.0978534
0.0941495
0.0954167
0.100741
0.0982709
0.0989862
0.094801
0.0984741
0.10225
0.0975867
0.0995016
0.0970705
0.102447
0.106367
0.105362
0.102921
0.10137
0.106676
0.111434
0.112421
0.113474
0.112239
0.109976
0.107125
0.103073
0.107056
0.109818
0.108703
0.104821
0.100918
0.0992419
0.101025
0.106228
0.104573
0.106746
0.107473
0.106056
0.105588
0.111121
0.109595
0.112871
0.112646
0.109429
0.11018
0.111249
0.1087
0.107756
0.105447
0.106859
0.112186
0.107986
0.106278
0.106418
0.101613
0.103973
0.103888
0.102197
0.101249
0.102419
0.101136
0.106189
0.107113
0.10608
0.104296
0.102542
0.100654
0.0994238
0.0895112
0.0961344
0.103386
0.107431
0.106351
0.100942
0.100218
0.0972205
0.092874
0.0965067
0.097772
0.0972644
0.10027
0.0989371
0.0929256
0.0969543
0.101724
0.105695
0.107114
0.108739
0.110401
0.110506
0.111825
0.115025
0.114242
0.11626
0.11529
0.11194
0.112965
0.11539
0.116216
0.112626
0.107852
0.111572
0.108831
0.114355
0.114335
0.118817
0.119119
0.117342
0.117203
0.113231
0.108303
0.112038
0.109977
0.105603
0.110876
0.109263
0.103666
0.100576
0.0997723
0.098594
0.106383
0.111999
0.112013
0.113509
0.114433
0.109636
0.113732
0.11535
0.11664
0.114921
0.113578
0.114745
0.116796
0.119576
0.117936
0.120133
0.119538
0.11473
0.108239
0.111567
0.112594
0.111757
0.117342
0.111254
0.112335
0.111227
0.114079
0.110257
0.112055
0.110367
0.11266
0.117981
0.114191
0.118725
0.118432
0.11937
0.12484
0.120872
0.12779
0.12279
0.124916
0.128114
0.130181
0.130062
0.132357
0.13387
0.139139
0.136336
0.140877
0.140175
0.134946
0.12939
0.128275
0.130399
0.1314
0.13403
0.13181
0.133061
0.134943
0.137476
0.136378
0.134779
0.13224
0.137671
0.136202
0.136296
0.138905
0.134946
0.137009
0.135852
0.135717
0.130482
0.125548
0.127684
0.127794
0.130454
0.128741
0.13242
0.127635
0.121533
0.11987
0.11859
0.115873
0.115905
0.117606
0.116756
0.110438
0.109132
0.110755
0.106798
0.108798
0.104377
0.104026
0.104363
0.0975428
0.0966652
0.100894
0.107104
0.111793
0.109876
0.112608
0.112312
0.109428
0.109058
0.106708
0.100268
0.10751
0.105373
0.102338
0.102221
0.109694
0.107122
0.107582
0.103754
0.106371
0.100095
0.102155
0.0982246
0.0999248
0.100062
0.100521
0.10534
0.100691
0.100852
0.10365
0.105165
0.103798
0.10165
0.106405
0.107163
0.107795
0.113587
0.115543
0.116775
0.11834
0.116779
0.115532
0.117303
0.122905
0.119741
0.117865
0.117882
0.124336
0.12348
0.123726
0.119692
0.117885
0.115301
0.119676
0.119138
0.119916
0.1175
0.113403
0.112073
0.117517
0.11942
0.120662
0.115812
0.118709
0.124419
0.123287
0.120818
0.119949
0.117786
0.120399
0.122252
0.123635
0.120137
0.129754
0.127518
0.120701
0.118344
0.113838
0.109269
0.110457
0.113281
0.111784
0.113139
0.113181
0.110387
0.1145
0.11641
0.115033
0.119156
0.116403
0.114052
0.113472
0.110249
0.118093
0.120551
0.125211
0.122873
0.119427
0.115865
0.116606
0.116892
0.12078
0.11697
0.113738
0.114451
0.11816
0.12242
0.126806
0.123122
0.124666
0.125404
0.120496
0.124838
0.123071
0.123142
0.12716
0.126649
0.131103
0.128153
0.137245
0.131747
0.131934
0.125116
0.117736
0.117831
0.114191
0.115809
0.117028
0.112844
0.114923
0.118098
0.118581
0.114655
0.114771
0.113937
0.10696
0.101393
0.107374
0.112899
0.107383
0.112472
0.112641
0.114553
0.112007
0.115301
0.11512
0.113419
0.115789
0.11646
0.115933
0.114829
0.11455
0.117042
0.113389
0.116491
0.118372
0.114344
0.115241
0.108993
0.105887
0.104244
0.100923
0.103526
0.105553
0.101989
0.100194
0.094323
0.0985965
0.102618
0.106964
0.109741
0.110046
0.112622
0.112778
0.114014
0.115112
0.111417
0.11083
0.110729
0.110674
0.114494
0.115162
0.116614
0.119418
0.122394
0.126323
0.12559
0.124231
0.128001
0.129993
0.127337
0.123894
0.126708
0.128813
0.129844
0.134472
0.129062
0.130604
0.13051
0.129267
0.126807
0.124372
0.126023
0.128208
0.127959
0.123747
0.126455
0.130619
0.128361
0.12395
0.126562
0.12206
0.120937
0.124879
0.127384
0.131107
0.125579
0.121682
0.119414
0.121037
0.122355
0.125968
0.125862
0.129251
0.129088
0.127013
0.127174
0.129008
0.127757
0.13142
0.127592
0.124104
0.128418
0.127768
0.124193
0.124666
0.125561
0.127841
0.12656
0.131766
0.128831
0.132217
0.127347
0.122576
0.114901
0.116137
0.116358
0.116557
0.116055
0.115604
0.12658
0.129847
0.125073
0.126672
0.124911
0.121692
0.122841
0.12165
0.123214
0.122046
0.122734
0.117148
0.123973
0.130137
0.134231
0.138551
0.143158
0.146656
0.148798
0.150465
0.150204
0.140276
0.134669
0.132795
0.128523
0.127246
0.128439
0.12707
0.127232
0.12318
0.118824
0.113263
0.120985
0.117376
0.11575
0.115091
0.115352
0.116907
0.126015
0.120225
0.119455
0.119653
0.123317
0.121179
0.115347
0.117184
0.116836
0.116363
0.119125
0.123143
0.122295
0.120102
0.119864
0.117958
0.122752
0.122712
0.122417
0.121678
0.117906
0.119345
0.123464
0.126181
0.123945
0.126732
0.123007
0.117909
0.122167
0.120274
0.118161
0.118734
0.115217
0.115143
0.115494
0.119385
0.11951
0.119571
0.121836
0.120593
0.118832
0.119324
0.119482
0.116621
0.116499
0.112827
0.115409
0.113309
0.114367
0.114958
0.115886
0.115545
0.118094
0.120895
0.121874
0.122167
0.124019
0.122254
0.124881
0.121028
0.12363
0.123877
0.126138
0.123277
0.120344
0.117906
0.121551
0.120794
0.121653
0.122952
0.124161
0.122285
0.117682
0.126217
0.129506
0.125327
0.120342
0.123639
0.119753
0.120598
0.117321
0.115207
0.11605
0.116316
0.115521
0.111245
0.113065
0.111738
0.108624
0.114356
0.11738
0.114408
0.10996
0.118226
0.114676
0.121705
0.119678
0.121578
0.124499
0.126812
0.125119
0.120182
0.125997
0.123487
0.12667
0.126569
0.12639
0.13355
0.129478
0.118884
0.120283
0.128434
0.124044
0.123324
0.122915
0.122909
0.121093
0.125942
0.125622
0.128511
0.120176
0.12094
0.120978
0.122488
0.118924
0.116679
0.118858
0.117192
0.118031
0.122782
0.122888
0.125411
0.121939
0.121053
0.117742
0.117807
0.114585
0.114241
0.111569
0.112251
0.113842
0.11332
0.114124
0.114852
0.118652
0.118873
0.121878
0.121512
0.122016
0.115324
0.119398
0.116611
0.117522
0.115547
0.111067
0.115982
0.116519
0.11557
0.115073
0.112351
0.113747
0.113544
0.120161
0.119327
0.121372
0.122203
0.116656
0.118823
0.127234
0.12451
0.123422
0.119996
0.119084
0.121412
0.119862
0.12003
0.115388
0.111176
0.113822
0.115285
0.118992
0.122896
0.121857
0.118368
0.116493
0.117376
0.112368
0.113358
0.117401
0.110513
0.114926
0.116118
0.111946
0.110305
0.108247
0.112034
0.108789
0.110911
0.111644
0.115262
0.112625
0.116285
0.122182
0.124335
0.128427
0.125816
0.121465
0.120184
0.122436
0.122071
0.118553
0.118034
0.120138
0.117041
0.114549
0.10902
0.113112
0.109418
0.110001
0.114474
0.115552
0.119709
0.12102
0.122141
0.12301
0.118379
0.11922
0.125419
0.119867
0.117572
0.122406
0.123296
0.119992
0.121999
0.123078
0.123174
0.121241
0.124261
0.118438
0.122231
0.120343
0.116092
0.115803
0.119667
0.120552
0.119642
0.117401
0.115647
0.119644
0.11971
0.120744
0.121837
0.117795
0.113939
0.11779
0.116141
0.114084
0.115483
0.119213
0.117928
0.113425
0.116407
0.116144
0.119815
0.121312
0.123011
0.118721
0.117285
0.118215
0.115409
0.117589
0.117341
0.123657
0.120751
0.122042
0.123655
0.127781
0.124146
0.123039
0.119692
0.123251
0.119936
0.121452
0.122317
0.118819
0.118024
0.120187
0.113185
0.118334
0.119273
0.120092
0.118825
0.113638
0.11449
0.110132
0.11704
0.121063
0.122413
0.123472
0.121178
0.121149
0.122378
0.11975
0.122505
0.124007
0.126272
0.123326
0.116725
0.120728
0.122241
0.118695
0.123414
0.123292
0.120313
0.124045
0.121365
0.11967
0.114882
0.108772
0.113568
0.117072
0.110681
0.111269
0.114781
0.108607
0.104503
0.10643
0.112461
0.111449
0.113582
0.112117
0.110709
0.112834
0.113644
0.114708
0.117863
0.121513
0.122789
0.126338
0.120623
0.11591
0.113564
0.115905
0.114059
0.117434
0.118072
0.117628
0.115828
0.117288
0.112888
0.1146
0.120999
0.11626
0.113194
0.112504
0.109202
0.108323
0.108498
0.114401
0.106733
0.103917
0.101557
0.0994662
0.1007
0.0986205
0.104389
0.103156
0.105232
0.108907
0.112974
0.110068
0.111563
0.111034
0.11696
0.110176
0.115596
0.109821
0.108244
0.113968
0.118092
0.112049
0.107341
0.107346
0.107652
0.10559
0.109127
0.111095
0.104848
0.10516
0.104556
0.104647
0.111894
0.112036
0.11313
0.114747
0.11441
0.110645
0.107491
0.114545
0.118293
0.108754
0.107471
0.11161
0.113591
0.110882
0.114611
0.112033
0.10922
0.108627
0.109776
0.110433
0.109545
0.112718
0.116755
0.113579
0.115071
0.113846
0.118689
0.118632
0.118414
0.121034
0.118733
0.115811
0.116835
0.113881
0.117835
0.119967
0.117706
0.114717
0.115018
0.11701
0.114361
0.116414
0.119221
0.122273
0.123206
0.128673
0.124304
0.123565
0.121665
0.126782
0.124099
0.12719
0.133501
0.135873
0.129012
0.125975
0.134152
0.13711
0.131028
0.128836
0.129956
0.125918
0.119134
0.12113
0.118127
0.118411
0.12202
0.121971
0.116959
0.113494
0.112226
0.12259
0.118665
0.118269
0.119241
0.116753
0.118902
0.12214
0.115456
0.112965
0.116239
0.119198
0.120804
0.117801
0.121793
0.125458
0.125107
0.122003
0.120596
0.119104
0.115218
0.116031
0.116772
0.12184
0.128896
0.124962
0.121169
0.119094
0.12041
0.113154
0.112046
0.117798
0.117786
0.125895
0.122537
0.123106
0.128986
0.130401
0.122221
0.124297
0.122529
0.121949
0.118075
0.121234
0.12437
0.118297
0.114178
0.113228
0.111773
0.11636
0.115712
0.115984
0.115961
0.117516
0.115649
0.11032
0.114711
0.110674
0.111983
0.108809
0.109451
0.106766
0.105391
0.103543
0.10424
0.104711
0.104825
0.10779
0.110311
0.111901
0.109464
0.105415
0.102222
0.10476
0.102586
0.108137
0.109602
0.108616
0.106866
0.106698
0.105078
0.113081
0.111891
0.11333
0.115063
0.116992
0.11301
0.110779
0.115881
0.112076
0.112834
0.116368
0.118174
0.11616
0.118779
0.115618
0.115319
0.114429
0.107188
0.108545
0.108568
0.106816
0.11031
0.113254
0.112442
0.109652
0.107679
0.107755
0.108981
0.108149
0.111736
0.112834
0.116533
0.115247
0.108434
0.109127
0.109431
0.109505
0.109119
0.109429
0.106996
0.103311
0.10149
0.105619
0.109001
0.107882
0.104111
0.102322
0.0977726
0.0986009
0.10184
0.103127
0.102756
0.0984371
0.102843
0.102178
0.106388
0.103541
0.101191
0.100328
0.0977764
0.0988346
0.100553
0.0996483
0.101993
0.100867
0.104689
0.100926
0.108348
0.10768
0.108247
0.111735
0.108618
0.113546
0.1119
0.10646
0.10745
0.115934
0.116032
0.111472
0.117436
0.117725
0.115805
0.111382
0.113001
0.111848
0.112253
0.108408
0.107488
0.110362
0.113326
0.113272
0.116028
0.116561
0.111728
0.106939
0.101788
0.0992237
0.103293
0.101539
0.0993672
0.0987257
0.0961413
0.10167
0.104164
0.10314
0.102599
0.100766
0.1044
0.102848
0.103696
0.113202
0.109094
0.117009
0.114227
0.10922
0.105104
0.10449
0.102768
0.106695
0.109826
0.112353
0.108583
0.105016
0.114005
0.115929
0.118309
0.114996
0.114557
0.113672
0.113996
0.11214
0.116353
0.119845
0.112884
0.115163
0.115212
0.117462
0.114645
0.116484
0.117192
0.112865
0.111821
0.105039
0.107639
0.107231
0.106588
0.104422
0.104706
0.102216
0.104504
0.102518
0.104416
0.103667
0.100571
0.102812
0.108009
0.111126
0.111755
0.111561
0.118792
0.124436
0.124886
0.131519
0.124831
0.119487
0.117843
0.11335
0.112955
0.107937
0.108318
0.111592
0.114512
0.109948
0.113452
0.119398
0.123721
0.124954
0.129225
0.128356
0.13351
0.133898
0.134206
0.1279
0.126255
0.123699
0.120191
0.117047
0.118025
0.121681
0.119485
0.115971
0.115065
0.118347
0.125092
0.126926
0.124603
0.123723
0.127137
0.127896
0.125943
0.129301
0.123673
0.124187
0.12917
0.124724
0.124448
0.127206
0.125258
0.121933
0.119246
0.1119
0.111392
0.108874
0.104934
0.102706
0.0961459
0.0976475
0.0961637
0.104102
0.104925
0.10485
0.103678
0.102595
0.100971
0.102097
0.103528
0.107169
0.108372
0.103527
0.110599
0.115207
0.112863
0.11312
0.117762
0.116845
0.112707
0.110673
0.113117
0.112646
0.11333
0.111907
0.113569
0.108155
0.104696
0.108983
0.108446
0.115198
0.116032
0.113565
0.123372
0.128705
0.125283
0.119932
0.120888
0.124441
0.122601
0.123807
0.122938
0.123826
0.12489
0.123971
0.121213
0.120382
0.118569
0.118278
0.120414
0.119285
0.119229
0.121954
0.119752
0.121801
0.122663
0.12421
0.12938
0.129247
0.128422
0.130605
0.128084
0.132365
0.126384
0.130857
0.131215
0.127542
0.126221
0.125851
0.13065
0.128115
0.127242
0.12247
0.118869
0.119875
0.118461
0.117973
0.120762
0.121215
0.114472
0.112389
0.11619
0.115829
0.115715
0.1128
0.113369
0.119126
0.119915
0.1182
0.117319
0.115088
0.117193
0.12249
0.124141
0.123308
0.123457
0.124131
0.127917
0.125634
0.128408
0.127471
0.128723
0.12576
0.124756
0.12855
0.128572
0.125172
0.127229
0.136982
0.135051
0.132541
0.13661
0.133452
0.131795
0.128665
0.12539
0.122514
0.126237
0.127509
0.121401
0.120512
0.1231
0.120179
0.121535
0.122623
0.122614
0.12503
0.127146
0.126027
0.127487
0.132155
0.133088
0.129131
0.127141
0.125954
0.119892
0.123015
0.124739
0.118584
0.115707
0.113996
0.114047
0.115884
0.117386
0.118259
0.120325
0.122732
0.123253
0.124712
0.120987
0.120301
0.122639
0.12146
0.118385
0.119496
0.119911
0.114778
0.111775
0.11117
0.112924
0.109641
0.11087
0.109
0.110546
0.114889
0.118636
0.113626
0.115612
0.116235
0.115884
0.115006
0.117279
0.11318
0.115723
0.115528
0.115325
0.113571
0.11736
0.115078
0.110816
0.11237
0.108119
0.10848
0.106025
0.108481
0.1111
0.110841
0.110571
0.115372
0.114282
0.110242
0.108339
0.106692
0.117621
0.117262
0.117233
0.119075
0.122041
0.116748
0.119698
0.11748
0.111387
0.112594
0.114785
0.117322
0.116817
0.115695
0.112519
0.115495
0.115444
0.117981
0.113786
0.118551
0.121471
0.121525
0.122437
0.124225
0.116253
0.11766
0.116376
0.122376
0.119399
0.121136
0.120716
0.119372
0.121108
0.120279
0.11724
0.115456
0.11662
0.112853
0.116151
0.122032
0.11917
0.114414
0.114134
0.114592
0.112945
0.112354
0.113831
0.10775
0.106568
0.107466
0.105562
0.110798
0.114624
0.111854
0.113749
0.114607
0.111774
0.115626
0.112474
0.115971
0.120516
0.121753
0.123815
0.120357
0.120896
0.120676
0.120557
0.119573
0.118678
0.123654
0.122874
0.120701
0.118526
0.121223
0.122238
0.121388
0.120559
0.115495
0.113821
0.115123
0.11541
0.116107
0.110864
0.115418
0.114034
0.113205
0.106889
0.110408
0.111571
0.108317
0.113074
0.108645
0.106326
0.108023
0.11287
0.120286
0.123414
0.125309
0.127016
0.133328
0.133157
0.122018
0.120453
0.119801
0.117822
0.11756
0.117243
0.118494
0.116733
0.115808
0.114241
0.118529
0.114062
0.11713
0.116511
0.117029
0.11502
0.112221
0.115662
0.114513
0.117157
0.116968
0.116761
0.121347
0.121339
0.114919
0.113941
0.110668
0.110429
0.111511
0.112405
0.118712
0.118094
0.121966
0.118995
0.12022
0.120399
0.120977
0.125055
0.125238
0.117446
0.119957
0.123198
0.123512
0.122656
0.120309
0.121946
0.120976
0.116835
0.118526
0.118253
0.121442
0.124247
0.123904
0.120455
0.118628
0.119724
0.12179
0.1255
0.125491
0.126588
0.122558
0.119543
0.117202
0.120853
0.11274
0.11165
0.114111
0.115065
0.112665
0.110045
0.109678
0.111344
0.114786
0.112271
0.110963
0.109765
0.11232
0.116971
0.109431
0.11096
0.114026
0.115456
0.119986
0.120945
0.124097
0.124892
0.122938
0.121113
0.123027
0.11999
0.120273
0.117725
0.121586
0.119956
0.129971
0.129777
0.130454
0.126609
0.126458
0.123349
0.128798
0.127304
0.128661
0.12759
0.127796
0.13255
0.134798
0.134846
0.136505
0.13719
0.140007
0.141713
0.138884
0.137431
0.137546
0.131683
0.127032
0.122706
0.122892
0.119745
0.118339
0.118454
0.116647
0.119325
0.119897
0.114895
0.112495
0.111
0.115214
0.118818
0.117927
0.122019
0.127868
0.132171
0.12971
0.124472
0.121461
0.121924
0.119973
0.121192
0.117624
0.116687
0.122983
0.12545
0.125547
0.117747
0.115247
0.111756
0.111346
0.1116
0.116816
0.116787
0.117158
0.118947
0.119887
0.123009
0.119354
0.113566
0.113656
0.116267
0.118108
0.127124
0.127066
0.126889
0.130382
0.123724
0.125374
0.123557
0.117665
0.113378
0.116369
0.110147
0.10975
0.103446
0.101963
0.104863
0.0994453
0.100511
0.105147
0.111004
0.109836
0.107943
0.111898
0.106615
0.104074
0.10484
0.103657
0.103836
0.10515
0.101686
0.0989002
0.105396
0.110454
0.1123
0.114599
0.115081
0.110632
0.109656
0.114208
0.113931
0.117473
0.112657
0.113901
0.110137
0.110189
0.115742
0.119776
0.117184
0.114801
0.113848
0.119592
0.119045
0.120916
0.117905
0.119465
0.118776
0.121215
0.122152
0.124483
0.121924
0.124144
0.129369
0.123228
0.115781
0.119965
0.121182
0.121977
0.121462
0.119102
0.124921
0.125502
0.122326
0.121397
0.120243
0.119178
0.117523
0.11161
0.112699
0.112865
0.112709
0.117586
0.115581
0.116693
0.1188
0.117661
0.117759
0.114253
0.117568
0.119938
0.121747
0.123581
0.122683
0.122631
0.125606
0.125287
0.115819
0.114814
0.11808
0.119483
0.118519
0.125044
0.13127
0.136772
0.135421
0.138049
0.143087
0.14014
0.136843
0.131674
0.129488
0.125461
0.122037
0.120311
0.120889
0.120578
0.118616
0.117326
0.116181
0.119989
0.120117
0.12403
0.125282
0.131593
0.129009
0.129465
0.128296
0.130651
0.131495
0.13293
0.130946
0.126575
0.121151
0.122826
0.119396
0.120564
0.124519
0.127625
0.12743
0.123798
0.120367
0.123358
0.12574
0.126049
0.126799
0.124286
0.126229
0.128086
0.127393
0.124868
0.122168
0.122826
0.119048
0.117785
0.122639
0.121649
0.120972
0.114665
0.11712
0.113354
0.115696
0.117408
0.11809
0.116486
0.119497
0.118599
0.125417
0.122391
0.120606
0.116542
0.117198
0.119942
0.124447
0.126183
0.123032
0.125422
0.127961
0.127448
0.119731
0.120176
0.120739
0.117644
0.118293
0.126291
0.126089
0.121463
0.122753
0.116167
0.113282
0.109737
0.112399
0.110846
0.111577
0.108202
0.108027
0.108077
0.109151
0.106716
0.10716
0.107984
0.110096
0.113586
0.112828
0.109753
0.11084
0.114584
0.114143
0.11745
0.114593
0.11262
0.114348
0.115037
0.112474
0.108992
0.105343
0.098023
0.0931002
0.0955364
0.0976466
0.0967925
0.100456
0.098027
0.103193
0.103033
0.101887
0.101692
0.104407
0.101627
0.0983891
0.0988688
0.0961125
0.100804
0.0936741
0.095655
0.095252
0.0948153
0.0935574
0.0988264
0.0976166
0.108153
0.111637
0.11122
0.113794
0.11203
0.109502
0.109916
0.108915
0.108938
0.107619
0.111697
0.107562
0.106826
0.105554
0.102078
0.0943968
0.0929217
0.0909465
0.0919669
0.0933492
0.0946549
0.0909872
0.0910213
0.0935963
0.0914869
0.0880076
0.0863329
0.0839632
0.0821565
0.0807131
0.091716
0.0867308
0.0842228
0.0845909
0.0807749
0.0788769
0.0848478
0.0846571
0.083271
0.0816707
0.0803656
0.077193
0.0799024
0.0781224
0.0749267
0.076324
0.0785855
0.0786986
0.0783697
0.0779237
0.0748042
0.0763897
0.0697862
0.0709242
0.0713046
0.0767453
0.0772481
0.0788185
0.0796262
0.0788062
0.079289
0.0811076
0.0764624
0.0758518
0.0767257
0.0727605
0.0736574
0.0721622
0.0676835
0.0719682
0.068107
0.0646614
0.0612651
0.0598842
0.0558332
0.058068
0.0563531
0.0573011
0.0577872
0.0607833
0.0668664
0.0674679
0.0717177
0.0693779
0.072863
0.0727729
0.0709611
0.0719963
0.0773363
0.0766856
0.0790632
0.0795591
0.0757232
0.0729251
0.0743255
0.0785951
0.0791817
0.079267
0.0762541
0.0749481
0.067806
0.0618257
0.0625593
0.0683862
0.0620867
0.068676
0.0666178
0.0663161
0.0685515
0.0698663
0.0696679
0.0722332
0.0737693
0.0726
0.0662676
0.073518
0.0745968
0.0697793
0.0743386
0.0747475
0.0759326
0.0767236
0.0726689
0.0763247
0.0699027
0.0694337
0.0724818
0.0746847
0.0716916
0.0765775
0.0777473
0.0769863
0.0791751
0.0752431
0.0753644
0.0730219
0.0714308
0.0759829
0.077236
0.0744405
0.071621
0.0728053
0.0734961
0.0728713
0.0764947
0.0753002
0.0804293
0.0811938
0.0799782
0.0782719
0.0768545
0.0769275
0.0772392
0.0745123
0.0702432
0.0756578
0.0766819
0.0721392
0.0719031
0.0719614
0.0779835
0.0845477
0.0814113
0.0760958
0.073188
0.0752304
0.0766376
0.0803939
0.0763215
0.0695431
0.0692871
0.0678817
0.0609183
0.0588725
0.0610175
0.0599406
0.0534607
0.0530216
0.0550151
0.0560392
0.0578529
0.0621592
0.0649197
0.0595947
0.0571099
0.0569015
0.0573812
0.0630199
0.0695466
0.0672705
0.0642549
0.0616386
0.058635
0.0611677
0.0554934
0.0572895
0.055778
0.0567985
0.0553867
0.0513397
0.0512957
0.0502883
0.0525967
0.0473467
0.0539555
0.0496076
0.0560206
0.0587938
0.0586448
0.0585256
0.0555916
0.0572307
0.0526913
0.0520978
0.0565596
0.0570796
0.0593576
0.0575126
0.0550149
0.0530182
0.0483386
0.0519001
0.0504404
0.0485722
0.0547804
0.0515929
0.0542337
0.057667
0.0588383
0.0565614
0.0633156
0.0639166
0.0628674
0.058223
0.0542702
0.0603546
0.0654723
0.0700283
0.0654817
0.0658384
0.0669013
0.0640336
0.0622756
0.06399
0.0601892
0.0594207
0.0596552
0.0622495
0.0608293
0.0581795
0.0585504
0.065028
0.061173
0.0544004
0.0536662
0.0588603
0.0577004
0.059557
0.056095
0.0592697
0.0582666
0.0555006
0.0505081
0.0507618
0.0561545
0.0550839
0.0534561
0.0489769
0.044197
0.0461778
0.0462024
0.0519626
0.0473398
0.0469377
0.0471614
0.0511593
0.0559198
0.0511678
0.0457337
0.0467174
0.0514912
0.0498247
0.0475472
0.0534404
0.0528636
0.0538777
0.0473521
0.0499522
0.0518068
0.0481093
0.0516601
0.050042
0.0441873
0.0484669
0.0514253
0.0493346
0.053958
0.0529431
0.0565312
0.0558229
0.060788
0.0638569
0.0590637
0.0582565
0.0592365
0.0588493
0.0530756
0.054784
0.0546515
0.0569811
0.0576395
0.0638395
0.0645343
0.0656726
0.0611513
0.0647397
0.0632449
0.0621488
0.0652938
0.0612448
0.0610943
0.0601018
0.0617113
0.0574132
0.0552389
0.0498928
0.043239
0.0439586
0.0458943
0.0427908
0.0447062
0.0417193
0.0455854
0.0410889
0.0435355
0.0440138
0.0453016
0.0423604
0.0491556
0.0472215
0.0460775
0.0434409
0.043451
0.0419967
0.0438338
0.0421587
0.0447591
0.0430388
0.0428783
0.0450992
0.0418211
0.0415174
0.0370242
0.0436563
0.0418335
0.0411245
0.040108
0.0405223
0.0455586
0.0485407
0.0456169
0.0493836
0.0525843
0.0493282
0.0444979
0.042777
0.0440987
0.0478547
0.0537417
0.0552683
0.0511519
0.0479547
0.0466659
0.0497005
0.0417662
0.0438934
0.0423434
0.0475737
0.0467833
0.042355
0.0380073
0.0337887
0.0360531
0.0326535
0.0340507
0.036056
0.033739
0.0322665
0.034868
0.040589
0.0357957
0.0370444
0.04124
0.0447469
0.0383115
0.0376641
0.0329839
0.0295051
0.0346789
0.037536
0.0425067
0.0407413
0.0430884
0.0493918
0.0475009
0.0496745
0.0470601
0.0512293
0.0457829
0.0430967
0.0383899
0.0401175
0.0369659
0.0400056
0.0378917
0.0445347
0.0392541
0.0373205
0.0355576
0.0385422
0.0421782
0.0446117
0.0475027
0.0400034
0.0404549
0.0432012
0.0434173
0.0369851
0.0382611
0.0370081
0.0372251
0.0331099
0.0383815
0.0448496
0.0462186
0.0447903
0.0438489
0.0486107
0.0447509
0.0501024
0.0493097
0.0497553
0.0456032
0.0453802
0.0458947
0.0414766
0.0445911
0.0477399
0.0472748
0.0486907
0.0460364
0.0474533
0.0456098
0.0471143
0.0423857
0.0451306
0.0508993
0.0466508
0.0447865
0.0454499
0.0505201
0.0564113
0.0523141
0.0579076
0.052134
0.0546237
0.0576182
0.0575658
0.0548767
0.0546096
0.0495014
0.0488812
0.0488451
0.054375
0.0527506
0.0492777
0.053689
0.0549141
0.0531183
0.0550319
0.0583059
0.0547784
0.0537713
0.047788
0.0438072
0.0416015
0.0398989
0.0391259
0.0414141
0.0381351
0.0429958
0.0436649
0.041567
0.0398062
0.0449894
0.0458419
0.0459012
0.0467738
0.0472078
0.0463213
0.043259
0.0447374
0.0498809
0.0482029
0.0454951
0.0454583
0.0469473
0.0479707
0.050247
0.0537957
0.0530583
0.0513431
0.0510402
0.0529796
0.050184
0.0486977
0.0479727
0.0464013
0.0503359
0.0419617
0.039484
0.0354992
0.0341104
0.0307829
0.0362279
0.0349589
0.0414088
0.0388333
0.0375849
0.0345185
0.0336586
0.0360676
0.0363915
0.0386383
0.0359787
0.0365266
0.0388944
0.0375151
0.0390644
0.0382095
0.0381062
0.0369938
0.0336643
0.0381811
0.0350395
0.0370466
0.03977
0.0396475
0.0402905
0.0427605
0.0419518
0.0429766
0.0443877
0.0491274
0.0447063
0.0432309
0.0501437
0.0494748
0.0472534
0.0415373
0.037979
0.0326874
0.0363168
0.0336684
0.0337258
0.0398526
0.0426402
0.0424119
0.041406
0.0392629
0.0330531
0.03233
0.0335221
0.0330599
0.035803
0.0350781
0.0304497
0.029988
0.0300942
0.0295583
0.0278168
0.028985
0.0291719
0.0311209
0.0291989
0.021026
0.0240931
0.0224189
0.0265049
0.0266593
0.0195738
0.0237694
0.0277619
0.0267391
0.0312711
0.0273532
0.0248217
0.0296618
0.0306718
0.0297588
0.0262715
0.0262867
0.0212244
0.0183455
0.0211702
0.0170795
0.0239929
0.0186968
0.0182197
0.0206927
0.0240299
0.0237828
0.026177
0.0263431
0.0287036
0.0350337
0.0359985
0.0309201
0.0353215
0.0379727
0.0409479
0.0389016
0.042612
0.0385224
0.0406926
0.0370553
0.0310856
0.0324023
0.0313259
0.0314488
0.0338846
0.0301792
0.0333985
0.0298471
0.0290442
0.0299648
0.0304944
0.0336851
0.0418928
0.0412769
0.0377164
0.0371396
0.0330978
0.0366914
0.0350413
0.0330302
0.0323612
0.0334433
0.0348511
0.0353566
0.036102
0.0346124
0.0314103
0.0320999
0.0304745
0.032509
0.034754
0.0322356
0.031312
0.0286715
0.0159021
0.015897
0.0220504
0.0194358
0.0192897
0.0188147
0.0182602
0.0153108
0.0218322
0.0246977
0.02899
0.0242939
0.0224467
0.0233758
0.0301116
0.0376965
0.0375791
0.0308833
0.0303273
0.0305393
0.0320973
0.0364404
0.0381729
0.0367916
0.0347127
0.0333425
0.0323975
0.0333787
0.0385195
0.0376367
0.0340586
0.0361098
0.0319896
0.0329566
0.0314008
0.0302947
0.026395
0.0252573
0.0231312
0.0275532
0.0303202
0.0280956
0.027082
0.0262606
0.0286458
0.0325127
0.0346114
0.0380874
0.0399847
0.0444951
0.0377793
0.0395873
0.0334076
0.0332192
0.0254489
0.0223121
0.0208709
0.0216601
0.0229475
0.0240324
0.0228168
0.023544
0.0216431
0.0269569
0.0266092
0.0263015
0.0346278
0.0377508
0.0350314
0.0405648
0.037804
0.0413617
0.0391587
0.0369923
0.0401682
0.0363347
0.0355953
0.0306061
0.0262675
0.0303842
0.0342865
0.0373843
0.0332234
0.0339644
0.0307519
0.0313527
0.0340796
0.0365383
0.026144
0.0282135
0.0237509
0.0273948
0.0274262
0.0319945
0.0322066
0.0255802
0.0266783
0.0249143
0.0273354
0.0229386
0.0194743
0.0208314
0.0208722
0.0235001
0.0265199
0.0263826
0.0224311
0.0227107
0.0280344
0.0262851
0.0289461
0.0309139
0.0305725
0.0306332
0.0276967
0.0261613
0.0242483
0.0276172
0.030874
0.0335224
0.0309903
0.0247124
0.0269978
0.0318395
0.0326693
0.0379271
0.042523
0.0379067
0.0341422
0.0314672
0.0318308
0.03252
0.0347876
0.0369513
0.0368767
0.035207
0.0393759
0.0369858
0.0348048
0.0329927
0.0296714
0.0318778
0.0335134
0.0347718
0.0331423
0.0347137
0.0328306
0.0329188
0.0350788
0.0293917
0.0309852
0.0309171
0.0365418
0.0360447
0.0392123
0.0376493
0.039698
0.0437385
0.0421762
0.0395198
0.0384953
0.0352239
0.034404
0.0338755
0.0387917
0.0405166
0.0445052
0.0431673
0.0440779
0.046108
0.0441131
0.0452376
0.0389172
0.0405965
0.0413667
0.0424877
0.0388419
0.0380451
0.0411403
0.0410627
0.0372871
0.0408102
0.0406393
0.0438876
0.0472896
0.0462928
0.0442717
0.0486805
0.0543941
0.0517158
0.0451348
0.0434884
0.0376895
0.0377657
0.0389036
0.0372761
0.0349711
0.0339213
0.0294029
0.0305173
0.0304526
0.0317046
0.0385672
0.0377954
0.0413221
0.0467784
0.0470793
0.0521258
0.0464933
0.0452366
0.0452
0.0444209
0.0476314
0.0497631
0.0506375
0.0488491
0.0483791
0.0511859
0.0476958
0.0398326
0.0427292
0.0417695
0.0394261
0.0411578
0.0433164
0.0410443
0.0430479
0.0359475
0.036956
0.0348939
0.0364687
0.04002
0.0358851
0.0329166
0.0265587
0.024637
0.0219088
0.0281829
0.0298882
0.0238055
0.0238016
0.0288141
0.031222
0.0308135
0.0323054
0.0354232
0.0341383
0.0394102
0.0407853
0.0313161
0.0320951
0.030549
0.0339694
0.0339868
0.0326425
0.03262
0.0361629
0.0351876
0.0340109
0.038144
0.0400534
0.0403088
0.0429301
0.0437108
0.0472807
0.046734
0.048992
0.0507967
0.0537552
0.0528931
0.053843
0.0515359
0.0479707
0.050065
0.0531337
0.0577872
0.0570928
0.0580273
0.0551094
0.054307
0.0538122
0.057686
0.0565502
0.0497849
0.0549796
0.0526338
0.0515917
0.047958
0.0467186
0.0488704
0.0468177
0.0478477
0.0504828
0.0513942
0.0467166
0.046189
0.0468516
0.0472718
0.0464044
0.043886
0.0390166
0.0397191
0.0395416
0.0396948
0.044997
0.0474608
0.0451636
0.0461549
0.0493974
0.0516062
0.0515536
0.0546337
0.0481783
0.0497366
0.0461035
0.0395777
0.0391682
0.0396749
0.0425459
0.0406119
0.0442759
0.0453532
0.0471392
0.0496563
0.0498791
0.0544445
0.0541154
0.0518617
0.0552873
0.0519078
0.0499813
0.0573496
0.0486706
0.0458852
0.0475157
0.0483555
0.0523994
0.0498644
0.0557687
0.0579029
0.0566753
0.0575446
0.0584239
0.0636575
0.0599134
0.0611511
0.0667987
0.0651298
0.0659656
0.0680797
0.0649905
0.0654246
0.0661183
0.0639921
0.0623495
0.0618639
0.0642116
0.0635252
0.0598948
0.0580982
0.064651
0.0681642
0.0704232
0.0735652
0.0731634
0.0692892
0.0713207
0.073789
0.0772899
0.0822195
0.0810144
0.0815397
0.072381
0.0697832
0.071123
0.072204
0.0725425
0.0671876
0.0647564
0.0646068
0.0666993
0.0666936
0.0663676
0.0654732
0.0558965
0.0578345
0.053469
0.0549895
0.0496632
0.050795
0.0483788
0.0528416
0.0511648
0.0498187
0.0496809
0.047578
0.0508558
0.0485296
0.0541555
0.0539371
0.0523524
0.0491321
0.0470738
0.0458578
0.0445963
0.0478696
0.048842
0.0517785
0.0502587
0.0441631
0.0468592
0.0452841
0.051418
0.0478611
0.0500991
0.0536872
0.0529108
0.0498316
0.0487188
0.0497814
0.0511654
0.0562803
0.0598207
0.0587033
0.0520236
0.0503585
0.0489113
0.0486567
0.0475209
0.0450461
0.0423674
0.0404787
0.0433109
0.0418365
0.0431447
0.0434741
0.0463448
0.0436245
0.0444923
0.0433339
0.0461682
0.0406887
0.0422398
0.0451669
0.0430524
0.0429535
0.0409065
0.0421809
0.0412482
0.0434924
0.0499097
0.04898
0.0519999
0.0563547
0.0591864
0.0647494
0.0689566
0.0666768
0.0697251
0.0711814
0.0695277
0.0662661
0.0656118
0.0671863
0.0657155
0.0685165
0.0719009
0.0673808
0.0699864
0.0752795
0.0742047
0.0694202
0.0651255
0.0623384
0.0660601
0.0712477
0.0768325
0.0764567
0.0714755
0.0697535
0.0744377
0.0699991
0.0710622
0.066528
0.0652423
0.0659664
0.0626163
0.0601412
0.0589622
0.0599847
0.0581146
0.0579872
0.0542745
0.0574466
0.0571212
0.0590253
0.0575745
0.0460673
0.0524351
0.0503318
0.0492137
0.0484914
0.0505428
0.0526488
0.0514836
0.0529421
0.0491844
0.0504494
0.0465119
0.0487463
0.0484553
0.0466504
0.0518418
0.051494
0.0536514
0.0517523
0.0521754
0.048881
0.0431018
0.0495018
0.0482555
0.0519412
0.0524322
0.0439311
0.0480359
0.047323
0.046863
0.0424001
0.051602
0.0549814
0.0582643
0.0531724
0.0578181
0.0538064
0.0578106
0.0571379
0.0592739
0.0614768
0.0584619
0.0634043
0.0599312
0.054055
0.058399
0.0587651
0.06327
0.0610928
0.0578616
0.0650261
0.0694735
0.0668457
0.0640014
0.0628549
0.065028
0.0662919
0.0641943
0.0662732
0.0678294
0.0687297
0.0697519
0.0672875
0.0654263
0.0610913
0.0554466
0.0527592
0.0532936
0.0514308
0.0495077
0.0521492
0.0494587
0.0519423
0.0525827
0.0514505
0.0471675
0.040994
0.0359094
0.0312642
0.0355366
0.0345625
0.0331504
0.0311997
0.0303573
0.0301443
0.0318951
0.0344171
0.0371529
0.0347635
0.0292679
0.0287698
0.0231109
0.0270083
0.0289026
0.0285856
0.0321195
0.0260847
0.0279306
0.0285223
0.0316302
0.0292166
0.0263207
0.0267884
0.0277667
0.0182164
0.0189323
0.0160036
0.0154813
0.0154468
0.0164358
0.0199091
0.0163255
0.0138528
0.0177977
0.0198841
0.0170553
0.0171214
0.0118537
0.00815481
0.0139319
0.0167716
0.0153202
0.0155118
0.0135176
0.0186794
0.01979
0.0172404
0.0201119
0.0205488
0.0251381
0.0244924
0.0237723
0.0219612
0.0296309
0.02027
0.0190985
0.0144107
0.0157982
0.0173063
0.0232734
0.020412
0.0236123
0.0222605
0.0234032
0.0226742
0.0236297
0.0238741
0.0242516
0.0211559
0.0158144
0.0134406
0.0151432
0.0189381
0.0164311
0.0234556
0.028248
0.0231914
0.0234117
0.0201381
0.0217515
0.0222671
0.0219413
0.0229539
0.0244418
0.0255099
0.0280011
0.029387
0.0294577
0.0296785
0.0283158
0.0247148
0.0220072
0.0150302
0.0146706
0.0167957
0.0238347
0.0243499
0.0245868
0.0197183
0.0206272
0.0250787
0.0240075
0.0248226
0.0191492
0.0185708
0.0156962
0.0192486
0.0223826
0.0219476
0.0170981
0.0160405
0.0140393
0.0154301
0.0195603
0.0148742
0.0136319
0.00985949
0.0136958
0.015063
0.0190912
0.0148077
0.0177905
0.0223555
0.0246174
0.0219265
0.0239102
0.0212457
0.0281734
0.0238151
0.023287
0.021569
0.0253579
0.0267661
0.0327417
0.0337808
0.0330538
0.0370218
0.0362191
0.0379018
0.0410721
0.0439057
0.047629
0.0504027
0.0469009
0.0446218
0.0430121
0.0425185
0.0407355
0.0446205
0.0469439
0.0456056
0.0418059
0.0400279
0.0438168
0.0427694
0.0415972
0.045241
0.0442526
0.0425852
0.043266
0.0342413
0.0330445
0.0310245
0.0308934
0.0337285
0.037323
0.0368711
0.0402381
0.0337592
0.0298641
0.0304575
0.0301408
0.0293388
0.0264096
0.0317824
0.0364644
0.0398888
0.0411235
0.0407109
0.0402573
0.0391443
0.0403657
0.044192
0.0465954
0.046131
0.0523297
0.0535271
0.0523035
0.0551686
0.0540311
0.0552047
0.0532274
0.0518511
0.0516894
0.0519175
0.050915
0.0544621
0.0476376
0.0512982
0.050341
0.0497403
0.0447404
0.0475755
0.0477453
0.0523413
0.0538091
0.0535665
0.0503205
0.0453223
0.0414056
0.0412683
0.0414072
0.0415455
0.0410876
0.0384926
0.0454028
0.0493486
0.0506717
0.0512607
0.0472552
0.0474946
0.0437904
0.0421153
0.042812
0.0392395
0.0409558
0.038829
0.040611
0.0410108
0.0441981
0.0435852
0.0402849
0.0418536
0.0438039
0.0412147
0.0453849
0.0469373
0.0450001
0.0453713
0.0444309
0.036147
0.036167
0.0348647
0.0331803
0.0369366
0.0321338
0.0290131
0.038103
0.0371525
0.0429675
0.0493355
0.0468125
0.0494081
0.0551589
0.0604999
0.0630561
0.0584201
0.0552341
0.0582663
0.0565209
0.0493895
0.0537269
0.0515293
0.052046
0.055654
0.0557285
0.0573497
0.0574445
0.0595478
0.0549479
0.0513086
0.0558556
0.0543885
0.0497045
0.0459587
0.0423443
0.0378144
0.0451276
0.0433753
0.0435598
0.0488606
0.0540096
0.0529327
0.0527264
0.0490848
0.0487254
0.0463192
0.0471709
0.0486743
0.0507638
0.050875
0.0522294
0.0494844
0.0480834
0.0485452
0.048274
0.0529269
0.0569956
0.0621446
0.0627251
0.0587829
0.054045
0.0549518
0.0494326
0.0500074
0.0534065
0.0540222
0.0499316
0.0479716
0.0408436
0.043967
0.0497174
0.0488368
0.0521988
0.0528648
0.0506634
0.0496715
0.0486369
0.0551303
0.0544819
0.0518687
0.0512017
0.0497844
0.0548017
0.0566904
0.0572251
0.0544512
0.0533939
0.0612616
0.0565997
0.0544912
0.0532093
0.0555378
0.0583422
0.066826
0.0655018
0.0664497
0.0626882
0.0571626
0.0591507
0.0593799
0.0625177
0.0622364
0.0558641
0.0528378
0.0464351
0.0501089
0.0502652
0.0546658
0.0542715
0.0516494
0.0578677
0.059772
0.0545553
0.0521372
0.0555334
0.0510975
0.048051
0.0493258
0.0548023
0.0552695
0.0469219
0.0460325
0.0434892
0.0431414
0.0396554
0.0370768
0.0362254
0.0407265
0.0422925
0.0423093
0.0415032
0.0446163
0.0396004
0.0410987
0.0507696
0.0475871
0.0433935
0.0462989
0.050152
0.0463907
0.0455014
0.048806
0.0487415
0.0513902
0.0524777
0.0549343
0.0535503
0.0539683
0.0517299
0.0497322
0.047118
0.0498937
0.0501543
0.0522366
0.0533267
0.0491306
0.0515335
0.0488078
0.0513152
0.0495023
0.0447387
0.0440736
0.043748
0.0419003
0.0411709
0.0391587
0.0416095
0.0428258
0.0509008
0.0496784
0.0546825
0.0550813
0.0547101
0.050257
0.0488603
0.0468551
0.0427335
0.038912
0.0370869
0.0383548
0.0405826
0.0389549
0.0421335
0.0404185
0.0380898
0.0423848
0.0345533
0.0319537
0.0343537
0.0367322
0.0382461
0.0337451
0.0417591
0.0447386
0.0440201
0.0509924
0.0537378
0.0559593
0.0525686
0.0478663
0.0468844
0.044209
0.0459303
0.0538861
0.0506572
0.0425879
0.0394645
0.0344376
0.0304227
0.0406939
0.0385372
0.0375942
0.0405517
0.0448177
0.0411831
0.0397241
0.0401431
0.0414001
0.044242
0.0459506
0.0484174
0.0462459
0.0454067
0.043955
0.0393075
0.0411122
0.0370141
0.0390721
0.0390082
0.0333302
0.0375139
0.0390116
0.0370841
0.0327495
0.0317374
0.0316096
0.0332292
0.0376601
0.0353106
0.03439
0.0373042
0.0451035
0.0436836
0.0465521
0.0488279
0.0457033
0.044903
0.0422239
0.0456045
0.0503422
0.0479044
0.0472049
0.0469306
0.0487555
0.052588
0.0521815
0.0502808
0.0494117
0.0516167
0.0564931
0.0546844
0.0562677
0.0584406
0.0593265
0.061298
0.0547565
0.0528195
0.0535501
0.0496876
0.0433715
0.0477597
0.0454855
0.046237
0.0487066
0.0553638
0.0505862
0.0503647
0.0521938
0.050635
0.0523974
0.0509614
0.0511897
0.0471663
0.0479108
0.0481456
0.0504259
0.0480447
0.0470571
0.0530471
0.0568046
0.0553783
0.0584185
0.0547116
0.0540337
0.0562584
0.0563239
0.0582645
0.0657519
0.0743684
0.0727005
0.0706442
0.0683005
0.073815
0.0680462
0.0626238
0.0553427
0.0526971
0.0550737
0.0527704
0.0563562
0.060288
0.060955
0.0621995
0.0550984
0.0556329
0.053453
0.0525538
0.0479364
0.0528263
0.0477883
0.0484814
0.0504938
0.0481845
0.0444307
0.0431242
0.0417497
0.0429702
0.0493301
0.0512162
0.0521542
0.0512688
0.0537917
0.0536432
0.0536586
0.0545977
0.0534382
0.0575865
0.0578785
0.0591737
0.0576336
0.058688
0.0594937
0.0613381
0.0612741
0.0651864
0.0612223
0.0609523
0.061676
0.0605479
0.0563653
0.0559013
0.0536714
0.0565523
0.054255
0.0601585
0.0600099
0.0616497
0.0633101
0.0654134
0.0663968
0.0638564
0.0683785
0.0676598
0.0678199
0.0684772
0.0755132
0.0723428
0.0709527
0.0683301
0.0646517
0.0664807
0.0625453
0.0677444
0.0700883
0.0693276
0.0654105
0.0642601
0.0641448
0.0631701
0.0709558
0.0693965
0.0730353
0.0753527
0.0771256
0.0767061
0.0784957
0.0750792
0.0800156
0.0741036
0.0763069
0.0748379
0.0734174
0.0783407
0.081596
0.0857098
0.0878092
0.0848769
0.0824057
0.0761668
0.0792006
0.0752413
0.0761445
0.0727588
0.0753849
0.0789911
0.078451
0.0768431
0.077738
0.0783764
0.083888
0.0828451
0.0766777
0.0715776
0.0757798
0.0735632
0.0832312
0.0845226
0.0814366
0.0848896
0.0857946
0.0870663
0.0887643
0.0860246
0.0877701
0.0902041
0.09055
0.0933128
0.0903471
0.087972
0.0883467
0.0929715
0.0956453
0.0924032
0.0860695
0.0829875
0.0850665
0.085511
0.0850275
0.089392
0.0891588
0.086281
0.0843009
0.0907506
0.0916504
0.0865889
0.0919127
0.0866441
0.0883601
0.0877175
0.0926385
0.0925342
0.0964728
0.0977805
0.100001
0.096582
0.0940099
0.0989055
0.0976708
0.0971825
0.0956274
0.096379
0.107438
0.108112
0.108251
0.109414
0.112692
0.114489
0.115252
0.117844
0.117729
0.109384
0.11002
0.1136
0.109496
0.105782
0.103673
0.104773
0.0981803
0.0988829
0.0969681
0.101664
0.099735
0.100674
0.0998779
0.0975077
0.10617
0.10282
0.0993086
0.1039
0.0981583
0.0962352
0.0912221
0.0840813
0.0772341
0.0732056
0.0730911
0.0729693
0.0751466
0.0756597
0.0730064
0.0734822
0.0649423
0.0674744
0.0681442
0.0652956
0.0660122
0.0665768
0.0680628
0.0644414
0.0612547
0.0599066
0.0587276
0.0646311
0.0654598
0.069437
0.0712533
0.0711472
0.0665401
0.0690967
0.0659301
0.0735625
0.0704035
0.0716467
0.069637
0.0690473
0.0639596
0.0583055
0.0621338
0.0666022
0.0728148
0.0747277
0.081861
0.0797953
0.0812537
0.0824367
0.0863088
0.0891
0.089774
0.0885074
0.0865155
0.0848832
0.0884592
0.0925619
0.0889966
0.0887409
0.0897324
0.0903642
0.090346
0.0916458
0.0951763
0.0943938
0.0928664
0.0925685
0.0845314
0.0871583
0.0919086
0.089029
0.0922513
0.0900639
0.0859304
0.0875959
0.0926146
0.0866927
0.0898391
0.0902587
0.0942842
0.0949246
0.0967504
0.100735
0.0914276
0.0852459
0.0847515
0.0848165
0.0835227
0.0820832
0.0869836
0.086281
0.0877456
0.091006
0.0948766
0.0917556
0.0942649
0.0943062
0.0918976
0.0918621
0.0935506
0.0953635
0.0994334
0.0928015
0.0928556
0.0912076
0.0960173
0.097697
0.103908
0.104327
0.105124
0.101468
0.102063
0.0996506
0.0951551
0.0929025
0.0921663
0.0968826
0.0984345
0.100614
0.10919
0.103887
0.103896
0.104464
0.104854
0.105188
0.100878
0.102155
0.103258
0.108102
0.105512
0.102958
0.109681
0.106767
0.107817
0.107949
0.106936
0.110356
0.111363
0.107143
0.106428
0.112612
0.108314
0.110228
0.115393
0.118243
0.121465
0.115151
0.119352
0.112947
0.113939
0.114461
0.113044
0.112738
0.114438
0.112333
0.112286
0.112388
0.10979
0.107909
0.110945
0.109517
0.110829
0.110585
0.115319
0.113616
0.107383
0.105219
0.107736
0.115716
0.113247
0.119368
0.12009
0.116333
0.114984
0.117112
0.118714
0.126075
0.119459
0.122361
0.120789
0.120778
0.11787
0.117112
0.121428
0.1187
0.120041
0.119407
0.122048
0.122799
0.116452
0.116082
0.120773
0.121804
0.123236
0.11867
0.114256
0.116533
0.113987
0.117459
0.112819
0.10981
0.11107
0.11269
0.112243
0.114718
0.112967
0.116386
0.124455
0.123422
0.122674
0.124188
0.123767
0.119891
0.123332
0.12358
0.128532
0.125748
0.125362
0.119693
0.116212
0.118645
0.116124
0.115474
0.117654
0.108509
0.11297
0.111817
0.114643
0.114659
0.115045
0.116658
0.108378
0.107478
0.111099
0.112344
0.110951
0.116761
0.114302
0.115461
0.115488
0.113074
0.115485
0.118937
0.117454
0.119076
0.111094
0.114823
0.110254
0.108862
0.108496
0.1048
0.111672
0.11749
0.121903
0.122342
0.121701
0.114794
0.114152
0.119524
0.117308
0.114275
0.119647
0.112497
0.113563
0.107928
0.113847
0.115327
0.109132
0.110363
0.105476
0.111084
0.108651
0.108848
0.107475
0.11035
0.111353
0.110345
0.108043
0.10561
0.113896
0.118456
0.121348
0.123077
0.124174
0.124844
0.123332
0.128991
0.129348
0.128678
0.128838
0.130448
0.129769
0.129817
0.127658
0.134239
0.130585
0.129633
0.126652
0.12863
0.130432
0.131393
0.131714
0.134148
0.129956
0.12734
0.121016
0.122338
0.116653
0.114497
0.109496
0.110827
0.114477
0.117704
0.114195
0.120415
0.118644
0.124212
0.122748
0.120828
0.121836
0.123347
0.123272
0.124113
0.123931
0.123986
0.125175
0.120829
0.121113
0.123789
0.122695
0.11706
0.119778
