1.10715
1.11045
1.11856
1.11505
1.12153
1.12558
1.13159
1.1587
1.16077
1.18189
1.21008
1.20126
1.21661
1.26275
1.29817
1.32183
1.30786
1.31489
1.27652
1.28698
1.26806
1.27029
1.28967
1.3075
1.31042
1.33713
1.34659
1.39471
1.42754
1.40783
1.37206
1.32891
1.37063
1.35476
1.39851
1.40971
1.38554
1.37218
1.37342
1.40029
1.42906
1.4884
1.53584
1.60874
1.61197
1.56087
1.51727
1.54144
1.59672
1.58129
1.58397
1.60025
1.60072
1.58277
1.57033
1.61876
1.70687
1.74125
1.71139
1.71717
1.71395
1.72269
1.72285
1.75559
1.78438
1.80094
1.83528
1.84725
1.87943
1.86788
1.88037
1.91314
1.88362
1.91161
1.95
1.94755
1.93889
1.98104
1.96497
2.0193
2.02395
2.02127
1.98783
1.97335
1.9872
1.96608
1.90138
1.93169
1.91671
1.91692
1.95389
1.93202
1.96218
1.98695
2.05162
2.08593
2.11
2.08572
2.1044
2.09304
2.11453
2.10384
2.11531
2.1318
2.16494
2.13784
2.13913
2.11908
2.06209
2.06273
2.04549
2.03493
2.09271
2.06606
2.07118
2.0732
2.08172
2.09232
2.0847
2.09062
2.09307
2.04265
2.02164
2.01457
2.07761
2.03742
2.01039
2.02152
2.0128
2.0373
2.04445
2.05289
2.05119
2.05647
2.07028
2.07532
2.05555
2.06476
2.02899
2.03436
2.09084
2.09807
2.10526
2.1191
2.11516
2.11937
2.17849
2.12296
2.14942
2.15559
2.18404
2.22323
2.2073
2.19917
2.1804
2.22443
2.29018
2.30102
2.27142
2.29134
2.32138
2.327
2.32674
2.32942
2.30972
2.29862
2.28527
2.28365
2.27538
2.28359
2.2839
2.2731
2.24416
2.25825
2.24918
2.17603
2.22096
2.23447
2.16984
2.18041
2.12493
2.05259
2.0645
2.06716
2.00769
2.01343
2.003
1.99535
2.03132
2.04385
1.9878
1.96013
1.93097
1.94402
1.95917
1.99273
1.97356
1.93716
1.89417
1.81929
1.85623
1.8798
1.88806
1.83995
1.83976
1.81088
1.82219
1.87892
1.8985
1.90976
1.90636
1.92018
1.92308
1.9329
1.95754
1.94267
1.91984
1.94275
1.92385
1.91342
1.8995
1.88543
1.84946
1.84388
1.85991
1.86625
1.83785
1.83955
1.83616
1.82278
1.85796
1.89522
1.8404
1.8424
1.83282
1.85207
1.87436
1.87177
1.81528
1.81475
1.81757
1.84714
1.82564
1.86707
1.85004
1.85449
1.86091
1.83502
1.7893
1.75357
1.78491
1.78583
1.81523
1.80168
1.74913
1.71672
1.72611
1.77182
1.68423
1.66757
1.68445
1.70427
1.69511
1.62958
1.62694
1.56685
1.61719
1.57617
1.54889
1.52313
1.5153
1.5354
1.51747
1.57134
1.58348
1.60586
1.58078
1.6495
1.66812
1.64772
1.64737
1.63974
1.59356
1.60204
1.63465
1.67745
1.67881
1.64687
1.63061
1.60828
1.61196
1.64217
1.60342
1.5993
1.57703
1.58287
1.54579
1.53767
1.55216
1.54298
1.55726
1.52692
1.51578
1.50124
1.53625
1.51031
1.57874
1.62139
1.61209
1.60573
1.5977
1.61978
1.60071
1.58616
1.54279
1.53295
1.54544
1.57412
1.54858
1.55805
1.5528
1.53353
1.52104
1.54302
1.57239
1.58027
1.57675
1.58221
1.56358
1.52293
1.51853
1.49413
1.48484
1.511
1.4521
1.42543
1.41193
1.38033
1.34149
1.39804
1.32605
1.27701
1.2291
1.19734
1.12783
1.13541
1.13238
1.08903
1.09969
1.08275
1.08482
1.09949
1.117
1.12632
1.10442
1.13561
1.122
1.15234
1.16146
1.17494
1.20204
1.17337
1.18087
1.14768
1.12869
1.14881
1.0826
1.04543
1.06489
1.09223
1.08767
1.07834
1.05854
1.04524
1.0422
0.994078
0.98241
0.979612
0.941796
0.933101
0.960493
0.939536
0.946294
0.905878
0.928893
0.941167
0.950157
0.916419
0.883039
0.914069
0.915862
0.933064
0.942957
0.973024
0.94376
0.9118
0.92255
0.91317
0.878484
0.872397
0.873944
0.920318
0.923602
0.910946
0.908111
0.912821
0.86925
0.874945
0.85221
0.862054
0.829979
0.850664
0.835566
0.838079
0.8658
0.858869
0.909076
0.878426
0.870223
0.875129
0.924864
0.939928
0.969023
0.971926
0.904975
0.903786
0.895225
0.887996
0.858986
0.826332
0.87206
0.861334
0.887422
0.857149
0.865554
0.878387
0.854764
0.8417
0.848761
0.848547
0.842764
0.846711
0.825067
0.827232
0.801738
0.804894
0.791884
0.807089
0.848086
0.845472
0.888331
0.890861
0.902421
0.909849
0.939246
0.938813
0.939762
0.922369
0.912984
0.924079
0.936649
0.959984
0.893824
0.916546
0.946339
1.00085
0.978241
1.01515
1.00161
1.00511
1.04353
1.06051
1.0596
1.02758
1.04068
1.10145
1.12037
1.13275
1.07647
1.10875
1.04161
1.0779
1.12429
1.19339
1.19108
1.22315
1.27391
1.25524
1.21716
1.25397
1.2467
1.26826
1.28089
1.24791
1.26589
1.31146
1.24382
1.23137
1.21714
1.19618
1.15543
1.18737
1.21275
1.23131
1.23846
1.22757
1.19884
1.21764
1.20859
1.23659
1.25866
1.22582
1.2031
1.24812
1.26811
1.23172
1.18007
1.14789
1.17789
1.17045
1.14565
1.15354
1.16328
1.14129
1.1644
1.13731
1.11063
1.12195
1.14353
1.13011
1.09803
1.06319
1.09421
1.09108
1.07853
1.08574
1.12286
1.15937
1.10098
1.08716
1.10983
1.14875
1.18982
1.17897
1.17936
1.15409
1.11452
1.0874
1.09312
1.05352
1.04625
1.02626
0.995436
0.970945
0.975676
0.982688
1.01859
0.997254
1.01771
0.996185
0.978277
1.00392
1.00014
1.02591
1.0382
0.987492
0.963705
0.960772
1.02103
1.06698
1.06709
1.13856
1.15876
1.19754
1.22177
1.15386
1.16879
1.14837
1.1481
1.08817
1.11982
1.10995
1.07962
1.08353
1.05167
1.05177
1.02869
1.05449
1.1128
1.09919
1.10022
1.12578
1.11029
1.05662
1.0282
1.07678
1.08577
1.06574
1.06403
1.03634
1.02585
1.03036
1.03069
0.93393
0.960198
0.94
0.979734
0.978393
0.987809
0.991901
1.0195
1.03851
1.02139
0.980233
0.91924
0.98116
0.971208
0.97728
0.978539
0.990269
0.960213
0.921474
0.86632
0.874824
0.836418
0.863773
0.869741
0.95912
0.979229
1.01417
0.991298
1.04174
0.960564
0.953548
0.982168
0.991958
0.966966
0.974083
0.86026
0.954671
0.955081
0.913435
1.00681
1.00293
1.04631
1.04088
1.05982
1.05956
1.04263
1.032
1.10833
1.01648
1.06533
1.10493
1.08251
1.02702
1.02756
0.992834
1.02088
1.06709
1.00019
1.04365
1.08322
1.1286
1.15742
1.13354
1.03847
1.0718
1.01205
1.04374
1.07741
1.11235
1.11145
1.0489
1.10346
1.1442
1.06721
1.07741
1.05591
1.05691
1.05554
1.07533
1.01628
0.990468
0.907564
0.802473
0.758099
0.705624
0.704991
0.737066
0.786608
0.759062
0.835487
0.801936
0.855662
0.878761
0.851187
0.938597
0.952005
1.00741
0.984338
0.99025
0.964433
0.943488
0.949547
0.971002
0.992789
1.04018
1.05622
1.05357
1.056
1.11415
1.09789
1.13016
1.15239
1.17866
1.19078
1.19928
1.2445
1.27315
1.27497
1.33143
1.30138
1.28813
1.32887
1.33819
1.34226
1.30571
1.34737
1.36566
1.38593
1.43941
1.50232
1.61071
1.61035
1.53033
1.64478
1.64883
1.60007
1.66266
1.60434
1.61578
1.58904
1.57614
1.51266
1.4854
1.4402
1.483
1.47266
1.52657
1.47743
1.4434
1.44914
1.53761
1.58008
1.60555
1.63074
1.71748
1.73168
1.75584
1.73462
1.68672
1.7011
1.69705
1.66944
1.64522
1.62963
1.72617
1.76454
1.68065
1.69185
1.65565
1.65494
1.68283
1.67834
1.64466
1.61946
1.58485
1.70311
1.73637
1.64175
1.65257
1.65745
1.69592
1.72732
1.77814
1.83809
1.79031
1.76014
1.7668
1.77083
1.76713
1.71732
1.72815
1.76679
1.76962
1.86195
1.81885
1.86105
1.8598
1.85717
1.85619
1.84621
1.81896
1.90292
1.96414
1.92595
1.95007
1.92324
1.93339
1.87171
1.86167
1.85402
1.85132
1.82982
1.86467
1.87213
1.83686
1.81775
1.80326
1.80067
1.74735
1.81417
1.80908
1.78811
1.8049
1.71583
1.73693
1.6982
1.76541
1.88295
1.90584
1.88184
1.81866
1.81153
1.84146
1.82914
1.86146
1.86895
1.87123
1.94581
1.96165
2.02586
1.98852
1.9835
1.98884
2.02659
2.09257
2.06115
2.0339
2.06371
2.0693
2.10458
2.05761
2.04345
2.03092
2.05972
2.06645
2.0966
2.06828
2.14331
2.09864
2.07146
2.03791
2.0139
2.00982
2.02438
2.06057
2.04773
2.0449
2.05881
2.01675
2.02056
2.08363
2.06265
2.04711
2.03709
2.01216
1.99036
1.98263
2.03943
2.07884
2.10631
2.14922
2.12107
2.14817
2.14404
2.13774
2.12179
2.11832
2.15183
2.21072
2.2157
2.24868
2.26025
2.1864
2.20466
2.2007
2.17337
2.19738
2.18658
2.16807
2.17023
2.14489
2.13491
2.13607
2.12905
2.13306
2.14723
2.14408
2.10076
2.0563
2.1084
2.06593
2.06705
2.08013
2.08999
2.09193
2.11759
2.17277
2.17542
2.15446
2.12506
2.17206
2.11458
2.12418
2.14064
2.17967
2.16348
2.18047
2.21206
2.19707
2.23911
2.24519
2.21036
2.2244
2.20234
2.195
2.18274
2.18001
2.14644
2.14457
2.13697
2.12567
2.15688
2.15237
2.15573
2.19908
2.18177
2.17417
2.11657
2.13552
2.10611
2.10232
2.15067
2.20454
2.21099
2.19138
2.15136
2.09029
2.10189
2.08813
2.04567
1.96702
2.004
2.02784
2.03896
2.04564
2.0902
2.10633
2.09047
2.07496
2.08514
2.04832
2.02717
2.05784
2.03568
2.04222
2.04214
1.98465
2.01126
2.03785
2.05618
2.05605
2.04579
2.08609
2.12713
2.10585
2.10578
2.1654
2.15283
2.16526
2.11639
2.08779
2.07612
2.03676
2.08389
2.06947
2.06007
2.06302
2.01778
2.02623
1.9798
2.01726
1.98815
1.99186
2.00858
2.00713
2.00643
1.99544
2.03408
2.01587
1.97746
2.00602
2.01982
2.01951
2.01531
2.02412
2.03051
2.05104
2.06314
2.05306
2.04485
2.08248
2.07663
2.11439
2.14841
2.11797
2.09098
2.05553
2.08122
2.0428
2.05399
2.04693
2.06157
2.12114
2.18661
2.16971
2.18409
2.2233
2.23167
2.2381
2.1971
2.21696
2.2459
2.26716
2.26366
2.2808
2.27793
2.25236
2.24844
2.26754
2.24426
2.26893
2.30102
2.28221
2.27654
2.25613
2.26228
2.29542
2.29655
2.27246
2.29259
2.29828
2.26323
2.24742
2.2148
2.2259
2.23713
2.21495
2.19684
2.11993
2.09607
2.06714
2.05991
2.04586
2.0356
2.0666
2.08651
2.0689
2.02252
1.99907
1.99575
1.99939
1.97815
1.97368
1.98283
1.98823
2.00838
1.9957
1.98902
1.95194
1.98401
1.92059
1.92238
1.94091
1.90968
1.88453
1.86782
1.871
1.87689
1.87423
1.90795
1.9215
1.92065
1.93723
1.88376
1.858
1.88366
1.85851
1.87571
1.80535
1.75213
1.73734
1.67645
1.61915
1.61502
1.60714
1.58784
1.57802
1.58713
1.5337
1.57767
1.5667
1.58007
1.5616
1.58252
1.58459
1.58301
1.57051
1.59032
1.5371
1.51044
1.52392
1.50336
1.4865
1.41124
1.42583
1.41098
1.37345
1.40366
1.42737
1.38754
1.40551
1.43751
1.45632
1.46644
1.44891
1.40551
1.31584
1.33743
1.36479
1.31978
1.35575
1.32161
1.27796
1.24651
1.21724
1.19234
1.22294
1.19726
1.1906
1.2078
1.16462
1.14681
1.09355
1.08566
1.06705
1.06768
1.06344
1.04335
1.004
1.03708
1.02152
0.999772
0.985596
0.937172
0.935804
0.898737
0.89446
0.881567
0.870373
0.894893
0.895901
0.952282
0.92005
0.878092
0.901202
0.909302
0.92206
0.918041
0.886999
0.881599
0.962657
0.933883
0.976464
0.956328
0.942236
0.972964
1.02313
1.01232
1.05493
1.08264
1.09038
1.07797
1.10197
1.13476
1.13924
1.1672
1.16313
1.10985
1.12296
1.10179
1.0519
1.05882
1.04329
1.02141
1.06314
1.0352
1.0719
1.10036
1.10453
1.12833
1.07506
1.07076
1.10798
1.05324
1.02448
1.02868
1.04501
1.0827
1.11557
1.09689
1.08651
1.09142
1.10885
1.14573
1.11681
1.13081
1.13172
1.09944
1.08538
1.08473
1.07798
1.05694
1.10462
1.10906
1.13603
1.1512
1.15494
1.20172
1.1856
1.21136
1.20385
1.17704
1.1592
1.12574
1.11432
1.16658
1.1567
1.17459
1.14768
1.10238
1.07779
1.10073
1.10756
1.09346
1.1349
1.16326
1.17423
1.10083
1.12915
1.1272
1.14048
1.16578
1.1617
1.18177
1.1638
1.20788
1.22118
1.23712
1.22196
1.28481
1.25808
1.26308
1.27925
1.31631
1.30279
1.32141
1.36646
1.35287
1.35449
1.34205
1.38636
1.38896
1.42081
1.39598
1.40139
1.39335
1.39288
1.40031
1.42131
1.39272
1.38904
1.38175
1.39231
1.39917
1.40423
1.38975
1.43197
1.4174
1.41789
1.39236
1.35475
1.35483
1.34941
1.34958
1.38519
1.40693
1.4309
1.45396
1.49749
1.50944
1.5021
1.45412
1.45884
1.4817
1.49647
1.47811
1.49942
1.50367
1.50124
1.5403
1.60974
1.62108
1.63272
1.65144
1.67632
1.70835
1.70741
1.73482
1.69077
1.70104
1.7387
1.75975
1.76311
1.72361
1.73346
1.76193
1.7929
1.82102
1.81274
1.80442
1.82226
1.85283
1.85065
1.87668
1.93749
1.98276
1.98151
1.98211
1.96876
1.97
1.94734
1.90657
1.91168
1.9642
1.93262
1.89169
1.84714
1.87283
1.86944
1.88287
1.90837
1.91245
1.934
1.89317
1.90559
1.89718
1.88588
1.90408
1.921
1.96027
1.91248
1.87903
1.96501
2.04101
2.04855
2.05391
2.09312
2.07045
2.09342
2.09821
2.1467
2.17165
2.18465
2.20257
2.19731
2.18161
2.19011
2.17378
2.17488
2.13382
2.15049
2.15536
2.16764
2.1874
2.20146
2.18648
2.1856
2.22896
2.20549
2.19679
2.23749
2.31588
2.30723
2.36899
2.34825
2.34185
2.32513
2.34094
2.36713
2.3582
2.34847
2.34298
2.37857
2.44133
2.45982
2.48683
2.46564
2.47449
2.48124
2.51739
2.5188
2.48671
2.48923
2.52259
2.53221
2.55055
2.55829
2.52245
2.5276
2.51582
2.56085
2.55113
2.52928
2.51844
2.54839
2.53996
2.50943
2.49606
2.51267
2.539
2.52416
2.50232
2.56198
2.58284
2.55171
2.5295
2.50618
2.51619
2.51398
2.52223
2.57064
2.55637
2.51056
2.50838
2.4536
2.47552
2.48401
2.45977
2.46293
2.49688
2.45502
2.4346
2.41975
2.44406
2.46681
2.48788
2.52701
2.49733
2.46572
2.48194
2.489
2.50135
2.50043
2.50585
2.52171
2.48804
2.50481
2.49706
2.50233
2.43738
2.40735
2.42
2.37369
2.36559
2.38967
2.41037
2.3838
2.36591
2.33536
2.36399
2.38863
2.37098
2.34901
2.38717
2.35219
2.29533
2.34248
2.37156
2.37334
2.31846
2.25098
2.2859
2.29177
2.23983
2.18818
2.19992
2.1529
2.17428
2.14703
2.17659
2.20572
2.19974
2.15578
2.11195
2.16738
2.14745
2.13464
2.12944
2.14124
2.18792
2.178
2.18634
2.15608
2.17879
2.14715
2.18512
2.17965
2.16748
2.20211
2.1745
2.15569
2.11234
2.12752
2.14077
2.11734
2.12229
2.12775
2.18551
2.17238
2.22162
2.25037
2.25008
2.21091
2.24783
2.24562
2.20022
2.23556
2.22417
2.22048
2.18384
2.11572
2.20065
2.14664
2.14165
2.08093
2.06231
2.00767
1.97215
2.01186
1.91971
1.87329
1.93299
2.00652
2.00825
1.97221
1.96416
1.97508
2.02134
2.01778
1.97693
1.94353
1.96825
1.95868
1.99687
1.9326
1.78136
1.74337
1.68316
1.66462
1.68283
1.68302
1.6935
1.69537
1.68838
1.75704
1.72212
1.69513
1.70971
1.70184
1.68379
1.66176
1.66152
1.61447
1.61955
1.68216
1.69988
1.70497
1.67253
1.63531
1.63988
1.63045
1.59015
1.5914
1.62237
1.62788
1.6213
1.61048
1.61128
1.63547
1.64366
1.60219
1.5936
1.62778
1.57847
1.58383
1.59878
1.60279
1.59702
1.58164
1.57315
1.60934
1.57721
1.58704
1.55593
1.51124
1.60459
1.61045
1.60427
1.62022
1.6679
1.62878
1.53062
1.54931
1.51828
1.5241
1.52922
1.49143
1.46956
1.46829
1.53831
1.54631
1.56887
1.5654
1.55449
1.56915
1.59837
1.60092
1.60632
1.57936
1.54169
1.54662
1.54814
1.53387
1.49805
1.53452
1.54942
1.54152
1.51839
1.55285
1.56
1.54377
1.52079
1.55663
1.60673
1.61948
1.55975
1.58336
1.56898
1.58174
1.56322
1.5474
1.55785
1.4412
1.45402
1.43861
1.47443
1.49815
1.52742
1.52699
1.5412
1.56347
1.56997
1.50704
1.46463
1.43194
1.3777
1.4068
1.41535
1.40585
1.40439
1.35545
1.36333
1.40758
1.4943
1.43252
1.45559
1.39618
1.41119
1.41693
1.36637
1.37348
1.41897
1.44349
1.46401
1.47278
1.48122
1.49185
1.48798
1.51546
1.5056
1.42575
1.43471
1.4088
1.41316
1.36655
1.39018
1.35708
1.40891
1.42023
1.44126
1.46641
1.47162
1.52835
1.58136
1.66413
1.69654
1.633
1.57571
1.52466
1.6066
1.57563
1.60912
1.58702
1.55258
1.5996
1.55328
1.56843
1.5471
1.54774
1.52795
1.55895
1.58525
1.56654
1.56964
1.51467
1.54462
1.5566
1.51209
1.48502
1.48189
1.48851
1.50374
1.50309
1.45021
1.46819
1.50051
1.50842
1.52629
1.53523
1.55411
1.49174
1.44424
1.43909
1.39428
1.35681
1.34656
1.28886
1.2534
1.23851
1.2739
1.21897
1.1363
1.13332
1.04563
1.03462
1.12186
1.13327
1.08765
1.09865
1.03481
1.00014
1.03149
1.03226
1.0787
1.06014
1.12206
1.09515
1.08364
1.12442
1.0741
1.05434
1.0552
1.07625
1.10326
1.04368
1.03924
1.06406
1.04885
1.03263
0.972249
0.931887
0.940778
0.875973
0.813306
0.813911
0.953293
0.911788
0.993981
0.914107
0.911489
0.906132
1.01959
0.993479
0.910822
0.962324
0.951543
1.01686
0.978356
0.975236
0.921815
0.882394
0.836751
0.852194
0.891895
0.852187
0.927449
0.941714
1.01771
1.09283
1.06094
1.11735
1.13075
1.16322
1.13272
1.19114
1.1512
1.13985
1.17678
1.21167
1.08438
1.0449
1.05227
0.980956
0.978397
1.04654
1.07877
1.01873
1.00302
1.04446
0.987923
1.0568
1.01876
0.979307
0.973277
1.03437
1.06016
1.10811
1.07123
1.02872
1.00985
1.07078
1.13764
1.14521
1.17203
1.23784
1.27148
1.22028
1.262
1.30999
1.35342
1.30165
1.37385
1.39441
1.43966
1.50064
1.54331
1.53844
1.59362
1.57523
1.59512
1.69296
1.64971
1.64103
1.6546
1.74668
1.78196
1.78498
1.73855
1.76219
1.79433
1.7774
1.79617
1.78342
1.83244
1.83701
1.84024
1.85157
1.96035
2.016
2.06978
1.97687
2.00162
2.01163
2.05133
2.10281
2.20982
2.21199
2.18615
2.16225
2.20625
2.17893
2.16014
2.1001
2.10447
2.08139
2.09927
2.05911
2.05627
2.07711
2.05389
2.07093
2.12286
2.14892
2.13413
2.15476
2.12801
2.12748
2.18139
2.20422
2.13628
2.13682
2.06458
2.11578
2.09017
2.11789
2.12552
2.205
2.21993
2.24895
2.18365
2.16546
2.22449
2.21562
2.21133
2.23479
2.27179
2.2991
2.34465
2.39509
2.39296
2.30796
2.39219
2.40755
2.43291
2.43821
2.43398
2.40009
2.36013
2.38133
2.36059
2.35223
2.39728
2.41902
2.47848
2.50002
2.44491
2.36901
2.3057
2.41233
2.41892
2.36457
2.40195
2.44305
2.51764
2.46502
2.51563
2.54474
2.52768
2.47597
2.48867
2.46048
2.42972
2.51878
2.48667
2.44489
2.35771
2.35512
2.22578
2.21462
2.2444
2.26462
2.20996
2.33958
2.33569
2.40993
2.43564
2.41827
2.37169
2.37622
2.32905
2.32946
2.25571
2.3612
2.35591
2.37207
2.35528
2.2885
2.20064
2.25566
2.289
2.28709
2.31739
2.36083
2.29371
2.19473
2.24551
2.30773
2.31504
2.33546
2.36573
2.45917
2.49744
2.50303
2.59153
2.58059
2.55639
2.54802
2.50939
2.4847
2.47839
2.47882
2.45326
2.36026
2.27141
2.23934
2.28163
2.36146
2.36152
2.27777
2.3476
2.33759
2.38108
2.37981
2.30601
2.29954
2.36366
2.3601
2.26316
2.27448
2.34578
2.27827
2.21945
2.15027
2.16441
2.10378
2.19437
2.17164
2.16995
2.12138
2.07242
2.01379
2.0431
2.06984
1.98213
1.81026
1.74974
1.68547
1.62106
1.72135
1.73518
1.90688
1.89345
1.79813
1.76967
1.68826
1.68075
1.67627
1.6241
1.64549
1.61368
1.55473
1.60149
1.65838
1.61186
1.56339
1.53347
1.50885
1.43502
1.42922
1.43281
1.3889
1.37946
1.33445
1.28731
1.30562
1.29147
1.25569
1.20437
1.24709
1.21223
1.25064
1.24088
1.26534
1.31821
1.26199
1.2311
1.24628
1.20204
1.28803
1.26446
1.13636
1.0651
0.97145
1.00254
0.931084
0.826946
0.792223
0.769771
0.790015
0.713402
0.670239
0.621258
0.623953
0.538047
0.523234
0.462924
0.436251
0.454842
0.433233
0.395043
0.323305
0.31779
0.307065
0.292336
0.268962
0.249539
0.278908
0.296024
0.276519
0.255617
0.225526
0.212385
0.214287
0.167065
0.108883
0.0856084
0.0213657
0.00467116
-0.0147812
-0.0137337
0.0754213
0.0586296
0.0483829
-0.0121498
0.0216381
-0.0353867
-0.0797749
-0.0402767
-0.0458718
-0.0855601
-0.168939
-0.101345
-0.114184
-0.126428
-0.0996573
-0.0476468
-0.0384992
-0.00837308
0.0113392
0.0474379
0.117147
0.14604
0.138186
0.16968
0.0398094
0.0677587
0.0842903
0.089723
0.0252769
0.0163625
-0.0164948
-0.00929568
-0.022791
-0.0280462
-0.000179436
0.00622473
0.00704605
0.0111776
-0.000112764
-0.0532176
-0.0383799
0.064289
0.116299
0.150968
0.13911
0.122692
0.100767
0.0509139
0.097946
0.122032
0.111936
0.103757
0.0810195
0.06152
0.00865874
0.0400967
0.0225904
0.00244562
0.00267203
0.0180365
-0.0171778
0.00333976
-0.0451169
-0.033225
-0.0910936
-0.0713296
-0.00905209
-0.0116391
-0.021592
0.0297622
0.0176708
0.0270239
0.0229548
0.0304319
0.0534157
0.0167378
-0.0211531
-0.0113487
-0.0154846
-0.0147061
0.00915836
-0.0117592
-0.0145544
-0.0199103
0.0108164
-0.0273141
-0.0681946
-0.0743341
-0.0783866
0.00501802
0.0100855
-0.00554021
0.0163889
-0.0383846
-0.0221048
-0.0126861
-0.0432832
-0.0318912
-0.0395995
-0.0445569
-0.0978376
-0.0728907
-0.0938185
-0.140239
-0.125701
-0.154238
-0.137633
-0.144482
-0.116812
-0.132991
-0.0890107
-0.115628
-0.10956
-0.098697
-0.163746
-0.155564
-0.14246
-0.140663
-0.0862731
-0.0330422
-0.0464442
-0.0157217
-0.00453343
0.0115486
-0.00288306
-0.0297894
-0.0479847
0.0188618
0.00542455
0.0145113
0.00570066
0.0448529
0.047679
0.0475621
0.0663003
0.0708985
0.0995344
0.125669
0.117578
0.106751
0.110947
0.128882
0.120606
0.143667
0.122872
0.156975
0.138467
0.193152
0.165983
0.112102
0.126431
0.0838861
0.0147841
-0.00551747
-0.0879381
-0.0630133
-0.0855474
-0.091874
-0.0909074
-0.0687156
-0.115423
-0.0245618
0.0269966
0.0152622
0.017882
0.0237184
0.0844016
0.0756221
0.0752198
0.0183887
0.106302
0.0881675
0.102067
0.0732908
0.0843552
0.0317557
0.0322823
-0.0320195
-0.0335032
-0.0404734
-0.0499124
-0.0440713
-0.046002
-0.0695541
-0.0784513
-0.0999224
-0.084982
-0.147659
-0.207354
-0.220752
-0.171005
-0.189104
-0.123665
-0.101972
-0.11033
-0.0331381
0.0186805
-0.00974764
0.0935456
0.0648449
0.0444514
0.0667466
0.127826
0.160517
0.223761
0.206403
0.255345
0.242356
0.223356
0.234607
0.211923
0.197766
0.214531
0.092601
0.104896
0.0841995
0.110107
0.135585
0.0824607
0.0820812
0.116604
0.115751
0.0933631
0.0775934
0.106301
0.0508078
0.068315
0.121089
0.155555
0.156834
0.223877
0.223586
0.166255
0.157782
0.116652
0.203708
0.2614
0.229571
0.222856
0.173206
0.182795
0.195768
0.158232
0.104496
0.0970041
0.123211
0.0968487
0.0624157
0.052731
0.0540699
0.0818665
0.0864842
0.0748779
0.100551
0.0940237
0.141862
0.110091
0.0908135
0.0585497
0.00316819
0.0590103
0.0176937
0.0147079
0.0865518
0.0373371
0.0553817
0.1473
0.0770873
0.103023
0.125136
0.0781931
0.10004
0.11731
0.0707632
0.105696
0.120927
0.184158
0.228281
0.216148
0.226839
0.220956
0.284461
0.338028
0.344793
0.31705
0.284644
0.300284
0.317713
0.318194
0.327345
0.315434
0.290843
0.329582
0.329451
0.382533
0.438427
0.430219
0.419371
0.495455
0.535038
0.515146
0.480164
0.408214
0.2542
0.338991
0.198956
0.227753
0.313225
0.377009
0.412248
0.302379
0.281024
0.186746
0.139466
0.093504
0.0322712
-0.0792976
-0.0352799
0.0180528
0.116834
0.136485
0.193703
0.265624
0.221692
0.255842
0.266686
0.35991
0.268706
0.266729
0.316558
0.307048
0.319992
0.440871
0.529199
0.478971
0.504043
0.516256
0.488927
0.488074
0.447056
0.472898
0.430901
0.41665
0.432514
0.511375
0.579734
0.560237
0.561316
0.599108
0.55882
0.550172
0.607312
0.594264
0.506564
0.476725
0.547031
0.500873
0.506496
0.536736
0.587115
0.56244
0.538979
0.557453
0.618689
0.519569
0.491324
0.45935
0.459145
0.434305
0.398259
0.404088
0.360654
0.322464
0.42832
0.565292
0.582015
0.514882
0.466339
0.45082
0.426268
0.452964
0.494356
0.520743
0.577047
0.589122
0.605663
0.649043
0.67035
0.702332
0.680186
0.663698
0.655366
0.680475
0.619801
0.6322
0.751111
0.908363
0.86068
0.91112
0.98779
0.951426
1.01928
1.05998
0.993742
0.943731
0.901614
0.88109
1.00298
0.797542
0.737265
0.77027
0.659454
0.676656
0.691744
0.787617
0.815531
0.834707
0.959566
0.937281
0.943315
0.961048
0.925389
0.894651
0.947157
0.953643
0.890629
0.869966
0.887537
0.908896
0.94556
0.94145
0.911804
0.859849
0.826098
0.781051
0.734406
0.886047
0.901033
0.875745
0.846289
0.804621
0.814371
0.860905
0.925774
0.833496
0.906385
0.911631
0.882245
0.809934
0.716132
0.663127
0.644617
0.672122
0.705212
0.6882
0.733801
0.725803
0.698065
0.836466
0.840666
0.968277
0.999843
1.10101
1.11331
1.22394
1.2971
1.33315
1.29467
1.30203
1.25714
1.27323
1.34048
1.33569
1.16452
1.04247
0.912764
1.05942
1.11493
1.21569
1.15082
1.03675
0.855645
0.952342
1.04286
1.20643
1.17453
1.10656
0.983719
1.10871
1.2495
1.33781
1.43898
1.49425
1.60188
1.60688
1.56733
1.44715
1.31321
1.18008
1.17846
1.42298
1.30756
1.16088
0.975988
0.960775
0.801879
0.788235
0.673037
0.539102
0.44328
0.464968
0.494046
0.433069
0.3506
0.369404
0.278445
0.2439
0.321064
0.386836
0.442455
0.359701
0.487372
0.572254
0.585703
0.532407
0.598968
0.622054
0.768392
0.6974
0.832453
0.867077
0.778513
0.811152
0.847505
0.794886
0.662656
0.697236
0.824893
0.843553
0.990146
0.817032
0.825762
0.905805
0.908267
0.921997
0.8375
0.828055
0.826909
0.832602
0.793741
0.844265
0.838207
0.82788
0.766834
0.691926
0.673622
0.651649
0.798472
0.86284
0.829144
0.693092
0.59115
0.66669
0.750611
0.769866
0.682703
0.65806
0.578664
0.610027
0.742042
0.699846
0.689964
0.932941
0.856885
0.913724
0.85738
0.864135
0.897955
0.882911
0.710494
0.701901
0.725529
0.793863
0.816367
0.768418
0.837413
0.754813
0.699019
0.826029
0.918123
0.955864
0.931217
0.929555
1.03727
1.05689
1.07197
0.969772
1.0611
1.12593
1.02491
1.15484
1.21941
1.19039
1.23214
1.18796
1.26203
1.22139
1.16199
1.18038
1.1758
1.19379
1.23324
1.27134
1.21461
1.18179
1.16395
1.14684
1.10444
1.0798
1.15426
1.11792
1.07712
0.931176
0.905035
0.795049
0.975195
0.869558
0.829525
0.927339
0.970651
0.937796
0.96801
0.867982
0.988884
0.938279
1.03659
1.00536
0.989315
0.977068
1.01035
1.07493
1.17907
1.30115
1.22723
1.20401
1.29697
1.26749
1.2301
1.06888
1.21941
1.21694
1.38944
1.22023
1.3547
1.39675
1.32503
1.36131
1.34955
1.30429
1.28829
1.43217
1.14042
1.25857
1.28006
1.3934
1.51301
1.47636
1.36374
1.18815
1.0886
1.08006
1.04305
1.12886
1.25046
1.228
1.05607
1.13046
1.01095
1.10694
1.01981
0.910925
1.15287
1.24769
1.37111
1.31589
1.40666
1.45261
1.55196
1.52366
1.37469
1.46256
1.50258
1.52476
1.63529
1.54531
1.40602
1.44142
1.51504
1.72184
1.56425
1.54498
1.5917
1.69484
1.70739
1.64072
1.51251
1.52922
1.56824
1.47973
1.58478
1.63109
1.79474
1.82833
1.88095
1.9987
2.05451
1.74683
1.75594
1.66363
1.67439
1.83489
1.69528
2.06255
2.16073
2.37121
2.38318
2.13297
2.20556
2.20512
2.20114
2.07361
2.17787
2.0406
2.2215
2.21545
2.06608
1.95328
1.99619
1.93789
2.00217
2.0084
2.07596
2.14247
2.0856
2.1347
2.08634
2.02896
1.91008
1.83518
1.96661
2.05758
2.06892
1.99443
2.14805
2.14762
2.16051
2.21988
2.18428
2.15256
2.2113
2.20836
2.29305
2.36128
2.3673
2.17247
2.20209
2.41432
2.29151
2.40466
2.42209
2.30849
2.27578
2.39889
2.35485
2.46332
2.42536
2.38639
2.44272
2.27653
2.30899
2.29048
2.29676
2.28403
2.29268
2.29052
2.15886
2.06279
2.054
2.21451
2.13725
2.09055
2.21985
2.33534
2.37649
2.25882
2.3279
2.35354
2.42382
2.40625
2.2724
2.22273
2.23553
2.26646
2.3462
2.27873
2.2565
2.25423
2.28135
2.42751
2.41167
2.42428
2.38103
2.37893
2.28604
2.18927
2.19172
2.10453
2.10883
2.07081
1.86399
1.88078
1.79632
1.96806
1.85303
1.73503
1.63378
1.70011
1.62389
1.79754
1.73348
1.63943
1.68036
1.7678
1.78554
1.74913
1.61484
1.64849
1.60766
1.65507
1.68944
1.78401
1.80175
1.71371
1.72782
1.705
1.77546
1.6821
1.74375
1.78861
1.7353
1.70686
1.68661
1.81799
1.83137
1.77749
1.73672
1.79838
1.84632
2.00523
2.06733
2.16332
2.24904
2.26689
2.23874
2.20809
2.16699
2.30136
2.3464
2.26637
2.29519
2.3072
2.26775
2.22844
2.31541
2.41294
2.56769
2.49545
2.64783
2.70619
2.58233
2.42921
2.36172
2.56552
2.50881
2.51459
2.54828
2.59604
2.63435
2.68684
2.58016
2.54945
2.5178
2.56549
2.56525
2.55796
2.5925
2.64926
2.77783
2.76425
2.70246
2.65573
2.4857
2.49761
2.56377
2.41923
2.37473
2.54516
2.52815
2.53857
2.56868
2.5085
2.47398
2.4522
2.44997
2.43102
2.33815
2.08994
2.00579
1.99004
1.9692
1.94762
1.92105
1.91604
2.0158
1.97705
2.07888
2.1688
2.11924
2.25303
2.30002
2.31593
2.35173
2.37934
2.4311
2.46398
2.35587
2.24057
2.23762
2.26975
2.14424
2.16776
2.09441
2.06268
2.14072
2.23218
2.39766
2.37024
2.44616
2.42299
2.51174
2.52259
2.5279
2.43192
2.45589
2.46488
2.53154
2.56918
2.59175
2.62833
2.64771
2.61291
2.71156
2.70736
2.74504
2.77829
2.81814
2.88815
2.94917
2.95987
3.00268
2.9811
2.89656
2.83743
2.86076
2.89616
2.96324
2.76896
2.84574
2.87021
2.92266
2.91885
2.98929
2.98299
2.92763
2.77594
2.91366
2.77186
2.71092
2.70952
2.81998
2.82469
2.78552
2.93716
2.99305
-3.04724
-2.95626
-3.08916
3.10621
3.09627
3.05708
3.02196
2.98339
3.0074
3.01945
2.86458
2.90261
2.81702
2.82978
2.7384
2.7734
2.83827
2.81119
2.88661
2.99223
3.02382
3.05366
3.10278
3.08793
2.98989
2.9693
3.00383
2.90053
2.88656
2.88185
2.81177
2.70922
2.89119
2.92092
2.91312
2.94029
2.9487
3.00324
2.97759
3.0157
3.03535
3.02592
3.01578
3.09541
3.00868
2.94437
2.82216
2.83226
2.94488
2.94369
2.99238
2.98839
3.00414
2.86
2.93463
2.91317
2.98705
2.96821
2.99382
2.96095
2.93247
2.94944
2.95065
2.97318
3.03757
3.09232
-3.1299
3.12671
3.08444
3.07217
3.07685
3.14029
3.13198
3.11082
3.10147
3.07417
3.1258
3.12127
3.10595
3.10279
3.11214
3.07467
-3.12093
-3.02494
-2.99869
-2.94416
-2.93282
-2.92056
-2.90765
-2.90995
-2.92623
-2.88081
-2.94324
-2.85441
-2.83796
-2.82407
-2.74352
-2.74274
-2.79664
-2.79558
-2.67897
-2.7366
-2.65457
-2.69139
-2.64326
-2.63855
-2.60189
-2.60865
-2.63261
-2.72375
-2.79642
-2.81002
-2.8161
-2.83993
-2.79073
-2.82185
-2.74117
-2.70819
-2.69244
-2.5968
-2.60778
-2.55898
-2.51647
-2.46651
-2.58743
-2.54788
-2.52665
-2.5732
-2.68461
-2.7454
-2.73536
-2.77061
-2.75206
-2.66076
-2.66328
-2.66902
-2.66865
-2.5998
-2.57752
-2.60277
-2.5828
-2.54679
-2.5387
-2.53977
-2.6057
-2.66912
-2.64944
-2.69557
-2.69027
-2.69617
-2.70768
-2.65642
-2.62551
-2.64042
-2.70441
-2.6391
-2.62999
-2.60716
-2.59642
-2.60543
-2.61749
-2.65123
-2.60734
-2.64276
-2.65396
-2.62561
-2.63264
-2.71497
-2.73244
-2.74187
-2.73005
-2.70557
-2.70459
-2.72853
-2.72007
-2.68248
-2.65939
-2.62788
-2.62054
-2.5583
-2.53248
-2.50825
-2.54426
-2.4534
-2.42246
-2.39547
-2.47628
-2.46384
-2.53677
-2.52318
-2.57088
-2.52936
-2.4921
-2.49155
-2.48652
-2.47779
-2.51059
-2.55432
-2.50631
-2.48935
-2.49402
-2.49495
-2.51046
-2.452
-2.44215
-2.42542
-2.43803
-2.44472
-2.42817
-2.42391
-2.45237
-2.42859
-2.43944
-2.40997
-2.39257
-2.40769
-2.42069
-2.45614
-2.51575
-2.51046
-2.48049
-2.45948
-2.48332
-2.42804
-2.46609
-2.49275
-2.47925
-2.49848
-2.52576
-2.53848
-2.53135
-2.51858
-2.53249
-2.53183
-2.5227
-2.53903
-2.52975
-2.54568
-2.58817
-2.59068
-2.55733
-2.57833
-2.57568
-2.56554
-2.6043
-2.59298
-2.65084
-2.62928
-2.64748
-2.59331
-2.58522
-2.60662
-2.60321
-2.58312
-2.57744
-2.62556
-2.60733
-2.59191
-2.60814
-2.65074
-2.63218
-2.60051
-2.60158
-2.61211
-2.63207
-2.66135
-2.66226
-2.66742
-2.69274
-2.69385
-2.71675
-2.68048
-2.63552
-2.64343
-2.64399
-2.63683
-2.60679
-2.58885
-2.5767
-2.55441
-2.59945
-2.636
-2.69183
-2.74744
-2.69555
-2.654
-2.61584
-2.66987
-2.66009
-2.71531
-2.70721
-2.68881
-2.73224
-2.70784
-2.66925
-2.6532
-2.64654
-2.66155
-2.66076
-2.63593
-2.61783
-2.59673
-2.5232
-2.50735
-2.5163
-2.53226
-2.50683
-2.53094
-2.57344
-2.55274
-2.53253
-2.46639
-2.46741
-2.46483
-2.42895
-2.39758
-2.38714
-2.38511
-2.39191
-2.37678
-2.41301
-2.41434
-2.35801
-2.34075
-2.37027
-2.32165
-2.27771
-2.25418
-2.2256
-2.16833
-2.11773
-2.11645
-2.11663
-2.11038
-2.1463
-2.14042
-2.1435
-2.10802
-2.10588
-2.13247
-2.11317
-2.08771
-2.07916
-2.07839
-2.06467
-2.06186
-2.10034
-2.12591
-2.12436
-2.04583
-2.07928
-2.02432
-2.01837
-2.06005
-2.08305
-2.03288
-2.04525
-2.02493
-1.97831
-2.0186
-1.97501
-1.94227
-1.9329
-1.97215
-1.96067
-1.99105
-1.98411
-1.95246
-1.94694
-1.86185
-1.87039
-1.80294
-1.86589
-1.85997
-1.81237
-1.78437
-1.81133
-1.74438
-1.75915
-1.76509
-1.77602
-1.82458
-1.83124
-1.78505
-1.75481
-1.77943
-1.79974
-1.72775
-1.74563
-1.66011
-1.67959
-1.66142
-1.6935
-1.76128
-1.7604
-1.68034
-1.68237
-1.7228
-1.71131
-1.60015
-1.58592
-1.49074
-1.46656
-1.4321
-1.41062
-1.39581
-1.44464
-1.41695
-1.32941
-1.29368
-1.33689
-1.36999
-1.35374
-1.31914
-1.33377
-1.31434
-1.30891
-1.23466
-1.29424
-1.34111
-1.28425
-1.2398
-1.21659
-1.18969
-1.16269
-1.17849
-1.17519
-1.17562
-1.20387
-1.11529
-1.10009
-1.06274
-1.07262
-1.17012
-1.11044
-1.09776
-1.04563
-1.01065
-1.0551
-1.08526
-1.0808
-1.12345
-1.08386
-1.05723
-1.05888
-1.06451
-1.10372
-1.10333
-1.06173
-1.05257
-1.04564
-1.08307
-1.06687
-1.02479
-1.01168
-1.00809
-1.00961
-1.08582
-1.02604
-0.99003
-0.983851
-1.07183
-1.02908
-1.07237
-0.994795
-1.03969
-1.02697
-1.02572
-1.00559
-1.01827
-1.00638
-0.976003
-1.02362
-0.996107
-1.01423
-1.01919
-1.00235
-1.01848
-1.04862
-0.966999
-0.875658
-0.841302
-0.841105
-0.818696
-0.791312
-0.809653
-0.841833
-0.877133
-0.80423
-0.787922
-0.801464
-0.812041
-0.768825
-0.754338
-0.750363
-0.792861
-0.778197
-0.718813
-0.676468
-0.673701
-0.617873
-0.553778
-0.600187
-0.58791
-0.574125
-0.589722
-0.612517
-0.543202
-0.560537
-0.492733
-0.48187
-0.416271
-0.404275
-0.362774
-0.361366
-0.40566
-0.42146
-0.404444
-0.427123
-0.452268
-0.375836
-0.40488
-0.395635
-0.404499
-0.406903
-0.367384
-0.298596
-0.27482
-0.26468
-0.228701
-0.307242
-0.33257
-0.3396
-0.293918
-0.364146
-0.383798
-0.418227
-0.399432
-0.398637
-0.406988
-0.420692
-0.439987
-0.490706
-0.439488
-0.397812
-0.373633
-0.356303
-0.382337
-0.390769
-0.351079
-0.249025
-0.283645
-0.30179
-0.299693
-0.234728
-0.213663
-0.206616
-0.213043
-0.206595
-0.161853
-0.169131
-0.200148
-0.205932
-0.221106
-0.19204
-0.243526
-0.209517
-0.174688
-0.227151
-0.232228
-0.232281
-0.218796
-0.248264
-0.230529
-0.30568
-0.299054
-0.266735
-0.219173
-0.171534
-0.190515
-0.188326
-0.220973
-0.203057
-0.209265
-0.227094
-0.200567
-0.146518
-0.189076
-0.202696
-0.197395
-0.181266
-0.235259
-0.192101
-0.167558
-0.209715
-0.217772
-0.188545
-0.233115
-0.196942
-0.224065
-0.27909
-0.181145
-0.0259597
-0.0233198
-0.0288757
0.0113655
-0.016217
0.0655487
0.190716
0.185898
0.16488
0.174924
0.0656392
0.128014
0.0856082
0.02368
0.0333617
0.014817
-0.0582786
-0.046036
-0.0713122
0.0206659
-0.00618175
-0.0452496
-0.00442139
-0.0227358
-0.0215519
-0.103726
-0.143301
-0.107808
-0.0689431
-0.0579029
-0.0649699
0.0901622
0.224851
0.27451
0.266321
0.287361
0.249107
0.371107
0.289748
0.254904
0.189745
0.193176
0.206959
0.255525
0.285118
0.258311
0.321752
0.380708
0.4193
0.484976
0.559489
0.525714
0.520559
0.580987
0.497672
0.502314
0.582971
0.590707
0.674292
0.655944
0.650142
0.656857
0.7541
0.750967
0.782599
0.771235
0.758724
0.725163
0.739594
0.752157
0.706195
0.69599
0.697279
0.603819
0.578133
0.566849
0.58172
0.575113
0.554051
0.580008
0.531173
0.545871
0.528802
0.438418
0.389175
0.440209
0.502889
0.470948
0.468681
0.401769
0.413774
0.41864
0.42091
0.374049
0.386795
0.428522
0.446024
0.517472
0.471006
0.519626
0.438646
0.414977
0.417542
0.388082
0.444648
0.546045
0.589364
0.508693
0.593653
0.659648
0.647943
0.624912
0.554873
0.627317
0.642846
0.621343
0.655608
0.661292
0.743309
0.624346
0.703509
0.551454
0.515919
0.511686
0.528676
0.521951
0.456428
0.523735
0.545977
0.511116
0.475799
0.450145
0.467056
0.389966
0.408728
0.444933
0.464768
0.497365
0.504997
0.500789
0.512844
0.522705
0.53871
0.554995
0.518998
0.554544
0.486042
0.44298
0.421882
0.372329
0.387467
0.437426
0.431923
0.482055
0.45763
0.48047
0.476232
0.454677
0.403381
0.397705
0.43224
0.391182
0.421042
0.468852
0.42386
0.444938
0.487375
0.493978
0.605616
0.653008
0.665153
0.693467
0.662689
0.585588
0.59586
0.546152
0.595737
0.568145
0.521332
0.495583
0.474684
0.427015
0.502516
0.547324
0.624943
0.665391
0.683438
0.712025
0.678209
0.758815
0.776235
0.816106
0.79258
0.736975
0.761839
0.772239
0.807873
0.816442
0.824335
0.841238
0.870444
0.912533
0.93579
0.876427
0.924608
0.939253
1.00783
0.996388
1.01086
1.03249
0.902914
0.859314
0.924517
0.984393
0.896267
0.962204
0.992025
1.01673
1.08141
1.14722
1.20915
1.15417
1.14325
1.122
1.16285
1.14222
1.16168
1.19058
1.19749
1.14825
1.10494
1.0943
1.02065
1.0647
1.07588
1.11221
1.0804
1.09847
1.00595
1.03866
1.13303
1.14713
1.17459
1.16733
1.1869
1.24003
1.27955
1.3303
1.26949
1.20498
1.19941
1.1725
1.10187
1.13358
1.12276
1.13813
1.10629
1.17619
1.20662
1.23041
1.24141
1.23898
1.26501
1.27546
1.28655
1.28609
1.19678
1.13942
1.15182
1.1417
1.17951
1.1636
1.20555
1.28145
1.32125
1.30545
1.29014
1.2174
1.15173
1.18864
1.18467
1.17597
1.17549
1.1885
1.23906
1.26503
1.22641
1.23347
1.23622
1.27071
1.29472
1.4178
1.40852
1.3502
1.33196
1.49163
1.58885
1.6933
1.72009
1.77614
1.81139
1.85709
1.80237
1.84738
1.88255
1.92922
1.90414
1.86644
1.86976
1.82549
1.80655
1.78983
1.7985
1.73363
1.8009
1.75016
1.73196
1.72439
1.70978
1.68996
1.76691
1.79518
1.80682
1.80379
1.81569
1.87188
1.83869
1.88734
1.89871
1.92734
1.90064
1.91331
2.00036
2.04782
2.05483
2.05449
2.05175
2.08131
2.04823
2.03173
2.03029
2.01314
2.07855
2.01117
2.07995
2.06698
2.11908
2.09156
2.11669
2.08046
2.08712
2.06133
2.02421
1.95974
1.9411
1.85311
1.88014
1.88483
1.82422
1.76697
1.83981
1.8917
1.861
1.89457
1.84261
1.83886
1.79855
1.87438
1.88501
1.81467
1.74503
1.71224
1.76282
1.77411
1.81815
1.81017
1.82146
1.82816
1.90546
1.90285
1.96433
1.94799
1.88051
1.98084
1.96677
2.00108
2.02346
2.04343
2.09717
2.13025
2.06727
2.06256
2.08611
2.109
2.11256
2.18769
2.20889
2.20614
2.25354
2.31692
2.28092
2.29612
2.24872
2.25914
2.22789
2.26736
2.29291
2.34303
2.35461
2.39786
2.40205
2.43429
2.42378
2.4804
2.44681
2.38845
2.43374
2.43943
2.40844
2.46003
2.50324
2.49906
2.46954
2.44411
2.51041
2.54713
2.56787
2.51798
2.49555
2.46648
2.46874
2.52094
2.5278
2.50351
2.49953
2.48002
2.46297
2.39481
2.40711
2.38813
2.39906
2.43378
2.4665
2.50342
2.49278
2.51666
2.57644
2.58656
2.56518
2.57225
2.60168
2.6325
2.59275
2.59106
2.58283
2.5281
2.57719
2.60228
2.62514
2.5707
2.57986
2.63736
2.64249
2.65907
2.66888
2.68428
2.66606
2.70361
2.73615
2.73889
2.72354
2.73407
2.68247
2.6716
2.69124
2.68485
2.69972
2.72948
2.76171
2.73811
2.74571
2.71116
2.74526
2.70168
2.73516
2.73976
2.70849
2.68187
2.66343
2.68022
2.68329
2.68954
2.75755
2.77565
2.80133
2.79908
2.83786
2.87916
2.92686
2.92123
2.89196
2.90728
2.94551
2.86893
2.87741
2.84676
2.84527
2.84402
2.85507
2.86515
2.86986
2.84928
2.82437
2.77715
2.78953
2.80809
2.84154
2.83511
2.80594
2.83774
2.8364
2.89422
2.88489
2.87175
2.86521
2.93764
2.92586
2.89142
2.94832
2.97704
2.99639
2.97232
2.97801
3.0034
2.999
2.9868
3.00336
3.03504
3.00204
3.12362
3.10638
3.13287
3.11746
3.08867
3.04018
3.00667
2.96978
2.95179
2.9621
2.92418
2.96066
2.99451
2.97167
2.98597
2.96191
2.98938
2.97856
3.04895
2.97747
2.98941
2.97938
2.98917
2.98095
3.00822
3.06059
3.0653
3.1011
3.08131
3.10477
3.1099
3.09423
3.09144
3.06769
3.07319
3.11301
3.11692
-3.14
3.14101
3.09757
3.11629
-3.12795
-3.09462
-3.07404
-3.02903
-3.03816
-3.00047
-3.02221
-2.96595
-2.95414
-2.91527
-2.88372
-2.85394
-2.87766
-2.91161
-2.95729
-2.92547
-2.95877
-2.94373
-2.92971
-2.85729
-2.86047
-2.80502
-2.77136
-2.76343
-2.75084
-2.75961
-2.77578
-2.7838
-2.82338
-2.80484
-2.81032
-2.83287
-2.8247
-2.76752
-2.81653
-2.83999
-2.85207
-2.89926
-2.85924
-2.80587
-2.79157
-2.74522
-2.77679
-2.77997
-2.72568
-2.65306
-2.61706
-2.61314
-2.68419
-2.73172
-2.69913
-2.70746
-2.71996
-2.72693
-2.77448
-2.81437
-2.86462
-2.8555
-2.89669
-2.91557
-2.9058
-2.91131
-2.92657
-2.95095
-2.91786
-2.89332
-2.86405
-2.88993
-2.85029
-2.79906
-2.81271
-2.8363
-2.80806
-2.82953
-2.8529
-2.84349
-2.85373
-2.84358
-2.83362
-2.8592
-2.80912
-2.82743
-2.81864
-2.85298
-2.88903
-2.90284
-2.9467
-2.88762
-2.89677
-2.89762
-2.90906
-2.85216
-2.80911
-2.74566
-2.75781
-2.61973
-2.56158
-2.58144
-2.58234
-2.64526
-2.58079
-2.52448
-2.46774
-2.45164
-2.45764
-2.5153
-2.55821
-2.5967
-2.66433
-2.65878
-2.59951
-2.53319
-2.56029
-2.54839
-2.58279
-2.5016
-2.5636
-2.54705
-2.54594
-2.54936
-2.52854
-2.56421
-2.57417
-2.53914
-2.60481
-2.6276
-2.59252
-2.5616
-2.53559
-2.52241
-2.52248
-2.57089
-2.6466
-2.62239
-2.6079
-2.62193
-2.65098
-2.67409
-2.61645
-2.61816
-2.59678
-2.60887
-2.5741
-2.46166
-2.54298
-2.52746
-2.47357
-2.44319
-2.42563
-2.42392
-2.36661
-2.25302
-2.27804
-2.31225
-2.40236
-2.33484
-2.32129
-2.24936
-2.21893
-2.13149
-2.14856
-2.10521
-2.08669
-2.16098
-2.0559
-2.00928
-1.98345
-2.03349
-2.16888
-2.0575
-2.01835
-1.95666
-1.96136
-1.89207
-1.9089
-1.94661
-1.97969
-1.88184
-1.82785
-1.83397
-1.87116
-1.853
-1.79811
-1.68402
-1.70793
-1.72581
-1.76072
-1.79925
-1.77814
-1.80681
-1.79114
-1.75871
-1.70968
-1.6575
-1.62883
-1.5758
-1.50559
-1.4951
-1.5504
-1.59511
-1.61191
-1.53793
-1.4864
-1.52867
-1.48666
-1.44986
-1.45276
-1.48908
-1.41735
-1.45742
-1.38997
-1.44461
-1.4566
-1.50193
-1.5252
-1.57117
-1.64237
-1.61513
-1.69827
-1.70552
-1.62592
-1.62171
-1.63018
-1.58879
-1.57635
-1.55313
-1.61853
-1.59128
-1.50775
-1.52238
-1.52914
-1.51151
-1.51601
-1.56281
-1.57071
-1.61464
-1.59582
-1.59251
-1.5433
-1.49899
-1.53479
-1.53527
-1.57614
-1.54375
-1.54662
-1.44895
-1.44291
-1.47195
-1.40432
-1.40658
-1.34826
-1.31087
-1.34755
-1.30422
-1.3255
-1.2824
-1.31159
-1.37822
-1.37736
-1.36338
-1.37598
-1.39343
-1.3563
-1.4281
-1.43212
-1.37738
-1.3388
-1.38552
-1.33385
-1.4288
-1.41311
-1.37435
-1.30523
-1.27489
-1.17688
-1.1868
-1.20108
-1.13901
-1.10164
-1.04343
-1.07179
-1.09521
-1.11138
-1.13349
-1.10195
-1.14037
-1.1699
-1.21198
-1.19903
-1.20735
-1.20139
-1.13548
-1.18463
-1.22985
-1.21135
-1.25463
-1.30813
-1.27075
-1.2362
-1.26222
-1.26098
-1.27515
-1.27022
-1.13105
-1.18043
-1.16688
-1.12426
-1.09231
-1.09237
-1.05951
-1.08254
-1.10528
-1.03748
-0.960329
-0.944864
-1.11244
-1.20558
-1.20917
-1.14522
-1.14904
-1.18981
-1.12297
-1.11665
-0.944516
-0.88871
-0.865123
-0.79155
-0.846849
-0.82205
-0.778514
-0.781864
-0.705424
-0.676585
-0.702261
-0.729497
-0.65527
-0.666173
-0.686541
-0.653387
-0.618277
-0.577136
-0.555674
-0.520414
-0.492787
-0.50257
-0.527674
-0.538726
-0.571417
-0.636582
-0.667058
-0.606526
-0.553086
-0.58209
-0.628915
-0.707104
-0.730526
-0.741189
-0.708586
-0.671988
-0.700974
-0.643338
-0.635709
-0.619543
-0.614713
-0.588735
-0.590874
-0.636261
-0.638284
-0.606466
-0.579883
-0.568096
-0.553454
-0.511831
-0.406213
-0.407663
-0.455825
-0.494374
-0.455778
-0.351556
-0.386121
-0.33996
-0.338937
-0.31592
-0.392109
-0.400987
-0.369805
-0.324404
-0.287893
-0.323854
-0.302754
-0.260548
-0.249772
-0.201673
-0.186392
-0.19832
-0.242726
-0.279275
-0.264312
-0.245407
-0.263971
-0.285214
-0.399457
-0.413875
-0.391813
-0.373569
-0.370698
-0.376729
-0.37708
-0.362895
-0.36395
-0.328007
-0.334681
-0.256041
-0.23061
-0.281746
-0.25997
-0.232669
-0.20005
-0.239627
-0.341573
-0.276089
-0.308564
-0.30896
-0.303016
-0.360134
-0.345886
-0.359294
-0.334083
-0.389864
-0.385609
-0.389039
-0.400808
-0.421475
-0.415373
-0.405776
-0.362048
-0.413674
-0.433496
-0.40111
-0.398467
-0.439042
-0.402105
-0.416762
-0.362735
-0.282485
-0.261718
-0.240827
-0.216459
-0.259148
-0.199519
-0.198593
-0.18011
-0.191376
-0.223189
-0.20559
-0.227904
-0.266938
-0.267151
-0.18513
-0.130213
-0.129369
-0.120927
-0.140218
-0.0915553
-0.119863
-0.126299
-0.115416
-0.127058
-0.129153
-0.0723412
-0.0240805
0.0719636
0.0939531
0.0661535
0.0675871
0.0659514
0.0833146
0.140657
0.157419
0.141064
0.104871
0.19558
0.14605
0.127196
0.158667
0.164893
0.178849
0.13911
0.179456
0.192862
0.201273
0.207597
0.243272
0.307738
0.269813
0.326006
0.336243
0.346295
0.338802
0.329877
0.294644
0.300343
0.280714
0.266447
0.273934
0.291326
0.307364
0.386558
0.421255
0.421519
0.434276
0.454019
0.44227
0.37973
0.371157
0.411163
0.347588
0.338359
0.422897
0.474356
0.511527
0.422836
0.404843
0.386888
0.355935
0.34876
0.346891
0.396619
0.373156
0.398203
0.395178
0.428562
0.435391
0.455668
0.472045
0.427042
0.468392
0.481115
0.569314
0.560298
0.573539
0.607768
0.567247
0.575376
0.544872
0.587033
0.604792
0.559751
0.569233
0.58868
0.629727
0.69397
0.704919
0.688375
0.709574
0.711621
0.776184
0.811502
0.829027
0.847868
0.823515
0.875684
0.821683
0.781207
0.756962
0.782164
0.73742
0.696535
0.691933
0.677019
0.727117
0.739957
0.707667
0.763935
0.744198
0.745993
0.774125
0.77014
0.791327
0.782047
0.80667
0.833611
0.841979
0.861408
0.91207
0.947148
0.963716
0.954807
1.01087
1.05493
1.05324
1.09458
1.15054
1.16566
1.1933
1.24298
1.19664
1.21359
1.22852
1.21536
1.17843
1.21003
1.23705
1.15097
1.14207
1.13986
1.13418
1.15168
1.18552
1.18238
1.199
1.2017
1.20542
1.22712
1.24015
1.20425
1.21799
1.25405
1.31884
1.34192
1.39653
1.3815
1.33707
1.36398
1.29779
1.35237
1.35148
1.37818
1.37194
1.41532
1.42576
1.44914
1.446
1.4473
1.46682
1.46312
1.46219
1.4856
1.47986
1.52791
1.55235
1.59309
1.61193
1.56393
1.59722
1.55535
1.53354
1.47241
1.38113
1.40751
1.43702
1.39096
1.41902
1.46542
1.46511
1.42697
1.44868
1.48118
1.44596
1.44573
1.41333
1.39747
1.38965
1.35857
1.41628
1.38732
1.41563
1.36588
1.37881
1.37634
1.46219
1.43664
1.44624
1.42754
1.41982
1.42385
1.45973
1.46928
1.52256
1.53022
1.54421
1.59023
1.63226
1.63187
1.62762
1.6284
1.69673
1.74573
1.68922
1.71095
1.72336
1.69771
1.65636
1.66852
1.67526
1.7444
1.76648
1.79674
1.79825
1.75623
1.76122
1.7222
1.73825
1.74575
1.68353
1.72945
1.75359
1.7172
1.79104
1.7563
1.74767
1.70024
1.6888
1.67024
1.66668
1.68125
1.66376
1.63575
1.64954
1.61362
1.62245
1.56869
1.55479
1.54002
1.54992
1.5699
1.5162
1.51686
1.50275
1.47217
1.462
1.47994
1.46778
1.50064
1.45457
1.449
1.45303
1.43561
1.42533
1.38926
1.39794
1.38475
1.43119
1.46719
1.45908
1.44514
1.472
1.49053
1.48551
1.52713
1.55539
1.60779
1.59725
1.59176
1.53629
1.51553
1.47865
1.48526
1.49481
1.5334
1.57867
1.5603
1.55428
1.49977
1.58695
1.57703
1.59847
1.6169
1.64264
1.73828
1.74724
1.78625
1.80288
1.85217
1.88182
1.87196
1.81869
1.82535
1.88849
1.8745
1.88743
1.84767
1.84452
1.85433
1.86076
1.81241
1.88142
1.82349
1.80681
1.81593
1.81032
1.83048
1.8187
1.81661
1.85312
1.83823
1.85393
1.86846
1.85952
1.86968
1.92653
1.93942
1.91264
1.94436
1.93644
1.92631
1.90869
1.89868
1.88145
1.90401
1.85706
1.91007
1.92811
1.93466
2.01506
2.01258
2.00784
1.96568
1.93361
1.94835
1.92116
1.96729
1.96713
1.97135
1.95519
1.94905
2.03185
2.05716
2.07199
2.0558
2.08795
2.07476
2.0196
2.02605
2.00004
2.01392
2.08346
2.01411
2.04138
2.07365
2.08401
2.08005
2.07666
2.07451
2.09721
2.1415
2.19142
2.22038
2.23732
2.266
2.30278
2.23836
2.21694
2.23981
2.22047
2.26232
2.23108
2.23041
2.22798
2.21013
2.21633
2.19485
2.17798
2.17549
2.12711
2.10172
2.07314
2.10448
2.13794
2.17965
2.19578
2.22053
2.17752
2.09923
2.06315
2.09495
2.1397
2.18281
2.18071
2.14434
2.16096
2.15433
2.15261
2.14822
2.18599
2.22205
2.20792
2.17638
2.24393
2.26666
2.22687
2.2684
2.27415
2.28767
2.30533
2.33469
2.38266
2.38077
2.33475
2.34744
2.33913
2.36557
2.42128
2.4389
2.45977
2.40503
2.36594
2.36448
2.3328
2.33182
2.30512
2.27871
2.25468
2.26038
2.19743
2.17482
2.12169
2.13228
2.12304
2.13067
2.14841
2.16909
2.23604
2.28967
2.35886
2.37373
2.35848
2.41391
2.38549
2.44552
2.41594
2.39411
2.38529
2.39255
2.46051
2.4715
2.44585
2.41985
2.41582
2.38492
2.35003
2.33074
2.30469
2.31367
2.29912
2.36713
2.36028
2.38341
2.40316
2.36544
2.33144
2.32865
2.34521
2.32629
2.32185
2.32081
2.3221
2.31597
2.33454
2.35747
2.34361
2.2916
2.29261
2.30001
2.26968
2.29097
2.30267
2.30683
2.3072
2.32497
2.39776
2.45105
2.46736
2.49079
2.54442
2.56101
2.52902
2.50053
2.48611
2.45236
2.41745
2.43648
2.45832
2.43064
2.452
2.42849
2.43044
2.46772
2.43878
2.42974
2.34527
2.33027
2.31639
2.35238
2.36239
2.33722
2.32328
2.32198
2.30746
2.31903
2.3506
2.38303
2.41172
2.37108
2.36848
2.3719
2.32594
2.34446
2.32784
2.28897
2.29537
2.29041
2.29386
2.32233
2.29862
2.30089
2.29725
2.31756
2.26544
2.25014
2.24745
2.25009
2.22168
2.28356
2.25925
2.26113
2.30298
2.32947
2.31029
2.3312
2.32788
2.32902
2.38151
2.37886
2.37225
2.34528
2.37438
2.32399
2.3475
2.36401
2.35286
2.36892
2.39903
2.38043
2.37279
2.3194
2.32566
2.3522
2.34437
2.40946
2.47494
2.42772
2.37394
2.3765
2.43202
2.38603
2.41233
2.37723
2.34841
2.30653
2.2981
2.34157
2.29231
2.27355
2.27498
2.33977
2.33316
2.28791
2.26023
2.31821
2.26172
2.27843
2.28189
2.27998
2.33719
2.27856
2.26636
2.21504
2.20231
2.18197
2.1622
2.13513
2.11566
2.10218
2.1434
2.08455
2.03694
2.01411
2.04938
2.01818
2.03905
2.04615
2.06314
2.05492
2.04833
1.96746
1.96222
2.00464
2.04036
2.03296
1.97263
1.98495
1.94354
1.86896
1.88189
1.86001
1.85537
1.87462
1.78489
1.80285
1.79645
1.79339
1.85215
1.80686
1.83134
1.86085
1.87494
1.86809
1.84248
1.85206
1.83622
1.83
1.84398
1.87274
1.92644
1.93454
2.00295
2.03386
2.0144
2.00948
1.99923
1.96799
1.97948
1.97573
1.91409
1.84996
1.86512
1.74742
1.79282
1.80053
1.81539
1.86586
1.91595
1.8926
1.8869
1.85573
1.82599
1.83893
1.8558
1.78342
1.73474
1.73407
1.77941
1.71802
1.6848
1.60378
1.59156
1.53833
1.55211
1.52617
1.52997
1.59489
1.57412
1.61628
1.60374
1.61372
1.59793
1.62713
1.65837
1.6741
1.68273
1.68841
1.73956
1.75763
1.7714
1.78807
1.79846
1.79604
1.76339
1.80907
1.8128
1.76489
1.78743
1.78387
1.83622
1.88071
1.8679
1.84643
1.84059
1.88808
1.93171
1.93785
1.98773
1.99469
1.96774
1.94
1.89827
1.85561
1.81669
1.76647
1.74128
1.69735
1.70234
1.72224
1.69388
1.7029
1.70199
1.68547
1.695
1.72811
1.68378
1.68063
1.72734
1.73843
1.68804
1.66238
1.66652
1.70065
1.69509
1.7076
1.72043
1.69222
1.68754
1.64789
1.65135
1.68279
1.68479
1.66404
1.67842
1.66935
1.65536
1.66042
1.66343
1.63979
1.63571
1.61765
1.62766
1.58723
1.57934
1.5418
1.49273
1.54471
1.52463
1.55498
1.56119
1.51722
1.54973
1.52313
1.54726
1.55439
1.51281
1.51061
1.52014
1.4941
1.46079
1.43849
1.44544
1.4244
1.47259
1.486
1.49942
1.54589
1.52953
1.51116
1.49281
1.49054
1.51181
1.50803
1.56172
1.56696
1.55486
1.54386
1.55395
1.54233
1.52642
1.4991
1.53172
1.53943
1.53574
1.53944
1.54779
1.49344
1.53864
1.4919
1.54227
1.52122
1.47227
1.44378
1.4777
1.51432
1.51806
1.48226
1.45844
1.46388
1.42921
1.37638
1.31776
1.26512
1.28441
1.27787
1.30316
1.33207
1.31526
1.35281
1.33572
1.36461
1.35994
1.33461
1.31847
1.2892
1.26325
1.24014
1.27018
1.25312
1.21025
1.23105
1.21833
1.25927
1.22092
1.25262
1.18126
1.18724
1.16514
1.16258
1.15308
1.09374
1.08865
1.09644
1.06927
1.06352
1.01287
1.01741
1.01858
0.983838
0.946959
0.936723
1.00567
0.98463
0.991925
1.02578
0.969124
1.00125
0.998452
1.01377
1.00716
1.02064
0.958439
0.919003
0.909336
0.8824
0.94467
0.994412
1.01548
0.999171
0.908893
0.913892
0.940096
0.925332
0.965856
0.979844
0.970961
0.977569
0.920336
0.896673
0.858233
0.826905
0.877903
0.924426
0.922639
0.93096
0.964384
0.967629
0.897675
0.943746
0.906359
0.925998
0.926723
0.928304
0.917864
0.932397
0.924865
0.914623
0.933135
0.924213
0.932454
0.830912
0.813544
0.83617
0.839402
0.837726
0.824572
0.83758
0.778486
0.809722
0.795384
0.814011
0.810077
0.856878
0.898894
0.879361
0.868762
0.872247
0.922632
0.93173
0.900965
0.933732
0.972463
0.903584
0.854722
0.862576
0.836023
0.752058
0.699513
0.691598
0.689628
0.706666
0.747139
0.790008
0.816097
0.751833
0.79589
0.777645
0.801222
0.819722
0.811869
0.862104
0.829713
0.848136
0.811563
0.825103
0.859105
0.854469
0.866108
0.85989
0.859778
0.844399
0.831114
0.83214
0.831897
0.796551
0.810413
0.806555
0.791115
0.806999
0.820297
0.837737
0.833286
0.816764
0.838234
0.844708
0.84641
0.856878
0.847927
0.797272
0.830788
0.776797
0.804062
0.82645
0.877053
0.911385
0.937632
0.976802
0.997731
1.02636
1.03749
1.0214
1.09971
1.09773
1.03616
1.06889
1.07988
1.03091
0.984805
0.975452
0.927154
0.982422
0.945023
0.931564
0.960712
0.995655
0.988814
1.00328
0.977656
0.999031
0.973465
1.02903
1.01144
1.02151
0.996242
1.02503
1.05172
1.09195
1.10608
1.10825
1.15316
1.19942
1.20907
1.23522
1.23571
1.27965
1.27524
1.29491
1.25879
1.22485
1.22262
1.18705
1.21028
1.24459
1.19428
1.18124
1.21371
1.17824
1.18284
1.27416
1.27041
1.28083
1.3275
1.29995
1.3371
1.28578
1.3632
1.38055
1.39444
1.39499
1.42582
1.45007
1.47277
1.50029
1.49158
1.51196
1.524
1.52453
1.47725
1.50254
1.55282
1.56299
1.52369
1.57795
1.62367
1.64056
1.6895
1.68927
1.69798
1.71708
1.73794
1.75901
1.74398
1.72509
1.73112
1.7101
1.7365
1.77503
1.77764
1.77719
1.76396
1.7909
1.76858
1.76939
1.7821
1.74275
1.76426
1.71637
1.71662
1.72778
1.70564
1.69019
1.68529
1.69657
1.65599
1.69052
1.67463
1.67078
1.67424
1.72286
1.73998
1.7241
1.75435
1.77512
1.77523
1.81399
1.82667
1.89699
1.88642
1.88863
1.89446
1.90757
1.92499
1.95051
1.9491
1.92001
1.92479
1.96195
1.94699
1.9032
1.85044
1.85697
1.86981
1.89641
1.90096
1.90083
1.8901
1.91372
1.94866
1.92523
1.95395
1.96268
1.93099
1.92704
1.92258
1.95829
1.99251
1.97393
1.9505
1.92551
1.92764
1.88956
1.84139
1.8555
1.80535
1.77725
1.81256
1.77182
1.81261
1.79379
1.77133
1.73458
1.70938
1.71853
1.70161
1.65696
1.64851
1.61719
1.60149
1.59101
1.57233
1.57905
1.60574
1.63494
1.58792
1.60628
1.63559
1.65391
1.64763
1.63453
1.61581
1.58948
1.61558
1.61091
1.61076
1.57898
1.54173
1.53652
1.46492
1.51856
1.48526
1.46553
1.43633
1.43655
1.44421
1.45069
1.43321
1.43307
1.44064
1.47465
1.44851
1.46374
1.42253
1.39879
1.42261
1.46093
1.44907
1.40756
1.40538
1.42568
1.41708
1.41118
1.36346
1.36991
1.32509
1.36287
1.29861
1.32955
1.31007
1.33353
1.32806
1.32594
1.34886
1.35916
1.43142
1.39388
1.38769
1.43802
1.45192
1.47014
1.48671
1.47725
1.43348
1.42349
1.40922
1.39282
1.34894
1.35738
1.43244
1.4476
1.45483
1.45695
1.50854
1.53239
1.56822
1.55946
1.57388
1.54296
1.57585
1.61535
1.57496
1.59069
1.62691
1.62331
1.56123
1.59017
1.5941
1.64295
1.65616
1.67391
1.65398
1.68273
1.70923
1.6701
1.66011
1.62702
1.6227
1.57373
1.5838
1.61655
1.63903
1.57842
1.48987
1.45906
1.4421
1.50159
1.5376
1.53338
1.57742
1.57995
1.52734
1.52549
1.49954
1.55306
1.54014
1.51415
1.55352
1.58023
1.60036
1.56577
1.6461
1.6316
1.65395
1.70396
1.72424
1.73439
1.76179
1.79787
1.79086
1.80929
1.80378
1.82569
1.85786
1.80768
1.79646
1.81726
1.80946
1.77678
1.77807
1.78993
1.79289
1.8258
1.84503
1.81473
1.79894
1.83385
1.79181
1.79849
1.80472
1.79039
1.7263
1.69763
1.6492
1.63238
1.66274
1.63046
1.64202
1.6155
1.56321
1.52156
1.49836
1.45193
1.41669
1.42143
1.41944
1.36131
1.30835
1.31902
1.33528
1.29968
1.31244
1.28375
1.32316
1.28632
1.26838
1.27872
1.28048
1.28133
1.3042
1.3249
1.31296
1.3104
1.2803
1.29155
1.27172
1.26756
1.28057
1.31227
1.32836
1.31284
1.31451
1.31738
1.37174
1.39035
1.3705
1.40538
1.39725
1.3736
1.39071
1.40583
1.41916
1.45786
1.44127
1.42336
1.41944
1.44664
1.41035
1.46331
1.45908
1.4398
1.44849
1.47975
1.4496
1.41997
1.44953
1.46891
1.45572
1.46204
1.5076
1.49846
1.49751
1.47575
1.4861
1.50896
1.50109
1.52112
1.54668
1.55721
1.55749
1.56925
1.5629
1.54372
1.55549
1.54181
1.56778
1.57316
1.55357
1.57679
1.57154
1.52018
1.51969
1.5164
1.51066
1.60485
1.57131
1.63828
1.6662
1.66904
1.69434
1.73427
1.7767
1.77692
1.82566
1.85606
1.84019
1.89115
1.88182
1.89297
1.89851
1.91112
1.93149
1.96596
1.97724
1.95532
1.95838
1.98636
1.99112
2.00261
2.06807
2.05177
2.04154
2.02196
2.03127
2.06116
2.05163
2.02992
2.00158
2.0165
1.99386
1.94835
1.99145
1.96968
1.9092
1.88472
1.84169
1.79628
1.80664
1.79206
1.79734
1.8187
1.77043
1.72103
1.73679
1.69824
1.69825
1.68034
1.63456
1.62212
1.62318
1.58855
1.59594
1.59668
1.5833
1.57426
1.61339
1.61594
1.61787
1.62954
1.62342
1.65332
1.64568
1.64579
1.57546
1.61096
1.66107
1.65919
1.67136
1.66944
1.6643
1.66456
1.6495
1.61841
1.61476
1.59408
1.57019
1.5638
1.53506
1.47819
1.52437
1.51547
1.46699
1.51712
1.47409
1.47114
1.45846
1.46664
1.45578
1.43097
1.41368
1.38808
1.32434
1.31799
1.34704
1.30046
1.28281
1.24062
1.25465
1.22073
1.24466
1.23265
1.25131
1.27023
1.28359
1.27725
1.29815
1.26973
1.28455
1.27215
1.23219
1.2549
1.23966
1.28762
1.25756
1.25773
1.30291
1.32434
1.30276
1.3349
1.34553
1.30738
1.33001
1.36316
1.38198
1.39734
1.40955
1.39019
1.35752
1.33497
1.32497
1.34686
1.36906
1.34723
1.4024
1.36253
1.37379
1.37867
1.41979
1.44614
1.43933
1.4132
1.45839
1.49968
1.5046
1.51767
1.55937
1.55808
1.58596
1.54713
1.55312
1.55619
1.57254
1.574
1.60356
1.58898
1.64284
1.61449
1.64455
1.61095
1.64357
1.62394
1.61655
1.57386
1.60436
1.6211
1.60923
1.65243
1.66593
1.64207
1.5595
1.56002
1.56694
1.56139
1.5923
1.5705
1.58529
1.52114
1.5281
1.58363
1.5976
1.60505
1.63459
1.67076
1.71666
1.73945
1.73208
1.70945
1.69786
1.66354
1.66465
1.69977
1.68005
1.68926
1.71435
1.7617
1.77855
1.7816
1.75263
1.72604
1.75087
1.74198
1.73332
1.73032
1.7246
1.67902
1.69794
1.66098
1.69009
1.6812
1.68196
1.69538
1.70663
1.68308
1.66799
1.62315
1.57561
1.54537
1.55654
1.56379
1.5564
1.58626
1.52453
1.47253
1.46127
1.44622
1.43581
1.44248
1.48496
1.48165
1.49494
1.52546
1.58402
1.55123
1.55982
1.5525
1.61254
1.64778
1.66721
1.6983
1.70334
1.70724
1.69083
1.69984
1.68079
1.677
1.60585
1.63305
1.60132
1.59945
1.50828
1.49857
1.5249
1.50797
1.52167
1.4873
1.47694
1.47141
1.44788
1.50875
1.49364
1.47723
1.50457
1.45951
1.46834
1.51559
1.53446
1.55298
1.55443
1.5099
1.51206
1.51224
1.51327
1.50368
1.49673
1.55088
1.5739
1.61653
1.59463
1.57822
1.5599
1.54277
1.53437
1.53946
1.54502
1.55863
1.57925
1.58116
1.5874
1.59077
1.54766
1.56041
1.54051
1.52526
1.55377
1.50428
1.49247
1.50699
1.4973
1.47435
1.48101
1.49754
1.48811
1.51634
1.5454
1.48635
1.47312
1.50019
1.54796
1.56463
1.54444
1.51985
1.54335
1.54118
1.58375
1.60695
1.62342
1.64146
1.62145
1.59299
1.59066
1.5959
1.64791
1.68983
1.68201
1.68357
1.66978
1.65669
1.67388
1.66517
1.69083
1.72853
1.68941
1.6811
1.65312
1.69049
1.68595
1.68247
1.71394
1.70792
1.70383
1.68421
1.67229
1.67707
1.70064
1.67323
1.70101
1.72599
1.67799
1.65948
1.68082
1.73466
1.76095
1.79736
1.79444
1.78574
1.85355
1.89523
1.89123
1.88108
1.80687
1.83078
1.79413
1.7621
1.75583
1.7598
1.74994
1.73149
1.73927
1.71767
1.69853
1.65832
1.66339
1.62602
1.6148
1.583
1.55239
1.59545
1.56296
1.50959
1.48239
1.4985
1.49152
1.50583
1.49536
1.4559
1.43269
1.40037
1.38932
1.36438
1.35699
1.41068
1.43022
1.43336
1.38663
1.37103
1.31467
1.3287
1.3292
1.26057
1.25522
1.31124
1.29788
1.35083
1.34429
1.35523
1.37835
1.36599
1.3473
1.31057
1.27651
1.26908
1.26084
1.26074
1.29556
1.27283
1.30768
1.30093
1.33674
1.3692
1.37547
1.42389
1.44393
1.40188
1.43696
1.38606
1.30686
1.2834
1.31765
1.3204
1.30811
1.29483
1.31878
1.31347
1.29094
1.2975
1.28101
1.27832
1.28389
1.25819
1.28113
1.29872
1.31025
1.26329
1.29921
1.29043
1.26869
1.28588
1.3019
1.29827
1.32837
1.39928
1.37548
1.38
1.37368
1.40163
1.41192
1.43948
1.47741
1.50227
1.47993
1.48118
1.47605
1.44469
1.48639
1.47807
1.47798
1.44682
1.48133
1.44213
1.46241
1.49011
1.47354
1.49808
1.48846
1.49649
1.45361
1.45606
1.44275
1.42871
1.40057
1.45321
1.52793
1.53845
1.56704
1.58073
1.60592
1.63086
1.6221
1.63087
1.65037
1.67811
1.70273
1.69323
1.7236
1.73881
1.68354
1.65006
1.65426
1.65158
1.62484
1.65521
1.65697
1.68045
1.67601
1.66989
1.66225
1.64579
1.65611
1.64428
1.67932
1.69872
1.70306
1.69977
1.70869
1.73726
1.7305
1.72734
1.69739
1.76481
1.7411
1.72944
1.7026
1.69907
1.68299
1.68467
1.71137
1.70537
1.72251
1.74577
1.77253
1.77982
1.82135
1.8382
1.8507
1.91675
1.93712
1.99193
2.00237
2.04439
2.02743
2.04059
2.08255
2.09244
2.08527
2.06721
2.10194
2.14252
2.17723
2.20672
2.24486
2.21955
2.24196
2.2619
2.26546
2.29092
2.27333
2.2263
2.25019
2.21993
2.19644
2.18012
2.10878
2.14183
2.12453
2.11531
2.11545
2.09484
2.09188
2.11123
2.09315
2.09861
2.0506
2.0474
2.04821
1.99078
2.03378
2.03313
1.97417
2.00248
1.96902
1.97159
1.93687
1.92422
1.92098
1.91791
1.89541
1.86476
1.84874
1.8321
1.82738
1.82427
1.85283
1.80898
1.81056
1.76781
1.68739
1.65824
1.70126
1.68621
1.71133
1.6697
1.63445
1.64111
1.6083
1.60587
1.65832
1.6316
1.63251
1.63872
1.62473
1.62565
1.62803
1.60523
1.60917
1.57542
1.61932
1.55605
1.52487
1.51006
1.52577
1.48125
1.47061
1.48955
1.45996
1.50981
1.47731
1.43068
1.37059
1.38229
1.36618
1.36998
1.37008
1.39311
1.38075
1.36404
1.32799
1.3381
1.31922
1.28414
1.25811
1.22161
1.1951
1.17843
1.1078
1.02391
1.07855
1.11988
1.10708
1.11917
1.07987
1.06348
1.06089
1.12753
1.11283
1.10003
1.05486
1.05055
1.04459
1.01623
1.05258
1.09191
1.0506
1.06766
1.05097
1.08277
1.05302
1.0393
1.00874
1.00972
0.962825
1.01034
0.985058
0.963257
0.882466
0.889705
0.897404
0.886997
0.853809
0.851137
0.855838
0.835264
0.811098
0.835955
0.876839
0.909955
0.931777
0.943382
0.945783
0.964803
0.975757
0.985152
0.976662
1.00596
1.00879
1.03545
1.0242
1.05277
0.994663
0.988985
1.03021
1.04649
1.05642
1.04706
1.0225
1.052
1.08119
1.04017
1.03988
1.01304
0.992499
0.977975
1.0091
1.01503
1.03115
1.03255
1.01764
0.991082
0.96311
1.00638
1.07249
1.10952
1.11845
1.11562
1.12838
1.13465
1.17419
1.25558
1.22212
1.20244
1.1931
1.18703
1.22167
1.20744
1.22686
1.22178
1.25353
1.28545
1.27623
1.2775
1.26003
1.24145
1.26294
1.27585
1.28225
1.28576
1.29933
1.36422
1.31252
1.34874
1.38493
1.44258
1.41166
1.45487
1.49186
1.49372
1.50996
1.49121
1.45031
1.44955
1.45376
1.45399
1.46656
1.49123
1.47533
1.50038
1.46631
1.44838
1.43556
1.46317
1.47073
1.49775
1.47661
1.4707
1.51178
1.53915
1.51859
1.49904
1.49735
1.47712
1.5114
1.52501
1.53499
1.494
1.54524
1.54757
1.55557
1.55378
1.54757
1.50047
1.52248
1.50308
1.48503
1.48071
1.55355
1.61379
1.63238
1.63247
1.5982
1.65989
1.68249
1.69013
1.69657
1.68315
1.66621
1.65473
1.64526
1.66766
1.67262
1.7045
1.75274
1.7261
1.74957
1.74134
1.76406
1.79617
1.75341
1.74743
1.79674
1.82383
1.81907
1.8803
1.91414
1.96888
1.91117
1.87057
1.89343
1.91786
1.87115
1.82971
1.85471
1.83921
1.8778
1.81223
1.77925
1.78211
1.79332
1.76057
1.78765
1.76871
1.77792
1.81321
1.78774
1.76524
1.80223
1.8106
1.80057
1.82133
1.78062
1.81843
1.83477
1.83434
1.81223
1.76975
1.79584
1.78705
1.77897
1.78639
1.79224
1.76038
1.7804
1.81923
1.75572
1.78549
1.80038
1.818
1.81073
1.85566
1.88999
1.86187
1.83156
1.80996
1.79637
1.79688
1.84649
1.87085
1.87193
1.85114
1.88198
1.85013
1.83712
1.82458
1.80804
1.78639
1.76828
1.78641
1.78241
1.81635
1.81669
1.83464
1.84475
1.82916
1.84116
1.83065
1.84124
1.86606
1.86336
1.88153
1.83402
1.84288
1.83565
1.79661
1.83083
1.82846
1.84478
1.88462
1.89991
1.88183
1.88582
1.87178
1.91247
1.94239
1.96617
1.9886
2.01043
2.02914
2.00064
1.93458
1.93859
1.90401
1.9015
1.92123
1.92485
1.93749
1.95132
1.97622
1.98355
1.96708
1.96206
1.95366
1.96691
1.92692
1.90533
1.93693
1.97554
1.95286
1.98407
1.99208
1.96054
1.92535
1.96327
1.92847
1.95007
2.01146
2.01785
2.04058
2.04362
2.03838
2.00111
2.00631
1.96028
1.94061
1.90629
1.92365
1.89669
1.85404
1.81193
1.76994
1.76569
1.78514
1.79764
1.76562
1.76138
1.7709
1.82025
1.79871
1.82336
1.82847
1.76271
1.6952
1.70934
1.68886
1.70867
1.72422
1.70951
1.71268
1.74269
1.74408
1.74311
1.71826
1.76538
1.76905
1.78404
1.74321
1.73135
1.76531
1.73273
1.74465
1.73107
1.69707
1.72536
1.72497
1.70535
1.69096
1.68484
1.64111
1.59217
1.5439
1.54382
1.53083
1.53554
1.51644
1.53669
1.50299
1.44286
1.42575
1.45425
1.48392
1.48634
1.44956
1.45666
1.44678
1.46145
1.45621
1.48875
1.50819
1.5322
1.5054
1.50275
1.53922
1.56242
1.55451
1.53024
1.50216
1.51857
1.4749
1.48483
1.49933
1.48351
1.45559
1.47434
1.44403
1.50167
1.45514
1.38733
1.3616
1.42305
1.44411
1.40513
1.43396
1.44504
1.47434
1.49514
1.4553
1.43514
1.41259
1.37174
1.32047
1.2948
1.26297
1.23928
1.17593
1.20547
1.1996
1.19867
1.2048
1.20217
1.20129
1.22169
1.19744
1.12357
1.09478
1.08169
1.0559
1.05001
1.08075
1.03958
1.02365
0.958637
0.91477
0.936774
0.915048
0.885778
0.882003
0.872025
0.856098
0.880123
0.869766
0.952196
0.97871
1.00349
1.01109
1.00797
1.04604
1.08278
1.10484
1.10723
1.14556
1.15744
1.16362
1.1727
1.17818
1.15272
1.18737
1.216
1.20132
1.17132
1.18717
1.18056
1.19661
1.18538
1.18208
1.23659
1.23199
1.2052
1.27057
1.20874
1.22754
1.27547
1.25916
1.27791
1.30231
1.26467
1.30814
1.35908
1.35969
1.36762
1.41785
1.45315
1.49509
1.49975
1.52036
1.49592
1.49409
1.4859
1.47346
1.43011
1.40195
1.43568
1.44135
1.40324
1.41706
1.42719
1.4124
1.433
1.44
1.45282
1.41205
1.4385
1.46233
1.47261
1.47241
1.44749
1.44061
1.42459
1.47626
1.47393
1.49883
1.46318
1.47035
1.48346
1.48835
1.49445
1.50938
1.54733
1.56081
1.53724
1.55232
1.60072
1.59992
1.60334
1.54645
1.52129
1.49392
1.50407
1.54402
1.54878
1.58779
1.61133
1.64524
1.66201
1.66753
1.65981
1.65598
1.62545
1.64428
1.63545
1.65426
1.60733
1.65191
1.64176
1.64536
1.63519
1.62314
1.62818
1.61693
1.63227
1.66973
1.64266
1.64117
1.66792
1.67348
1.67897
1.66891
1.70638
1.7203
1.71376
1.74122
1.73718
1.73587
1.72779
1.74459
1.75757
1.73101
1.78695
1.80793
1.8195
1.87428
1.90406
1.91503
1.92986
1.9165
1.95665
1.98725
1.97623
1.93008
1.93729
1.92191
1.87679
1.93013
1.98495
1.94091
1.96027
1.9768
1.99397
1.99315
2.02636
2.01816
2.05253
2.04334
2.05298
2.0681
2.05295
2.08244
2.08047
2.07587
2.09046
2.12296
2.14151
2.19663
2.21603
2.21911
2.18827
2.17724
2.17185
2.12779
2.09826
2.10804
2.09972
2.06287
2.0516
2.05357
2.04998
2.00247
1.99409
2.01216
1.9942
2.00964
1.95219
1.94071
1.90751
1.88695
1.90037
1.89115
1.87384
1.87131
1.86332
1.87066
1.8331
1.80854
1.82287
1.79538
1.84935
1.83552
1.83981
1.83531
1.83184
1.78489
1.76129
1.76701
1.74834
1.7465
1.68022
1.6691
1.64325
1.63359
1.661
1.67949
1.69659
1.69785
1.72876
1.73326
1.72088
1.74768
1.67019
1.67352
1.69773
1.68403
1.6448
1.64941
1.64932
1.62339
1.57684
1.56454
1.55357
1.55444
1.52153
1.56316
1.61402
1.55788
1.53214
1.54221
1.5088
1.47339
1.47896
1.47144
1.4409
1.47816
1.49502
1.5144
1.52905
1.57488
1.56056
1.60914
1.61409
1.58495
1.58218
1.55714
1.53661
1.49011
1.48632
1.47393
1.46261
1.43238
1.446
1.47602
1.44346
1.44958
1.43923
1.41428
1.40164
1.41629
1.46029
1.43428
1.39891
1.37201
1.35939
1.32377
1.29941
1.2964
1.2842
1.24504
1.2435
1.20099
1.20391
1.19769
1.21236
1.17525
1.18024
1.12278
1.09587
1.04897
1.05616
1.0218
0.993761
0.96417
0.947369
0.902736
0.889613
0.868048
0.87762
0.857813
0.876659
0.897534
0.935208
0.939793
1.00328
1.05184
1.06834
1.07339
1.06811
1.06794
1.09014
1.09641
1.12702
1.12445
1.14424
1.19105
1.20777
1.21243
1.293
1.33141
1.33378
1.32848
1.35984
1.37976
1.41
1.42979
1.46029
1.5066
1.52397
1.51318
1.50407
1.50726
1.56234
1.54756
1.52833
1.54277
1.57482
1.63569
1.62906
1.67644
1.68739
1.68536
1.64905
1.64082
1.65701
1.65828
1.60143
1.58847
1.61282
1.62866
1.65008
1.71051
1.67822
1.64773
1.65799
1.67486
1.67124
1.68251
1.66135
1.6691
1.70645
1.67141
1.66575
1.67399
1.65602
1.68335
1.68983
1.76835
1.79939
1.7262
1.75812
1.79025
1.80049
1.85545
1.86909
1.85151
1.8751
1.90035
1.85816
1.86486
1.88062
1.8681
1.87996
1.89619
1.89763
1.95169
1.99717
1.97226
1.95734
1.96699
2.00992
1.97239
1.9517
1.95029
1.95377
1.92603
1.94978
2.01479
1.99225
2.04253
2.07764
2.03257
2.03384
2.05532
2.04277
1.99163
1.94609
1.95043
1.9224
1.88321
1.85444
1.90644
1.87244
1.88701
1.8919
1.89039
1.88306
1.88532
1.91434
1.87328
1.79156
1.76288
1.76651
1.74926
1.69998
1.69559
1.67342
1.67213
1.6343
1.69846
1.72661
1.75482
1.78569
1.79637
1.79212
1.8315
1.85474
1.74572
1.73819
1.72913
1.79009
1.83706
1.79553
1.73954
1.71444
1.72593
1.76031
1.7459
1.72306
1.67256
1.67384
1.62859
1.6348
1.60827
1.60626
1.59916
1.56032
1.55389
1.55129
1.60417
1.62518
1.56167
1.53764
1.49136
1.478
1.45527
1.39833
1.38484
1.39233
1.42052
1.39536
1.37238
1.29934
1.33213
1.31721
1.34379
1.37256
1.32022
1.27475
1.30676
1.30262
1.22652
1.23369
1.23944
1.29155
1.32962
1.25284
1.28155
1.40166
1.36632
1.27069
1.25664
1.25442
1.21092
1.21739
1.23987
1.18435
1.13403
1.16695
1.04589
0.993134
1.02744
1.05298
1.05276
1.02532
1.01565
0.962344
1.00673
1.00216
0.986225
1.0255
1.03644
0.985151
0.998639
1.01743
1.0768
1.1059
1.08249
1.12287
1.14966
1.09303
1.12053
1.08925
1.15103
1.19515
1.09375
1.07219
1.1245
1.11957
1.05145
1.01425
0.973064
0.972973
0.977522
0.964929
0.928298
0.925235
0.957785
0.963779
0.930381
0.927943
0.904799
0.84338
0.791134
0.81105
0.834626
0.874744
0.912492
0.894384
0.881581
0.842523
0.850761
0.826871
0.787084
0.770647
0.776002
0.678755
0.741349
0.768391
0.678029
0.71846
0.723077
0.743658
0.66645
0.728333
0.708385
0.67613
0.703594
0.694495
0.748511
0.746036
0.805719
0.728481
0.749165
0.78473
0.842978
0.7912
0.797176
0.754232
0.717729
0.673
0.658463
0.607638
0.580667
0.625519
0.558634
0.600662
0.502718
0.52526
0.660882
0.665425
0.558061
0.483377
0.449656
0.407575
0.396415
0.405603
0.407332
0.332596
0.391403
0.417126
0.365359
0.357657
0.322483
0.313221
0.312871
0.344397
0.336768
0.1692
0.0931586
0.04563
0.106014
0.160576
0.210947
0.314259
0.306898
0.311347
0.307242
0.305338
0.29309
0.308579
0.279703
0.249609
0.176977
0.150957
0.0851104
0.0230161
-0.0252968
-0.00447217
0.00820041
0.008897
-0.138693
-0.129999
-0.0474044
-0.102441
-0.00989395
-0.0630339
-0.0309197
-0.0781149
-0.111278
-0.0349655
0.0515402
0.0854996
0.0790297
0.0381305
-0.0329115
-0.0238613
-0.0315896
-0.0375025
-0.0558811
-0.0556309
-0.10409
-0.0986655
-0.112354
-0.118168
-0.139326
-0.171336
-0.178107
-0.181431
-0.249862
-0.290168
-0.226388
-0.272326
-0.234144
-0.201568
-0.182552
-0.0940899
-0.0527003
0.0351201
0.035628
0.0846953
0.0684405
0.0824358
0.0888563
-0.0164006
0.077683
0.1633
0.182693
0.147945
0.144882
0.0831057
-0.131254
-0.236815
-0.187375
-0.270915
-0.167242
-0.152769
-0.0517258
-0.0239568
0.0231632
0.00157467
-0.122738
-0.161053
-0.0397935
0.042119
0.071968
0.122073
0.0501012
-0.0415817
-0.0474962
-0.0270416
-0.00239157
0.0589306
0.0564609
0.0756721
0.0958048
0.0183666
-0.0168389
-0.160034
-0.131426
-0.05559
-0.163253
-0.104633
-0.183434
-0.220346
-0.249925
-0.267599
-0.366201
-0.332156
-0.412141
-0.380846
-0.414595
-0.418283
-0.341689
-0.335601
-0.309554
-0.381017
-0.352052
-0.326018
-0.368082
-0.385025
-0.370057
-0.440195
-0.42633
-0.506819
-0.485797
-0.519578
-0.637425
-0.607638
-0.661517
-0.666565
-0.576263
-0.491695
-0.56715
-0.583892
-0.580984
-0.594144
-0.570827
-0.617768
-0.643772
-0.72333
-0.675025
-0.62626
-0.56833
-0.573478
-0.510243
-0.435752
-0.537084
-0.676118
-0.69701
-0.642084
-0.673494
-0.812941
-0.750573
-0.820333
-0.701914
-0.683992
-0.786397
-0.679621
-0.650881
-0.660426
-0.763119
-0.689277
-0.777402
-0.779122
-0.790373
-0.797278
-0.842399
-0.949555
-0.913345
-0.966457
-0.895237
-0.721457
-0.670961
-0.814056
-0.788229
-0.795462
-0.808238
-0.661514
-0.632956
-0.689492
-0.686425
-0.624586
-0.762052
-0.810373
-0.718626
-0.666182
-0.60071
-0.498006
-0.575577
-0.513179
-0.53844
-0.559086
-0.595856
-0.460491
-0.449686
-0.384785
-0.231784
-0.223653
-0.162332
-0.122759
-0.232313
-0.274926
-0.330208
-0.251457
-0.309735
-0.286785
-0.29964
-0.213887
-0.164369
-0.144496
-0.168883
-0.228183
-0.172284
-0.245977
-0.236788
-0.252691
-0.470081
-0.443757
-0.385323
-0.483689
-0.223047
-0.27634
-0.267186
-0.373715
-0.384113
-0.444508
-0.406877
-0.536307
-0.49124
-0.430053
-0.496191
-0.556768
-0.697806
-0.584317
-0.641505
-0.697072
-0.797277
-0.862711
-0.833802
-0.772575
-0.723465
-0.642832
-0.525177
-0.571169
-0.532333
-0.472037
-0.473184
-0.30707
-0.343292
-0.306829
-0.33045
-0.227942
-0.198154
-0.15199
-0.0409812
-0.0183413
-0.0270696
-0.0235404
-0.0335753
-0.0645123
-0.0751441
-0.192304
-0.201921
-0.199856
-0.147859
-0.172771
-0.196449
-0.162726
-0.102073
-0.0472549
-0.0292138
-0.0830501
-0.129186
-0.157709
-0.121552
-0.139849
-0.184796
-0.104154
-0.055193
0.0463122
0.0225273
0.0650106
0.11198
0.194566
0.188343
0.10756
0.083237
0.0404609
0.00709494
-0.0262731
-0.0217841
-0.121328
-0.0729822
-0.165988
-0.185113
-0.142016
-0.129105
-0.152219
-0.243555
-0.26865
-0.228345
-0.293008
-0.246115
-0.194875
-0.323682
-0.348854
-0.323262
-0.369428
-0.325361
-0.326735
-0.341324
-0.42885
-0.325915
-0.214917
-0.189762
-0.33623
-0.337269
-0.263877
-0.310639
-0.300454
-0.336987
-0.341827
-0.598887
-0.564132
-0.53364
-0.481877
-0.520594
-0.573172
-0.55915
-0.566433
-0.570761
-0.350875
-0.421389
-0.316257
-0.329414
-0.299733
-0.346229
-0.394474
-0.394675
-0.408135
-0.47588
-0.417977
-0.547568
-0.652728
-0.501985
-0.568566
-0.632604
-0.558446
-0.599194
-0.557403
-0.660811
-0.609779
-0.634781
-0.641348
-0.777107
-0.797975
-0.951076
-1.05506
-1.10435
-1.09851
-1.12935
-1.13774
-1.09375
-1.22908
-1.22403
-1.28284
-1.28666
-1.37348
-1.43962
-1.43707
-1.53752
-1.39308
-1.44741
-1.18907
-1.30761
-1.35527
-1.24524
-1.29888
-1.41543
-1.47163
-1.5156
-1.44197
-1.4198
-1.23147
-1.40361
-1.30431
-1.65862
-1.59972
-1.64793
-1.74824
-1.74467
-1.59214
-1.58337
-1.46024
-1.76351
-1.46287
-1.71524
-1.79253
-1.68034
-1.54671
-1.58383
-1.60616
-1.69147
-1.76795
-1.85945
-1.75525
-1.55754
-1.52334
-1.58851
-1.57044
-1.61701
-1.71996
-1.80525
-1.78893
-1.67275
-1.60288
-1.5675
-1.57347
-1.67139
-1.59024
-1.70351
-1.69668
-1.55112
-1.5413
-1.54334
-1.59964
-1.66915
-1.67481
-1.65873
-1.47717
-1.40866
-1.3002
-1.28935
-1.33059
-1.4847
-1.54861
-1.53002
-1.46342
-1.65846
-1.8194
-1.79798
-1.733
-1.69939
-1.59588
-1.5996
-1.52066
-1.49657
-1.40673
-1.41706
-1.43174
-1.46703
-1.4276
-1.35822
-1.41536
-1.28778
-1.28885
-1.34556
-1.28663
-1.19198
-1.11017
-1.19694
-1.27601
-1.25178
-1.50497
-1.46469
-1.49573
-1.56797
-1.3569
-1.35323
-1.25895
-1.43468
-1.31875
-1.40068
-1.33953
-1.42144
-1.26867
-1.4311
-1.39817
-1.43879
-1.52556
-1.55521
-1.59959
-1.73741
-1.82594
-1.89323
-1.83503
-1.77467
-1.55054
-1.39541
-1.35398
-1.24512
-1.1498
-1.25908
-1.17346
-1.17806
-1.28345
-1.23215
-1.06728
-1.18802
-1.1153
-1.26865
-1.30608
-1.14213
-1.18268
-1.2411
-1.18504
-1.34279
-1.30007
-1.43179
-1.50234
-1.51777
-1.43867
-1.68401
-1.72644
-1.77467
-1.77942
-1.81459
-1.64825
-1.7649
-1.73353
-1.7648
-1.95476
-2.11506
-2.20707
-2.23421
-2.13089
-1.99328
-1.93311
-1.84542
-1.90485
-1.98221
-2.02311
-1.96279
-2.02912
-2.05443
-2.05699
-2.07422
-2.04837
-2.23586
-2.08365
-2.06312
-2.2185
-2.23809
-2.29805
-2.41256
-2.49627
-2.43065
-2.42059
-2.55974
-2.65423
-2.775
-2.84311
-2.96756
-2.97083
3.09556
3.0492
-3.0359
3.0749
2.80594
2.79548
2.65096
2.36427
2.4008
2.45938
2.69378
2.75315
2.64446
2.72739
2.77091
2.66865
2.80229
2.7989
2.85639
2.78731
2.77022
2.77133
2.61858
2.56767
2.42433
2.59764
2.41043
2.54597
2.64289
2.45929
2.547
2.44896
2.65217
2.60884
2.50764
2.62329
2.49513
2.72393
2.7419
2.63438
2.74166
2.64457
2.49328
2.52609
2.57882
2.54889
2.64517
2.56482
2.41991
2.46414
2.58754
2.57214
2.44686
2.42888
2.36814
2.36202
2.46656
2.6248
2.55839
2.66258
2.59533
2.66875
2.66753
2.55316
2.62763
2.61064
2.49185
2.54911
2.52737
2.32908
2.27519
2.20816
2.24801
2.29285
2.11654
2.15144
2.19584
2.18788
2.24206
2.15758
2.23101
2.32407
2.33284
2.33299
2.38308
2.48377
2.625
2.6458
2.74817
2.85098
2.91494
2.87125
2.84964
2.85602
2.87099
2.81589
2.76381
2.78826
2.89455
2.81247
2.83087
2.86343
2.86149
2.85399
2.93937
3.05893
3.11816
3.02177
3.04085
3.06124
2.95144
2.98959
2.99622
3.07878
2.9872
3.03396
2.97252
3.05493
2.81485
2.74536
2.84669
2.93594
2.91044
2.88923
2.81669
2.85444
2.90485
2.84981
2.78675
2.85703
2.91709
2.92951
2.92413
2.87784
2.99329
3.03657
3.06817
3.08015
3.12313
3.08884
2.98862
2.86919
2.70102
2.83249
2.78484
2.63149
2.66998
2.69785
2.81064
2.83314
2.63814
2.61004
2.80661
2.8343
2.82675
2.91708
2.84029
2.94794
2.88828
3.04654
3.07639
3.06723
3.01612
2.95762
2.9172
2.90885
2.85602
2.73107
2.77676
2.75547
2.70379
2.64744
2.73828
2.72964
2.66221
2.70379
2.58368
2.62833
2.66256
2.69138
2.66252
2.65479
2.63993
2.60382
2.60794
2.64795
2.684
2.74874
2.72327
2.6837
2.64297
2.70893
2.7484
2.71024
2.63223
2.66198
2.66783
2.62929
2.58755
2.7412
2.72844
2.77764
2.82158
2.83622
2.88548
2.90423
2.86549
2.79111
2.74578
2.85151
2.76929
2.78969
2.77297
2.81208
2.83354
2.95837
2.96084
2.89336
2.76396
2.592
2.60548
2.62902
2.64576
2.8349
2.73095
2.69377
2.8039
2.9048
2.89299
2.90547
2.87864
2.96888
2.82599
2.79391
2.80147
2.81639
2.7274
2.64832
2.64213
2.55866
2.60845
2.60506
2.65031
2.6878
2.61292
2.5479
2.52714
2.55907
2.65938
2.75084
2.75469
2.71836
2.71478
2.67735
2.68275
2.66936
2.76845
2.78775
2.77224
2.84394
2.77962
2.65891
2.71062
2.69067
2.57765
2.52455
2.50666
2.48893
2.43338
2.46141
2.38791
2.40237
2.35862
2.25135
2.22535
2.17665
2.18811
2.11129
1.99066
1.99048
2.01656
2.00762
1.97606
1.92439
1.96094
1.88815
1.88977
1.8
1.79631
1.82908
1.81407
1.85211
1.76182
1.70915
1.71129
1.73391
1.62621
1.54817
1.54391
1.53173
1.59063
1.48824
1.54682
1.54652
1.55243
1.43273
1.35308
1.32086
1.27109
1.2384
1.22135
1.23234
1.26256
1.3722
1.49619
1.61932
1.59296
1.55588
1.56829
1.47268
1.49369
1.53603
1.4841
1.50725
1.62623
1.64137
1.52402
1.42421
1.52457
1.5535
1.54195
1.50129
1.5093
1.50389
1.4661
1.50081
1.52028
1.5235
1.49944
1.61713
1.77536
1.78463
1.70673
1.82011
1.72162
1.68374
1.74289
1.88195
1.84744
1.9908
2.09646
2.03609
2.17414
2.22495
2.14324
2.21974
2.27514
2.26347
2.24861
2.21392
2.3233
2.35977
2.36824
2.27316
2.26614
2.27851
2.31158
2.18791
2.12629
2.11757
2.20339
2.22111
2.08994
2.10161
2.12581
2.14153
2.1621
2.11627
2.124
2.15774
2.18864
2.12296
2.16083
2.21229
2.19033
2.14403
2.20943
2.22052
2.24552
2.21814
2.20695
2.2391
2.13858
2.16304
2.17733
2.15058
2.20098
2.15171
2.13819
2.25061
2.24785
2.2624
2.30883
2.3088
2.31129
2.28068
2.3682
2.4762
2.49474
2.60747
2.58522
2.68789
2.66259
2.5926
2.61927
2.64531
2.74665
2.70949
2.71421
2.70649
2.67487
2.76522
2.75307
2.73634
2.72517
2.86954
2.96875
2.92997
2.94693
2.96618
2.96054
2.91804
2.94388
2.77505
2.73951
2.73005
2.63043
2.66756
2.64884
2.66423
2.62519
2.69126
2.59679
2.57708
2.6131
2.5423
2.56818
2.57536
2.56149
2.47886
2.49714
2.40507
2.37041
2.36247
2.36977
2.39843
2.41608
2.35735
2.3876
2.30921
2.391
2.33008
2.36888
2.33031
2.36969
2.38784
2.465
2.523
2.46465
2.41418
2.48779
2.46772
2.45356
2.5366
2.53384
2.6328
2.60247
2.55552
2.53269
2.51395
2.52755
2.34965
2.3715
2.16085
2.17596
2.16593
2.21744
2.29476
2.31726
2.48322
2.47714
2.45705
2.56076
2.40007
2.29204
2.3944
2.29057
2.20097
2.19557
2.28444
2.4766
2.45727
2.24985
2.33021
2.3387
2.64473
2.56633
2.78844
2.75064
2.58758
2.57877
2.53386
2.3605
2.32568
2.41752
2.42993
2.36918
2.46423
2.29854
2.11644
1.91743
1.92723
1.85191
2.0815
2.08996
2.23879
2.00718
2.16959
2.0078
1.946
1.59651
1.81366
1.8436
1.72454
1.61461
1.56719
1.28533
1.47841
1.52924
1.60225
1.54147
1.74651
2.00182
1.88273
1.98926
2.24709
2.16205
2.20911
1.80999
1.8465
1.74443
1.57032
1.80405
2.02663
1.62511
1.91944
1.9284
2.00866
1.68068
1.71419
1.79627
1.67084
1.43061
1.15873
1.07775
1.13886
0.788116
0.816366
0.475178
0.686746
0.776501
0.875712
0.945065
0.943027
1.123
1.08677
1.0914
1.01572
0.890632
1.04818
1.23531
1.27846
1.50329
1.40644
1.56956
1.4875
1.5193
1.62683
1.4479
1.33281
0.868474
0.857534
0.735347
1.12647
1.21525
1.13408
1.0215
0.712186
0.592092
0.576479
0.71627
0.517381
0.77111
0.574508
0.64387
0.535275
0.23854
0.144107
0.00361884
0.225379
0.149022
0.309148
0.320237
0.286099
0.119013
0.0379226
-0.153883
-0.167849
-0.0982529
-0.115471
-0.0906229
-0.16132
-0.238271
-0.311112
-0.407344
-0.458657
-0.509272
-0.519866
-0.552923
-0.590646
-0.560189
-0.506042
-0.318318
-0.354513
-0.474648
-0.442192
-0.417783
-0.417662
-0.315539
-0.263507
-0.287123
-0.235386
-0.264541
-0.217794
-0.200235
-0.239499
-0.349269
-0.241723
-0.121316
-0.0653892
-0.124999
-0.031694
-0.131365
-0.0614615
-0.229224
-0.256233
-0.398438
-0.416121
-0.524845
-0.652433
-0.693164
-0.731632
-0.836198
-0.817087
-0.764501
-0.702079
-0.568281
-0.489061
-0.504804
-0.47057
-0.476186
-0.378749
-0.376931
-0.333844
-0.396172
-0.510312
-0.569295
-0.455875
-0.428757
-0.508028
-0.513669
-0.573335
-0.575915
-0.593052
-0.683342
-0.701442
-0.720977
-0.731103
-0.626296
-0.625205
-0.662125
-0.592775
-0.744964
-0.779144
-0.930748
-1.06895
-1.05593
-1.06492
-0.999523
-1.08399
-1.06519
-1.01703
-1.04763
-1.02904
-0.961568
-0.822822
-0.840079
-0.741143
-0.684998
-0.558659
-0.424241
-0.383271
-0.597489
-0.597183
-0.708371
-0.8214
-0.804747
-0.867842
-0.829192
-0.874297
-0.999667
-1.01003
-0.887833
-0.757066
-0.732672
-0.677184
-0.650244
-0.59341
-0.640821
-0.724306
-0.757715
-0.725019
-0.663098
-0.542455
-0.487827
-0.467776
-0.411915
-0.467535
-0.473368
-0.466433
-0.443395
-0.446263
-0.419553
-0.509968
-0.579043
-0.56662
-0.578259
-0.571655
-0.508569
-0.483122
-0.469767
-0.499785
-0.541965
-0.53746
-0.467983
-0.428814
-0.404336
-0.437299
-0.462689
-0.399904
-0.381783
-0.329069
-0.26502
-0.157532
-0.119499
-0.148833
-0.0474351
-0.157915
-0.105177
-0.0919979
-0.150806
-0.189998
-0.161861
-0.247223
-0.243579
-0.264071
-0.213449
-0.200444
-0.164551
-0.108571
-0.137125
-0.149017
-0.279465
-0.26172
-0.230336
-0.236231
-0.167198
-0.160156
-0.259258
-0.181095
-0.107944
-0.11883
-0.223007
-0.163431
-0.018571
-0.128888
-0.190969
-0.246929
-0.317674
-0.241527
-0.276811
-0.210468
-0.137077
-0.13656
-0.173148
-0.125836
-0.181047
-0.18381
-0.203331
-0.203812
-0.100688
-0.129089
-0.100977
-0.126899
-0.203282
-0.159894
-0.128187
-0.114569
-0.135513
-0.155638
-0.103455
-0.064391
-0.0978786
-0.0946807
-0.0492163
-0.0274831
0.0299396
-0.0280252
-0.099765
-0.122827
-0.200864
-0.236577
-0.130096
-0.107562
-0.022182
-0.0262057
-0.0440503
-0.0347493
-0.169781
-0.199447
-0.199004
-0.132761
-0.175261
-0.102761
-0.225268
-0.226364
-0.225234
-0.0951742
-0.14969
-0.197825
-0.189455
-0.381965
-0.281496
-0.235831
-0.148344
-0.0328114
0.00969854
-0.0354966
0.0120999
-0.0946585
-0.284936
-0.349957
-0.404377
-0.381056
-0.430559
-0.378293
-0.454593
-0.44117
-0.473611
-0.526466
-0.483734
-0.501139
-0.508525
-0.557935
-0.422027
-0.345227
-0.321823
-0.384395
-0.339671
-0.371114
-0.352753
-0.267066
-0.281197
-0.276556
-0.333698
-0.391022
-0.489425
-0.582108
-0.643603
-0.652577
-0.615744
-0.644434
-0.787571
-0.819248
-0.815545
-0.849427
-0.824525
-0.857107
-0.901369
-0.74345
-0.67177
-0.805189
-0.811894
-0.867129
-0.959049
-1.01406
-0.88078
-0.943092
-0.907461
-0.990868
-1.00943
-1.0616
-1.13707
-1.1318
-1.11901
-1.14502
-1.15736
-1.35509
-1.44641
-1.37779
-1.38649
-1.43564
-1.40022
-1.44197
-1.51087
-1.49904
-1.49311
-1.4519
-1.47978
-1.51769
-1.46433
-1.46064
-1.47674
-1.57726
-1.5336
-1.5121
-1.56022
-1.67478
-1.62656
-1.66162
-1.50557
-1.39815
-1.43897
-1.52619
-1.59117
-1.52116
-1.62243
-1.67343
-1.65882
-1.85434
-1.84228
-1.83109
-1.83784
-1.90965
-1.98647
-1.98597
-1.98595
-2.04118
-1.99575
-1.87772
-1.74506
-1.85972
-2.09892
-2.16897
-2.24376
-2.22805
-2.1218
-2.06737
-2.10523
-2.13477
-2.18196
-2.25001
-2.22223
-2.1595
-2.15321
-2.0731
-2.08499
-2.12519
-1.96635
-1.88828
-1.99924
-1.96728
-2.09024
-2.0248
-2.06842
-2.11572
-2.17514
-2.22595
-2.24286
-2.27235
-2.1344
-2.17575
-2.26189
-2.29221
-2.18802
-2.23961
-2.31815
-2.43743
-2.59047
-2.5687
-2.6021
-2.60524
-2.61516
-2.74262
-2.65104
-2.62944
-2.51229
-2.57544
-2.67154
-2.6858
-2.63387
-2.60731
-2.61347
-2.49179
-2.44976
-2.48263
-2.5386
-2.55191
-2.56896
-2.49114
-2.53234
-2.47687
-2.47383
-2.47373
-2.45703
-2.4679
-2.43872
-2.46537
-2.48125
-2.53382
-2.63448
-2.60569
-2.64221
-2.60872
-2.6218
-2.66883
-2.64568
-2.59755
-2.6059
-2.62502
-2.66156
-2.66818
-2.684
-2.69327
-2.61699
-2.62551
-2.57202
-2.56571
-2.62298
-2.67281
-2.83602
-2.91155
-2.8729
-3.05759
-2.97633
-2.95271
-3.05535
-3.05884
-3.12844
-3.07711
-3.05702
-3.00777
-3.10876
3.13928
3.10771
3.02671
3.00829
3.02825
2.96099
2.92509
2.9264
3.02443
3.04722
3.10823
3.0896
3.08629
-3.09973
-3.05573
-2.96642
-3.03
-2.98399
-2.90047
-3.02215
-3.13595
-3.13531
3.11898
3.05033
3.07688
3.02884
3.05819
3.09156
3.13054
-3.11986
-3.07824
-3.10374
3.12166
3.10258
-3.1077
-3.10363
-3.05428
-3.12139
3.08946
3.11356
3.13536
3.11024
-3.12282
-3.13658
3.13222
-3.13069
-3.0986
-3.03501
-3.08718
-3.10939
-3.09238
-3.09665
-3.04866
-2.97579
-2.98524
-3.04975
-2.98982
-2.97852
-3.03958
-3.06847
-3.0346
-3.01182
-3.01292
-3.03223
-3.01795
-2.95973
-2.8849
-2.87836
-2.85365
-2.8582
-2.85207
-2.88934
-2.90899
-2.96265
-2.97971
-2.97052
-2.94334
-2.96432
-2.92156
-2.89867
-2.84464
-2.83576
-2.85628
-2.90381
-2.93335
-2.96459
-2.94637
-2.97339
-2.98913
-3.00233
-2.99678
-3.00885
-2.95236
-2.9583
-2.96071
-3.02347
-2.97191
-2.96649
-3.03502
-3.07334
-3.09316
-3.12893
-3.11642
-3.07703
-3.07103
-3.0522
-3.08208
-3.01689
-2.96435
-2.91021
-2.88976
-2.80475
-2.82145
-2.79642
-2.79637
-2.78672
-2.85903
-2.92267
-2.9483
-2.92111
-2.88065
-2.82146
-2.74574
-2.79277
-2.81111
-2.85386
-2.85745
-2.88889
-2.87298
-2.87374
-2.8792
-2.8526
-2.88045
-2.93112
-2.88087
-2.85826
-2.85168
-2.82795
-2.82303
-2.84147
-2.83417
-2.82143
-2.82779
-2.79007
-2.72234
-2.77528
-2.72058
-2.71633
-2.73358
-2.73175
-2.75357
-2.7328
-2.75129
-2.75061
-2.77079
-2.75038
-2.70658
-2.65103
-2.63007
-2.62314
-2.61051
-2.57819
-2.69333
-2.70119
-2.70392
-2.58958
-2.52958
-2.55313
-2.54127
-2.42389
-2.45247
-2.41264
-2.36567
-2.47481
-2.46153
-2.38568
-2.34862
-2.36894
-2.33359
-2.30895
-2.26256
-2.19796
-2.21983
-2.28714
-2.16647
-2.13848
-2.09864
-2.05076
-2.11556
-2.12361
-2.05533
-2.1142
-2.18905
-2.11307
-2.0924
-2.15343
-2.06485
-2.04185
-2.02308
-2.06492
-2.02084
-1.98935
-2.01937
-2.02715
-2.036
-2.02825
-2.00491
-1.95525
-2.00167
-1.9373
-1.92338
-1.89012
-1.86564
-1.84433
-1.85032
-1.80823
-1.82067
-1.80193
-1.8018
-1.8678
-1.85877
-1.87062
-1.85563
-1.77401
-1.72172
-1.74777
-1.69062
-1.64912
-1.633
-1.59059
-1.63124
-1.6113
-1.62482
-1.61705
-1.57036
-1.52445
-1.55489
-1.56007
-1.52002
-1.59533
-1.59584
-1.52403
-1.55998
-1.55764
-1.56725
-1.55233
-1.55905
-1.57799
-1.56415
-1.5998
-1.57391
-1.58526
-1.64287
-1.62814
-1.62467
-1.60325
-1.64082
-1.62524
-1.6309
-1.52984
-1.55304
-1.55589
-1.53291
-1.54626
-1.57393
-1.58045
-1.56381
-1.55577
-1.58504
-1.49884
-1.51273
-1.5391
-1.56068
-1.55013
-1.5172
-1.55437
-1.525
-1.54102
-1.55304
-1.54392
-1.51002
-1.4835
-1.57213
-1.5445
-1.54353
-1.54177
-1.51864
-1.51546
-1.45646
-1.4038
-1.37211
-1.40997
-1.44079
-1.39584
-1.42023
-1.424
-1.40453
-1.40962
-1.38766
-1.38273
-1.37179
-1.36361
-1.33398
-1.29774
-1.26365
-1.2997
-1.30637
-1.25321
-1.20384
-1.21071
-1.20865
-1.21786
-1.26926
-1.29942
-1.34531
-1.35736
-1.38532
-1.34626
-1.32366
-1.32011
-1.26802
-1.25681
-1.2189
-1.24257
-1.17732
-1.18995
-1.21681
-1.20101
-1.19013
-1.17415
-1.20547
-1.23499
-1.30364
-1.28908
-1.32495
-1.30329
-1.27166
-1.30025
-1.21278
-1.1886
-1.17099
-1.2194
-1.19914
-1.20657
-1.20731
-1.20575
-1.22939
-1.23772
-1.21602
-1.19632
-1.21877
-1.19976
-1.20272
-1.19352
-1.19756
-1.223
-1.25245
-1.26446
-1.27791
-1.29512
-1.27486
-1.3019
-1.30951
-1.30083
-1.29109
-1.28976
-1.29858
-1.29805
-1.27084
-1.23266
-1.17317
-1.17473
-1.1809
-1.13829
-1.11944
-1.07935
-1.0605
-1.07468
-1.0653
-1.06583
-1.04328
-1.0753
-1.08993
-1.07443
-1.08539
-1.05984
-1.03063
-1.0436
-1.05362
-1.09764
-1.128
-1.10154
-1.1453
-1.16737
-1.17545
-1.19621
-1.25037
-1.31283
-1.35471
-1.37779
-1.34941
-1.33763
-1.33389
-1.2953
-1.28056
-1.32087
-1.31323
-1.35974
-1.39256
-1.42585
-1.41987
-1.39591
-1.43043
-1.45792
-1.51396
-1.52706
-1.50843
-1.54079
-1.53815
-1.54839
-1.50562
-1.52585
-1.51949
-1.51754
-1.54586
-1.49525
-1.49367
-1.48486
-1.49621
-1.5004
-1.4745
-1.4912
-1.51194
-1.55677
-1.56135
-1.56378
-1.5553
-1.60947
-1.6079
-1.61198
-1.61629
-1.6415
-1.5843
-1.57725
-1.58304
-1.6024
-1.64417
-1.71226
-1.70572
-1.69067
-1.71799
-1.75475
-1.75306
-1.68956
-1.7049
-1.67946
-1.68946
-1.67383
-1.6497
-1.66834
-1.6657
-1.68934
-1.73106
-1.70914
-1.7501
-1.72014
-1.72488
-1.73401
-1.78336
-1.80899
-1.83601
-1.80591
-1.80506
-1.78731
-1.78144
-1.75176
-1.78121
-1.82587
-1.83589
-1.82476
