###  Units are X_hat = 1.73cm.
0	0
0.05	0.0130086
0.1	0.0266126
0.15	0.0404339
0.2	0.0532834
0.25	0.0671856
0.3	0.0816338
0.35	0.0969922
0.4	0.11273
0.45	0.126968
0.5	0.141899
0.55	0.156845
0.6	0.17266
0.65	0.189789
0.7	0.207058
0.75	0.224224
0.8	0.240467
0.85	0.256355
0.9	0.274876
0.95	0.293114
1	0.310567
1.05	0.32861
1.1	0.344761
1.15	0.361507
1.2	0.377767
1.25	0.396012
1.3	0.413657
1.35	0.43003
1.4	0.444165
1.45	0.459469
1.5	0.474213
1.55	0.489321
1.6	0.505678
1.65	0.522075
1.7	0.540849
1.75	0.558761
1.8	0.576401
1.85	0.592688
1.9	0.608933
1.95	0.62488
2	0.641048
2.05	0.658297
2.1	0.673468
2.15	0.689058
2.2	0.705247
2.25	0.722205
2.3	0.739924
2.35	0.756441
2.4	0.772829
2.45	0.788987
2.5	0.803232
2.55	0.819201
2.6	0.832348
2.65	0.845752
2.7	0.861847
2.75	0.877614
2.8	0.894727
2.85	0.911594
2.9	0.9277
2.95	0.94366
3	0.96145
3.05	0.979805
3.1	0.996093
3.15	1.0125
3.2	1.02884
3.25	1.04456
3.3	1.06065
3.35	1.07729
3.4	1.09305
3.45	1.10739
3.5	1.12182
3.55	1.13706
3.6	1.15259
3.65	1.16849
3.7	1.18389
3.75	1.2011
3.8	1.21744
3.85	1.23267
3.9	1.24687
3.95	1.26193
4	1.27673
4.05	1.29171
4.1	1.30633
4.15	1.32084
4.2	1.33429
4.25	1.34794
4.3	1.36207
4.35	1.37888
4.4	1.39436
4.45	1.40955
4.5	1.42482
4.55	1.44089
4.6	1.4582
4.65	1.47829
4.7	1.49799
4.75	1.51622
4.8	1.53445
4.85	1.55249
4.9	1.56951
4.95	1.58773
5	1.60457
5.05	1.62114
5.1	1.63799
5.15	1.65477
5.2	1.67186
5.25	1.68871
5.3	1.70585
5.35	1.7234
5.4	1.7413
5.45	1.7585
5.5	1.77788
5.55	1.79765
5.6	1.81865
5.65	1.83921
5.7	1.85904
5.75	1.87793
5.8	1.89619
5.85	1.91535
5.9	1.93363
5.95	1.95138
6	1.97035
6.05	1.9882
6.1	2.00438
6.15	2.02011
6.2	2.03689
6.25	2.05655
6.3	2.07621
6.35	2.09535
6.4	2.11481
6.45	2.1337
6.5	2.15277
6.55	2.17172
6.6	2.19109
6.65	2.20976
6.7	2.22862
6.75	2.24709
6.8	2.26517
6.85	2.28384
6.9	2.30202
6.95	2.31908
7	2.33609
7.05	2.35153
7.1	2.3662
7.15	2.38144
7.2	2.39698
7.25	2.41244
7.3	2.42902
7.35	2.44372
7.4	2.45909
7.45	2.4766
7.5	2.49412
7.55	2.51154
7.6	2.52977
7.65	2.54608
7.7	2.56252
7.75	2.5793
7.8	2.59578
7.85	2.60973
7.9	2.62412
7.95	2.63894
8	2.65402
8.05	2.66948
8.1	2.68237
8.15	2.69499
8.2	2.7084
8.25	2.7216
8.3	2.73579
8.35	2.74835
8.4	2.76258
8.45	2.77714
8.5	2.792
8.55	2.80967
8.6	2.82721
8.65	2.84468
8.7	2.86128
8.75	2.8785
8.8	2.89409
8.85	2.90907
8.9	2.92251
8.95	2.93608
9	2.95065
9.05	2.96619
9.1	2.98246
9.15	2.99941
9.2	3.01788
9.25	3.03669
9.3	3.05531
9.35	3.07392
9.4	3.09114
9.45	3.10907
9.5	3.12693
9.55	3.14516
9.6	3.16303
9.65	3.18077
9.7	3.19838
9.75	3.21588
9.8	3.23464
9.85	3.25383
9.9	3.27274
9.95	3.2911
10	3.31031
10.05	3.32626
10.1	3.3427
10.15	3.35829
10.2	3.37341
10.25	3.38887
10.3	3.40371
10.35	3.41777
10.4	3.43224
10.45	3.44754
10.5	3.46305
10.55	3.47877
10.6	3.49529
10.65	3.51256
10.7	3.52979
10.75	3.54694
10.8	3.56478
10.85	3.5823
10.9	3.60006
10.95	3.61715
11	3.63471
11.05	3.6526
11.1	3.67016
11.15	3.68761
11.2	3.70592
11.25	3.72388
11.3	3.74131
11.35	3.7586
11.4	3.77724
11.45	3.79428
11.5	3.8095
11.55	3.82506
11.6	3.84074
11.65	3.85786
11.7	3.87433
11.75	3.89386
11.8	3.91119
11.85	3.92817
11.9	3.94512
11.95	3.96251
12	3.97953
12.05	3.99735
12.1	4.01714
12.15	4.03574
12.2	4.05368
12.25	4.07156
12.3	4.08997
12.35	4.10863
12.4	4.12706
12.45	4.14862
12.5	4.16876
12.55	4.18816
12.6	4.2053
12.65	4.22238
12.7	4.2405
12.75	4.25833
12.8	4.27503
12.85	4.28875
12.9	4.30302
12.95	4.31885
13	4.33501
13.05	4.35084
13.1	4.36755
13.15	4.38633
13.2	4.40481
13.25	4.42224
13.3	4.44197
13.35	4.46171
13.4	4.482
13.45	4.50195
13.5	4.52149
13.55	4.54011
13.6	4.55829
13.65	4.57501
13.7	4.59177
13.75	4.60875
13.8	4.62645
13.85	4.6439
13.9	4.66183
13.95	4.67681
14	4.69192
14.05	4.70997
14.1	4.72725
14.15	4.74521
14.2	4.76396
14.25	4.77833
14.3	4.7926
14.35	4.80678
14.4	4.82262
14.45	4.83876
14.5	4.85506
14.55	4.87203
14.6	4.88997
14.65	4.90795
14.7	4.9247
14.75	4.94186
14.8	4.95969
14.85	4.97732
14.9	4.99472
14.95	5.01073
15	5.0285
15.05	5.04728
15.1	5.06632
15.15	5.08553
15.2	5.10632
15.25	5.12505
15.3	5.14312
15.35	5.1613
15.4	5.17922
15.45	5.19656
15.5	5.21458
15.55	5.23208
15.6	5.25002
15.65	5.26862
15.7	5.2877
15.75	5.30549
15.8	5.32343
15.85	5.34143
15.9	5.35946
15.95	5.37728
16	5.39713
16.05	5.41851
16.1	5.43839
16.15	5.45721
16.2	5.47555
16.25	5.49238
16.3	5.50885
16.35	5.52462
16.4	5.54024
16.45	5.55623
16.5	5.57349
16.55	5.59108
16.6	5.60904
16.65	5.62723
16.7	5.64602
16.75	5.66372
16.8	5.68132
16.85	5.69896
16.9	5.71659
16.95	5.73254
17	5.74781
17.05	5.76286
17.1	5.77848
17.15	5.79385
17.2	5.81065
17.25	5.82726
17.3	5.84433
17.35	5.86012
17.4	5.87405
17.45	5.88899
17.5	5.90427
17.55	5.91976
17.6	5.93616
17.65	5.95377
17.7	5.97132
17.75	5.99073
17.8	6.01047
17.85	6.0298
17.9	6.04995
17.95	6.07168
18	6.09359
18.05	6.11385
18.1	6.13358
18.15	6.15243
18.2	6.17028
18.25	6.18672
18.3	6.20308
18.35	6.21947
18.4	6.23694
18.45	6.25432
18.5	6.27192
18.55	6.29
18.6	6.30805
18.65	6.32617
18.7	6.3441
18.75	6.36223
18.8	6.38021
18.85	6.39746
18.9	6.41407
18.95	6.42785
19	6.44186
19.05	6.45729
19.1	6.47356
19.15	6.49037
19.2	6.50842
19.25	6.52492
19.3	6.54129
19.35	6.5577
19.4	6.57297
19.45	6.58817
19.5	6.60466
19.55	6.62049
19.6	6.63568
19.65	6.65189
19.7	6.66946
19.75	6.68709
19.8	6.70515
19.85	6.72265
19.9	6.74021
19.95	6.75828
20	6.77618
20.05	6.79416
20.1	6.81009
20.15	6.826
20.2	6.84395
20.25	6.85941
20.3	6.87589
20.35	6.89264
20.4	6.91047
20.45	6.92937
20.5	6.94777
20.55	6.9663
20.6	6.98585
20.65	7.0062
20.7	7.02669
20.75	7.04499
20.8	7.06245
20.85	7.07958
20.9	7.0967
20.95	7.11463
21	7.1326
21.05	7.14879
21.1	7.16593
21.15	7.18298
21.2	7.20044
21.25	7.21825
21.3	7.23655
21.35	7.25484
21.4	7.27366
21.45	7.29215
21.5	7.30903
21.55	7.32779
21.6	7.34889
21.65	7.36958
21.7	7.38871
21.75	7.40649
21.8	7.42632
21.85	7.44419
21.9	7.46134
21.95	7.47692
22	7.49411
22.05	7.50981
22.1	7.52577
22.15	7.5412
22.2	7.5569
22.25	7.57294
22.3	7.58973
22.35	7.607
22.4	7.62512
22.45	7.64231
22.5	7.65834
22.55	7.67527
22.6	7.69252
22.65	7.70992
22.7	7.72788
22.75	7.74541
22.8	7.76209
22.85	7.77881
22.9	7.79317
22.95	7.80666
23	7.82116
23.05	7.83522
23.1	7.84973
23.15	7.86351
23.2	7.87844
23.25	7.89241
23.3	7.90765
23.35	7.92274
23.4	7.93899
23.45	7.95479
23.5	7.97148
23.55	7.98911
23.6	8.00592
23.65	8.02274
23.7	8.03963
23.75	8.05671
23.8	8.0723
23.85	8.08729
23.9	8.10338
23.95	8.11811
24	8.13339
24.05	8.14845
24.1	8.16381
24.15	8.17933
24.2	8.19639
24.25	8.21086
24.3	8.22572
24.35	8.23995
24.4	8.25339
24.45	8.26754
24.5	8.2819
24.55	8.29642
24.6	8.31066
24.65	8.32558
24.7	8.34357
24.75	8.36288
24.8	8.38176
24.85	8.40039
24.9	8.41955
24.95	8.43743
25	8.45604
25.05	8.47516
25.1	8.49591
25.15	8.51666
25.2	8.5377
25.25	8.55826
25.3	8.57953
25.35	8.60021
25.4	8.62053
25.45	8.64018
25.5	8.66188
25.55	8.68234
25.6	8.70221
25.65	8.72162
25.7	8.74108
25.75	8.75828
25.8	8.77589
25.85	8.79343
25.9	8.81104
25.95	8.83004
26	8.84758
26.05	8.86596
26.1	8.8838
26.15	8.90187
26.2	8.92008
26.25	8.93795
26.3	8.9532
26.35	8.9688
26.4	8.98479
26.45	8.99985
26.5	9.01453
26.55	9.02962
26.6	9.0456
26.65	9.06143
26.7	9.07774
26.75	9.09441
26.8	9.11107
26.85	9.12714
26.9	9.14559
26.95	9.16507
27	9.1836
27.05	9.20141
27.1	9.21897
27.15	9.23574
27.2	9.25183
27.25	9.26801
27.3	9.28534
27.35	9.30202
27.4	9.31879
27.45	9.33611
27.5	9.35352
27.55	9.36916
27.6	9.38459
27.65	9.40109
27.7	9.41621
27.75	9.43238
27.8	9.45051
27.85	9.4691
27.9	9.48712
27.95	9.50492
28	9.52315
28.05	9.54207
28.1	9.56046
28.15	9.57827
28.2	9.59583
28.25	9.6116
28.3	9.62681
28.35	9.64398
28.4	9.66084
28.45	9.67796
28.5	9.69467
28.55	9.71139
28.6	9.72657
28.65	9.74238
28.7	9.75733
28.75	9.77253
28.8	9.78779
28.85	9.80302
28.9	9.81833
28.95	9.83683
29	9.85486
29.05	9.87286
29.1	9.88928
29.15	9.9061
29.2	9.92326
29.25	9.94037
29.3	9.95726
29.35	9.97491
29.4	9.99332
29.45	10.0114
29.5	10.029
29.55	10.0465
29.6	10.0618
29.65	10.0767
29.7	10.0911
29.75	10.1071
29.8	10.1228
29.85	10.138
29.9	10.1533
29.95	10.1696
30	10.1868
30.05	10.2029
30.1	10.2202
30.15	10.2352
30.2	10.2519
30.25	10.2682
30.3	10.2847
30.35	10.3034
30.4	10.3207
30.45	10.3376
30.5	10.3549
30.55	10.3715
30.6	10.3877
30.65	10.4054
30.7	10.423
30.75	10.4399
30.8	10.4573
30.85	10.4744
30.9	10.4907
30.95	10.5047
31	10.5189
31.05	10.5341
31.1	10.5502
31.15	10.5663
31.2	10.5827
31.25	10.5994
31.3	10.6158
31.35	10.6323
31.4	10.6472
31.45	10.6643
31.5	10.6802
31.55	10.6963
31.6	10.7122
31.65	10.7269
31.7	10.7419
31.75	10.7569
31.8	10.7723
31.85	10.7873
31.9	10.8021
31.95	10.8176
32	10.8331
32.05	10.849
32.1	10.8638
32.15	10.8787
32.2	10.895
32.25	10.9109
32.3	10.927
32.35	10.9441
32.4	10.961
32.45	10.9776
32.5	10.9942
32.55	11.0099
32.6	11.0255
32.65	11.0414
32.7	11.0572
32.75	11.073
32.8	11.0874
32.85	11.1026
32.9	11.1179
32.95	11.1327
33	11.1483
33.05	11.1635
33.1	11.1786
33.15	11.1917
33.2	11.2056
33.25	11.2188
33.3	11.2316
33.35	11.2443
33.4	11.257
33.45	11.2713
33.5	11.2867
33.55	11.3022
33.6	11.3178
33.65	11.3336
33.7	11.3498
33.75	11.3659
33.8	11.3817
33.85	11.3971
33.9	11.4109
33.95	11.4218
34	11.4341
34.05	11.4453
34.1	11.4557
34.15	11.4674
34.2	11.48
34.25	11.4943
34.3	11.5088
34.35	11.5228
34.4	11.5373
34.45	11.5519
34.5	11.5648
34.55	11.5782
34.6	11.5927
34.65	11.6072
34.7	11.6219
34.75	11.6373
34.8	11.653
34.85	11.6698
34.9	11.6861
34.95	11.7009
35	11.7158
35.05	11.7327
35.1	11.7493
35.15	11.7654
35.2	11.7825
35.25	11.7965
35.3	11.8126
35.35	11.827
35.4	11.8418
35.45	11.8566
35.5	11.8707
35.55	11.8848
35.6	11.8995
35.65	11.914
35.7	11.9284
35.75	11.9424
35.8	11.958
35.85	11.9738
35.9	11.9895
35.95	12.005
36	12.0229
36.05	12.042
36.1	12.0592
36.15	12.0767
36.2	12.0943
36.25	12.1116
36.3	12.1287
36.35	12.1457
36.4	12.1623
36.45	12.179
36.5	12.1965
36.55	12.2128
36.6	12.2289
36.65	12.2453
36.7	12.2616
36.75	12.2778
36.8	12.2941
36.85	12.3105
36.9	12.3283
36.95	12.3434
37	12.3572
37.05	12.3724
37.1	12.3886
37.15	12.4049
37.2	12.4221
37.25	12.4402
37.3	12.4549
37.35	12.47
37.4	12.4847
37.45	12.5009
37.5	12.5176
37.55	12.5345
37.6	12.5504
37.65	12.5686
37.7	12.5866
37.75	12.6037
37.8	12.6237
37.85	12.6426
37.9	12.6636
37.95	12.6845
38	12.7052
38.05	12.7247
38.1	12.7445
38.15	12.7633
38.2	12.7826
38.25	12.7994
38.3	12.8167
38.35	12.8342
38.4	12.8514
38.45	12.8682
38.5	12.8849
38.55	12.9034
38.6	12.9213
38.65	12.9395
38.7	12.9574
38.75	12.9758
38.8	12.9929
38.85	13.0114
38.9	13.0309
38.95	13.0503
39	13.0688
39.05	13.0875
39.1	13.105
39.15	13.1232
39.2	13.1407
39.25	13.1568
39.3	13.1732
39.35	13.1905
39.4	13.2079
39.45	13.2239
39.5	13.2393
39.55	13.2542
39.6	13.2689
39.65	13.2859
39.7	13.3018
39.75	13.3177
39.8	13.3324
39.85	13.3477
39.9	13.3631
39.95	13.3774
40	13.3908
40.05	13.4039
40.1	13.4178
40.15	13.433
40.2	13.4489
40.25	13.4657
40.3	13.4822
40.35	13.4989
40.4	13.5155
40.45	13.532
40.5	13.5482
40.55	13.5644
40.6	13.582
40.65	13.6004
40.7	13.6183
40.75	13.6401
40.8	13.6616
40.85	13.6808
40.9	13.7012
40.95	13.7209
41	13.7401
41.05	13.7586
41.1	13.7767
41.15	13.7949
41.2	13.8144
41.25	13.8347
41.3	13.8557
41.35	13.8753
41.4	13.8944
41.45	13.9131
41.5	13.9313
41.55	13.9475
41.6	13.9634
41.65	13.9798
41.7	13.9955
41.75	14.0104
41.8	14.0261
41.85	14.0415
41.9	14.0584
41.95	14.0741
42	14.0894
42.05	14.1049
42.1	14.1207
42.15	14.137
42.2	14.1542
42.25	14.1707
42.3	14.1873
42.35	14.2037
42.4	14.2203
42.45	14.237
42.5	14.2556
42.55	14.2749
42.6	14.2939
42.65	14.3125
42.7	14.3307
42.75	14.3497
42.8	14.3667
42.85	14.3842
42.9	14.3999
42.95	14.4153
43	14.4294
43.05	14.444
43.1	14.4588
43.15	14.474
43.2	14.4903
43.25	14.5067
43.3	14.5224
43.35	14.5386
43.4	14.5551
43.45	14.5719
43.5	14.5905
43.55	14.6084
43.6	14.626
43.65	14.6427
43.7	14.6587
43.75	14.6757
43.8	14.692
43.85	14.7074
43.9	14.7222
43.95	14.7374
44	14.7537
44.05	14.7704
44.1	14.7879
44.15	14.8061
44.2	14.8241
44.25	14.8405
44.3	14.8564
44.35	14.8727
44.4	14.8886
44.45	14.9041
44.5	14.919
44.55	14.934
44.6	14.9482
44.65	14.9618
44.7	14.9756
44.75	14.9896
44.8	15.0042
44.85	15.0191
44.9	15.0321
44.95	15.0469
45	15.064
45.05	15.0806
45.1	15.0993
45.15	15.1178
45.2	15.1359
45.25	15.1542
45.3	15.1725
45.35	15.1912
45.4	15.2097
45.45	15.2272
45.5	15.2472
45.55	15.267
45.6	15.2858
45.65	15.3026
45.7	15.3182
45.75	15.333
45.8	15.348
45.85	15.3628
45.9	15.3775
45.95	15.3937
46	15.4101
46.05	15.4273
46.1	15.4452
46.15	15.4658
46.2	15.4848
46.25	15.5037
46.3	15.5213
46.35	15.5372
46.4	15.5532
46.45	15.5692
46.5	15.5852
46.55	15.6012
46.6	15.6172
46.65	15.6331
46.7	15.6493
46.75	15.6647
46.8	15.6805
46.85	15.6962
46.9	15.7117
46.95	15.7261
47	15.7409
47.05	15.7561
47.1	15.774
47.15	15.7917
47.2	15.8103
47.25	15.8333
47.3	15.8552
47.35	15.8767
47.4	15.8981
47.45	15.9167
47.5	15.9344
47.55	15.9524
47.6	15.9702
47.65	15.9877
47.7	16.0053
47.75	16.0229
47.8	16.0403
47.85	16.059
47.9	16.0778
47.95	16.0947
48	16.1117
48.05	16.1267
48.1	16.1419
48.15	16.1577
48.2	16.175
48.25	16.1921
48.3	16.2093
48.35	16.2238
48.4	16.2396
48.45	16.2557
48.5	16.273
48.55	16.2893
48.6	16.3048
48.65	16.3206
48.7	16.3364
48.75	16.3517
48.8	16.369
48.85	16.387
48.9	16.406
48.95	16.4239
49	16.4419
49.05	16.4595
49.1	16.4746
49.15	16.4893
49.2	16.5033
49.25	16.5176
49.3	16.5338
49.35	16.55
49.4	16.5673
49.45	16.5818
49.5	16.5969
49.55	16.6116
49.6	16.6251
49.65	16.6392
49.7	16.6535
49.75	16.6712
49.8	16.6889
49.85	16.7063
49.9	16.7238
49.95	16.7418
50	16.7602
50.05	16.7789
50.1	16.7979
50.15	16.8158
50.2	16.8326
50.25	16.8484
50.3	16.8637
50.35	16.8769
50.4	16.8898
50.45	16.9034
50.5	16.9178
50.55	16.9306
50.6	16.9436
50.65	16.9574
50.7	16.9714
50.75	16.9855
50.8	16.9995
50.85	17.0151
50.9	17.0308
50.95	17.047
51	17.0624
51.05	17.0767
51.1	17.0918
51.15	17.1085
51.2	17.1245
51.25	17.1408
51.3	17.1572
51.35	17.1739
51.4	17.1902
51.45	17.2046
51.5	17.2184
51.55	17.2308
51.6	17.2466
51.65	17.2621
51.7	17.2778
51.75	17.2933
51.8	17.3091
51.85	17.3246
51.9	17.3404
51.95	17.3576
52	17.3747
52.05	17.3909
52.1	17.4069
52.15	17.423
52.2	17.4388
52.25	17.4552
52.3	17.4731
52.35	17.4935
52.4	17.5116
52.45	17.5304
52.5	17.5486
52.55	17.5673
52.6	17.5884
52.65	17.6082
52.7	17.6282
52.75	17.6476
52.8	17.6677
52.85	17.687
52.9	17.7051
52.95	17.7228
53	17.741
53.05	17.7598
53.1	17.7798
53.15	17.7982
53.2	17.8172
53.25	17.8363
53.3	17.8537
53.35	17.8716
53.4	17.8881
53.45	17.9045
53.5	17.9211
53.55	17.9368
53.6	17.9542
53.65	17.9715
53.7	17.9898
53.75	18.0062
53.8	18.0224
53.85	18.0373
53.9	18.0526
53.95	18.0677
54	18.0834
54.05	18.1001
54.1	18.1168
54.15	18.1344
54.2	18.1516
54.25	18.1693
54.3	18.1866
54.35	18.2041
54.4	18.2204
54.45	18.2366
54.5	18.2528
54.55	18.2693
54.6	18.2857
54.65	18.3015
54.7	18.3176
54.75	18.3321
54.8	18.3472
54.85	18.3625
54.9	18.3789
54.95	18.3953
55	18.412
55.05	18.4285
55.1	18.4459
55.15	18.4631
55.2	18.4807
55.25	18.4977
55.3	18.5145
55.35	18.531
55.4	18.5468
55.45	18.5633
55.5	18.5807
55.55	18.5985
55.6	18.6159
55.65	18.6319
55.7	18.6494
55.75	18.6668
55.8	18.6839
55.85	18.6991
55.9	18.7139
55.95	18.7287
56	18.7432
56.05	18.758
56.1	18.7748
56.15	18.7912
56.2	18.8078
56.25	18.8239
56.3	18.8399
56.35	18.8559
56.4	18.8709
56.45	18.8864
56.5	18.9008
56.55	18.9132
56.6	18.9259
56.65	18.9391
56.7	18.9526
56.75	18.9641
56.8	18.9771
56.85	18.991
56.9	19.0054
56.95	19.0196
57	19.0346
57.05	19.0492
57.1	19.0641
57.15	19.0794
57.2	19.0934
57.25	19.1119
57.3	19.1307
57.35	19.1493
57.4	19.1681
57.45	19.1835
57.5	19.1969
57.55	19.2112
57.6	19.2252
57.65	19.2406
57.7	19.2564
57.75	19.2724
57.8	19.2904
57.85	19.3082
57.9	19.3267
57.95	19.345
58	19.363
58.05	19.3801
58.1	19.3938
58.15	19.4071
58.2	19.4223
58.25	19.4375
58.3	19.4523
58.35	19.4673
58.4	19.4823
58.45	19.4964
58.5	19.5108
58.55	19.5251
58.6	19.5409
58.65	19.5559
58.7	19.5715
58.75	19.5874
58.8	19.6052
58.85	19.6229
58.9	19.6406
58.95	19.6572
59	19.6739
59.05	19.6923
59.1	19.7114
59.15	19.7304
59.2	19.7478
59.25	19.7652
59.3	19.7814
59.35	19.7977
59.4	19.8144
59.45	19.8305
59.5	19.8474
59.55	19.8636
59.6	19.88
59.65	19.897
59.7	19.9122
59.75	19.9281
59.8	19.9437
59.85	19.9598
59.9	19.9751
59.95	19.9911
60	20.007
60.05	20.0226
60.1	20.0373
60.15	20.0514
60.2	20.0652
60.25	20.0795
60.3	20.0942
60.35	20.109
60.4	20.1248
60.45	20.1395
60.5	20.1553
60.55	20.1713
60.6	20.1875
60.65	20.2054
60.7	20.2227
60.75	20.2401
60.8	20.2565
60.85	20.2728
60.9	20.29
60.95	20.3068
61	20.3243
61.05	20.3412
61.1	20.3579
61.15	20.374
61.2	20.3868
61.25	20.3978
61.3	20.4109
61.35	20.4219
61.4	20.434
61.45	20.4467
61.5	20.4591
61.55	20.4737
61.6	20.4882
61.65	20.5016
61.7	20.5154
61.75	20.5296
61.8	20.5438
61.85	20.5579
61.9	20.5735
61.95	20.5895
62	20.6059
62.05	20.6213
62.1	20.6366
62.15	20.6519
62.2	20.6674
62.25	20.6832
62.3	20.6995
62.35	20.7147
62.4	20.7304
62.45	20.7472
62.5	20.764
62.55	20.7807
62.6	20.7977
62.65	20.8126
62.7	20.828
62.75	20.8443
62.8	20.8594
62.85	20.8751
62.9	20.8909
62.95	20.9066
63	20.9231
63.05	20.9393
63.1	20.9556
63.15	20.9709
63.2	20.9869
63.25	21.0013
63.3	21.016
63.35	21.0306
63.4	21.0466
63.45	21.0623
63.5	21.0797
63.55	21.0972
63.6	21.1125
63.65	21.128
63.7	21.144
63.75	21.1602
63.8	21.1764
63.85	21.1913
63.9	21.2054
63.95	21.2209
64	21.2349
64.05	21.2492
64.1	21.264
64.15	21.2805
64.2	21.2958
64.25	21.3103
64.3	21.3238
64.35	21.3379
64.4	21.3527
64.45	21.3691
64.5	21.3859
64.55	21.4027
64.6	21.4202
64.65	21.4389
64.7	21.4575
64.75	21.4749
64.8	21.4942
64.85	21.515
64.9	21.5351
64.95	21.5547
65	21.5732
65.05	21.5925
65.1	21.6147
65.15	21.6376
65.2	21.6599
65.25	21.6821
65.3	21.7035
65.35	21.7238
65.4	21.7441
65.45	21.7635
65.5	21.7821
65.55	21.8013
65.6	21.8201
65.65	21.8371
65.7	21.8539
65.75	21.8712
65.8	21.8888
65.85	21.9062
65.9	21.9228
65.95	21.939
66	21.9521
66.05	21.9652
66.1	21.9789
66.15	21.9916
66.2	22.0043
66.25	22.0179
66.3	22.0329
66.35	22.0482
66.4	22.0651
66.45	22.0824
66.5	22.0982
66.55	22.1132
66.6	22.1262
66.65	22.1397
66.7	22.1536
66.75	22.1665
66.8	22.1804
66.85	22.1925
66.9	22.2045
66.95	22.2182
67	22.233
67.05	22.2483
67.1	22.2644
67.15	22.2794
67.2	22.2939
67.25	22.3094
67.3	22.325
67.35	22.3403
67.4	22.3557
67.45	22.3711
67.5	22.386
67.55	22.401
67.6	22.4168
67.65	22.4326
67.7	22.4463
67.75	22.4605
67.8	22.4736
67.85	22.4895
67.9	22.5055
67.95	22.5235
68	22.5413
68.05	22.5598
68.1	22.5777
68.15	22.5959
68.2	22.6123
68.25	22.6278
68.3	22.6436
68.35	22.6596
68.4	22.6762
68.45	22.6894
68.5	22.7026
68.55	22.7143
68.6	22.7276
68.65	22.7415
68.7	22.7559
68.75	22.7708
68.8	22.7864
68.85	22.8009
68.9	22.8157
68.95	22.8308
69	22.8494
69.05	22.8677
69.1	22.8884
69.15	22.9083
69.2	22.9277
69.25	22.9455
69.3	22.9638
69.35	22.9823
69.4	23.0011
69.45	23.0196
69.5	23.0377
69.55	23.0552
69.6	23.0732
69.65	23.0903
69.7	23.1089
69.75	23.1254
69.8	23.1415
69.85	23.1575
69.9	23.1742
69.95	23.1914
70	23.2085
70.05	23.2247
70.1	23.2407
70.15	23.257
70.2	23.2727
70.25	23.2885
70.3	23.3038
70.35	23.3208
70.4	23.3376
70.45	23.3543
70.5	23.374
70.55	23.3912
70.6	23.409
70.65	23.426
70.7	23.4426
70.75	23.4583
70.8	23.4741
70.85	23.4893
70.9	23.5049
70.95	23.5211
71	23.5388
71.05	23.557
71.1	23.5732
71.15	23.5896
71.2	23.6073
71.25	23.6245
71.3	23.641
71.35	23.6574
71.4	23.6729
71.45	23.6887
71.5	23.703
71.55	23.7198
71.6	23.7369
71.65	23.7539
71.7	23.7707
71.75	23.7871
71.8	23.8037
71.85	23.8202
71.9	23.8375
71.95	23.8545
72	23.8714
72.05	23.8877
72.1	23.905
72.15	23.9224
72.2	23.9401
72.25	23.9577
72.3	23.9752
72.35	23.9923
72.4	24.0084
72.45	24.0229
72.5	24.0366
72.55	24.0495
72.6	24.0629
72.65	24.0764
72.7	24.0897
72.75	24.1037
72.8	24.1182
72.85	24.1329
72.9	24.1479
72.95	24.164
73	24.1782
73.05	24.1928
73.1	24.2081
73.15	24.2237
73.2	24.241
73.25	24.2577
73.3	24.2732
73.35	24.2901
73.4	24.3068
73.45	24.3231
73.5	24.3404
73.55	24.3569
73.6	24.3724
73.65	24.3873
73.7	24.4022
73.75	24.4168
73.8	24.432
73.85	24.4472
73.9	24.4622
73.95	24.478
74	24.4932
74.05	24.5071
74.1	24.5206
74.15	24.5342
74.2	24.5482
74.25	24.5622
74.3	24.577
74.35	24.5933
74.4	24.6094
74.45	24.6279
74.5	24.6453
74.55	24.6632
74.6	24.6814
74.65	24.6989
74.7	24.7174
74.75	24.734
74.8	24.7485
74.85	24.7621
74.9	24.7763
74.95	24.79
75	24.8043
75.05	24.8191
75.1	24.8346
75.15	24.85
75.2	24.8657
75.25	24.8819
75.3	24.8983
75.35	24.9161
75.4	24.9337
75.45	24.9514
75.5	24.9679
75.55	24.9835
75.6	24.9989
75.65	25.0158
75.7	25.032
75.75	25.0477
75.8	25.0649
75.85	25.0821
75.9	25.0993
75.95	25.1189
76	25.1382
76.05	25.1581
76.1	25.1777
76.15	25.196
76.2	25.2123
76.25	25.229
76.3	25.2453
76.35	25.2618
76.4	25.2786
76.45	25.296
76.5	25.3139
76.55	25.3314
76.6	25.3504
76.65	25.3706
76.7	25.3896
76.75	25.4093
76.8	25.4291
76.85	25.4491
76.9	25.4674
76.95	25.4863
77	25.5052
77.05	25.5239
77.1	25.5432
77.15	25.5607
77.2	25.5785
77.25	25.5975
77.3	25.6158
77.35	25.6347
77.4	25.6521
77.45	25.6698
77.5	25.687
77.55	25.7042
77.6	25.7211
77.65	25.7372
77.7	25.7535
77.75	25.7703
77.8	25.7879
77.85	25.8025
77.9	25.8151
77.95	25.8289
78	25.842
78.05	25.8554
78.1	25.8691
78.15	25.8822
78.2	25.8945
78.25	25.9069
78.3	25.9211
78.35	25.936
78.4	25.9508
78.45	25.9659
78.5	25.9813
78.55	25.9962
78.6	26.0122
78.65	26.0276
78.7	26.0437
78.75	26.0599
78.8	26.0764
78.85	26.0935
78.9	26.111
78.95	26.1309
79	26.1504
79.05	26.1702
79.1	26.1902
79.15	26.2103
79.2	26.2293
79.25	26.2491
79.3	26.2682
79.35	26.2872
79.4	26.307
79.45	26.3257
79.5	26.344
79.55	26.3617
79.6	26.378
79.65	26.3962
79.7	26.412
79.75	26.4281
79.8	26.444
79.85	26.4603
79.9	26.4772
79.95	26.4946
80	26.512
80.05	26.5299
80.1	26.5487
80.15	26.5673
80.2	26.5862
80.25	26.6055
80.3	26.6245
80.35	26.6434
80.4	26.6623
80.45	26.6794
80.5	26.6961
80.55	26.7117
80.6	26.7273
80.65	26.7426
80.7	26.7581
80.75	26.7742
80.8	26.7905
80.85	26.8071
80.9	26.8239
80.95	26.8424
81	26.8602
81.05	26.8781
81.1	26.8944
81.15	26.9092
81.2	26.9261
81.25	26.9428
81.3	26.9595
81.35	26.976
81.4	26.9909
81.45	27.0063
81.5	27.0227
81.55	27.0391
81.6	27.0549
81.65	27.0721
81.7	27.0892
81.75	27.1071
81.8	27.1254
81.85	27.1433
81.9	27.1616
81.95	27.1793
82	27.1965
82.05	27.2134
82.1	27.2324
82.15	27.2525
82.2	27.2724
82.25	27.2922
82.3	27.3102
82.35	27.3276
82.4	27.3446
82.45	27.3614
82.5	27.3786
82.55	27.3967
82.6	27.4144
82.65	27.4338
82.7	27.4527
82.75	27.4718
82.8	27.4898
82.85	27.5069
82.9	27.5237
82.95	27.5405
83	27.5585
83.05	27.5762
83.1	27.5936
83.15	27.6128
83.2	27.6317
83.25	27.6486
83.3	27.6652
83.35	27.681
83.4	27.6969
83.45	27.7128
83.5	27.7305
83.55	27.7464
83.6	27.7626
83.65	27.7785
83.7	27.7945
83.75	27.8105
83.8	27.8276
83.85	27.8468
83.9	27.8675
83.95	27.8886
84	27.9074
84.05	27.9256
84.1	27.9448
84.15	27.9635
84.2	27.9819
84.25	27.9989
84.3	28.0164
84.35	28.0337
84.4	28.0509
84.45	28.0691
84.5	28.0862
84.55	28.1035
84.6	28.119
84.65	28.1338
84.7	28.15
84.75	28.1655
84.8	28.1836
84.85	28.201
84.9	28.2183
84.95	28.2339
85	28.2518
85.05	28.2706
85.1	28.2901
85.15	28.3073
85.2	28.3235
85.25	28.3408
85.3	28.3599
85.35	28.3794
85.4	28.3976
85.45	28.416
85.5	28.4344
85.55	28.4515
85.6	28.4696
85.65	28.4862
85.7	28.5018
85.75	28.5175
85.8	28.5344
85.85	28.552
85.9	28.5683
85.95	28.5865
86	28.6046
86.05	28.6228
86.1	28.6401
86.15	28.6578
86.2	28.6754
86.25	28.6924
86.3	28.7097
86.35	28.7265
86.4	28.7444
86.45	28.7624
86.5	28.7805
86.55	28.7987
86.6	28.8157
86.65	28.8324
86.7	28.8493
86.75	28.868
86.8	28.8867
86.85	28.9064
86.9	28.9257
86.95	28.9438
87	28.963
87.05	28.9804
87.1	28.9975
87.15	29.0146
87.2	29.0321
87.25	29.0491
87.3	29.066
87.35	29.0816
87.4	29.0994
87.45	29.1167
87.5	29.1338
87.55	29.1542
87.6	29.1739
87.65	29.1941
87.7	29.2135
87.75	29.2337
87.8	29.252
87.85	29.2698
87.9	29.2874
87.95	29.3067
88	29.3249
88.05	29.3435
88.1	29.362
88.15	29.379
88.2	29.3958
88.25	29.4124
88.3	29.4286
88.35	29.4431
88.4	29.4569
88.45	29.4716
88.5	29.4865
88.55	29.5026
88.6	29.5176
88.65	29.5324
88.7	29.5471
88.75	29.5597
88.8	29.5732
88.85	29.5883
88.9	29.6038
88.95	29.6195
89	29.6354
89.05	29.6517
89.1	29.6689
89.15	29.6843
89.2	29.6995
89.25	29.7147
89.3	29.7301
89.35	29.7461
89.4	29.7624
89.45	29.7774
89.5	29.7926
89.55	29.8071
89.6	29.8215
89.65	29.8364
89.7	29.8514
89.75	29.8661
89.8	29.8811
89.85	29.896
89.9	29.9115
89.95	29.9271
90	29.943
90.05	29.959
90.1	29.9751
90.15	29.9909
90.2	30.0069
90.25	30.0231
90.3	30.0396
90.35	30.0552
90.4	30.071
90.45	30.0836
90.5	30.0966
90.55	30.1096
90.6	30.1248
90.65	30.1393
90.7	30.1541
90.75	30.1689
90.8	30.1826
90.85	30.1953
90.9	30.2085
90.95	30.222
91	30.2358
91.05	30.2509
91.1	30.2663
91.15	30.2818
91.2	30.3006
91.25	30.3197
91.3	30.3392
91.35	30.3582
91.4	30.3749
91.45	30.3911
91.5	30.4086
91.55	30.4264
91.6	30.4444
91.65	30.4621
91.7	30.4801
91.75	30.4967
91.8	30.5133
91.85	30.5297
91.9	30.5457
91.95	30.5618
92	30.5785
92.05	30.5954
92.1	30.6123
92.15	30.6293
92.2	30.6463
92.25	30.6633
92.3	30.6801
92.35	30.6964
92.4	30.7121
92.45	30.728
92.5	30.7444
92.55	30.7621
92.6	30.7796
92.65	30.7958
92.7	30.8129
92.75	30.83
92.8	30.847
92.85	30.8618
92.9	30.8768
92.95	30.8921
93	30.9067
93.05	30.9222
93.1	30.9394
93.15	30.9567
93.2	30.9729
93.25	30.9886
93.3	31.0017
93.35	31.0148
93.4	31.0283
93.45	31.0421
93.5	31.0569
93.55	31.0719
93.6	31.0883
93.65	31.106
93.7	31.1228
93.75	31.137
93.8	31.1517
93.85	31.167
93.9	31.1835
93.95	31.1966
94	31.2102
94.05	31.2235
94.1	31.2404
94.15	31.2588
94.2	31.2768
94.25	31.2951
94.3	31.3114
94.35	31.3287
94.4	31.3447
94.45	31.3602
94.5	31.3753
94.55	31.3913
94.6	31.4104
94.65	31.4293
94.7	31.4486
94.75	31.4667
94.8	31.4822
94.85	31.4978
94.9	31.513
94.95	31.5283
95	31.5436
95.05	31.5596
95.1	31.5755
95.15	31.5932
95.2	31.6113
95.25	31.6282
95.3	31.6444
95.35	31.6622
95.4	31.6789
95.45	31.6953
95.5	31.7121
95.55	31.7281
95.6	31.7444
95.65	31.7603
95.7	31.7755
95.75	31.7912
95.8	31.8069
95.85	31.8239
95.9	31.8412
95.95	31.8584
96	31.876
96.05	31.8931
96.1	31.9087
96.15	31.9258
96.2	31.9418
96.25	31.9584
96.3	31.9748
96.35	31.9908
96.4	32.0073
96.45	32.0238
96.5	32.0407
96.55	32.0578
96.6	32.0738
96.65	32.0893
96.7	32.1051
96.75	32.1217
96.8	32.1377
96.85	32.1493
96.9	32.16
96.95	32.1698
97	32.1801
97.05	32.1913
97.1	32.2029
97.15	32.2154
97.2	32.228
97.25	32.24
97.3	32.2533
97.35	32.2679
97.4	32.283
97.45	32.2968
97.5	32.3109
97.55	32.3259
97.6	32.3405
97.65	32.3552
97.7	32.3705
97.75	32.3889
97.8	32.4068
97.85	32.4239
97.9	32.4408
97.95	32.4575
98	32.4739
98.05	32.4896
98.1	32.5046
98.15	32.5197
98.2	32.5328
98.25	32.5451
98.3	32.5579
98.35	32.5712
98.4	32.5854
98.45	32.6009
98.5	32.6167
98.55	32.6343
98.6	32.6531
98.65	32.6726
98.7	32.6911
98.75	32.7097
98.8	32.7281
98.85	32.7467
98.9	32.7655
98.95	32.7838
99	32.8018
99.05	32.8195
99.1	32.8335
99.15	32.8475
99.2	32.8627
99.25	32.8793
99.3	32.8946
99.35	32.9099
99.4	32.9212
99.45	32.9333
99.5	32.9451
99.55	32.9582
99.6	32.9717
99.65	32.985
99.7	33.0007
99.75	33.0156
99.8	33.0313
99.85	33.0471
99.9	33.066
99.95	33.0844
100	33.1015
100.05	33.1185
100.1	33.1346
100.15	33.1514
100.2	33.168
100.25	33.1844
100.3	33.2021
100.35	33.2198
100.4	33.2387
100.45	33.2571
100.5	33.2758
100.55	33.2948
100.6	33.3132
100.65	33.3313
100.7	33.3506
100.75	33.3668
100.8	33.3829
100.85	33.3995
100.9	33.4164
100.95	33.4334
101	33.4505
101.05	33.4688
101.1	33.487
101.15	33.5055
101.2	33.5238
101.25	33.5411
101.3	33.5583
101.35	33.5756
101.4	33.5921
101.45	33.6086
101.5	33.6263
101.55	33.6439
101.6	33.6618
101.65	33.6794
101.7	33.6969
101.75	33.713
101.8	33.7288
101.85	33.7444
101.9	33.7601
101.95	33.7743
102	33.7888
102.05	33.8042
102.1	33.8205
102.15	33.8375
102.2	33.8545
102.25	33.8713
102.3	33.8886
102.35	33.906
102.4	33.9212
102.45	33.9363
102.5	33.9514
102.55	33.967
102.6	33.983
102.65	33.9992
102.7	34.0175
102.75	34.036
102.8	34.0544
102.85	34.0702
102.9	34.0862
102.95	34.1024
103	34.1186
103.05	34.1358
103.1	34.1514
103.15	34.1677
103.2	34.183
103.25	34.199
103.3	34.2162
103.35	34.2332
103.4	34.2502
103.45	34.2678
103.5	34.2852
103.55	34.3028
103.6	34.3203
103.65	34.3379
103.7	34.3554
103.75	34.3761
103.8	34.3972
103.85	34.4176
103.9	34.4359
103.95	34.4567
104	34.4768
104.05	34.4967
104.1	34.517
104.15	34.5367
104.2	34.5548
104.25	34.5727
104.3	34.5899
104.35	34.6069
104.4	34.6251
104.45	34.6428
104.5	34.6609
104.55	34.6791
104.6	34.6987
104.65	34.717
104.7	34.7342
104.75	34.7496
104.8	34.7652
104.85	34.7817
104.9	34.7967
104.95	34.8095
105	34.8221
105.05	34.8333
105.1	34.8462
105.15	34.8584
105.2	34.8714
105.25	34.8862
105.3	34.9015
105.35	34.9172
105.4	34.9334
105.45	34.9491
105.5	34.9658
105.55	34.9828
105.6	34.9993
105.65	35.0169
105.7	35.0343
105.75	35.0513
105.8	35.0675
105.85	35.0823
105.9	35.0977
105.95	35.1132
106	35.1278
106.05	35.1432
106.1	35.1585
106.15	35.1739
106.2	35.1904
106.25	35.2082
106.3	35.2255
106.35	35.2431
106.4	35.2617
106.45	35.2794
106.5	35.2954
106.55	35.3117
106.6	35.3276
106.65	35.3432
106.7	35.3576
106.75	35.3693
106.8	35.3802
106.85	35.3919
106.9	35.4044
106.95	35.4182
107	35.4296
107.05	35.4401
107.1	35.4515
107.15	35.4637
107.2	35.4761
107.25	35.4909
107.3	35.5071
107.35	35.5236
107.4	35.5395
107.45	35.5551
107.5	35.5704
107.55	35.5875
107.6	35.6046
107.65	35.6215
107.7	35.6399
107.75	35.6583
107.8	35.6772
107.85	35.6954
107.9	35.713
107.95	35.7305
108	35.7462
108.05	35.7625
108.1	35.7791
108.15	35.7953
108.2	35.8122
108.25	35.8301
108.3	35.8481
108.35	35.8644
108.4	35.8794
108.45	35.8943
108.5	35.9096
108.55	35.927
108.6	35.9435
108.65	35.9601
108.7	35.9758
108.75	35.9916
108.8	36.0093
108.85	36.0255
108.9	36.0418
108.95	36.0587
109	36.0759
109.05	36.0951
109.1	36.1134
109.15	36.1326
109.2	36.1525
109.25	36.1713
109.3	36.1911
109.35	36.2113
109.4	36.2302
109.45	36.2504
109.5	36.2699
109.55	36.2897
109.6	36.3079
109.65	36.3264
109.7	36.3445
109.75	36.3623
109.8	36.3806
109.85	36.3976
109.9	36.4147
109.95	36.4313
110	36.4482
110.05	36.4648
110.1	36.4809
110.15	36.4975
110.2	36.5155
110.25	36.5339
110.3	36.5515
110.35	36.5688
110.4	36.5857
110.45	36.6017
110.5	36.6176
110.55	36.6335
110.6	36.6495
110.65	36.6657
110.7	36.6793
110.75	36.6952
110.8	36.7118
110.85	36.7287
110.9	36.7446
110.95	36.7615
111	36.7779
111.05	36.7941
111.1	36.8103
111.15	36.8263
111.2	36.8421
111.25	36.8591
111.3	36.8761
111.35	36.8935
111.4	36.9114
111.45	36.9281
111.5	36.944
111.55	36.9602
111.6	36.9762
111.65	36.9922
111.7	37.0081
111.75	37.0223
111.8	37.0343
111.85	37.0467
111.9	37.0591
111.95	37.073
112	37.0893
112.05	37.105
112.1	37.1204
112.15	37.1353
112.2	37.1517
112.25	37.1682
112.3	37.1846
112.35	37.2001
112.4	37.2156
112.45	37.2322
112.5	37.2492
112.55	37.2678
112.6	37.2874
112.65	37.3079
112.7	37.3283
112.75	37.3497
112.8	37.3708
112.85	37.39
112.9	37.409
112.95	37.4296
113	37.4498
113.05	37.4695
113.1	37.4892
113.15	37.5085
113.2	37.5279
113.25	37.5465
113.3	37.5676
113.35	37.5875
113.4	37.6041
113.45	37.6205
113.5	37.6378
113.55	37.6555
113.6	37.6732
113.65	37.6893
113.7	37.7046
113.75	37.7202
113.8	37.7358
113.85	37.7546
113.9	37.7718
113.95	37.7886
114	37.805
114.05	37.8233
114.1	37.8411
114.15	37.858
114.2	37.8743
114.25	37.892
114.3	37.9083
114.35	37.925
114.4	37.9397
114.45	37.9546
114.5	37.9692
114.55	37.9839
114.6	37.9973
114.65	38.0095
114.7	38.0223
114.75	38.0352
114.8	38.0482
114.85	38.062
114.9	38.0765
114.95	38.0924
115	38.109
115.05	38.1241
115.1	38.1392
115.15	38.1537
115.2	38.1685
115.25	38.184
115.3	38.1994
115.35	38.2141
115.4	38.2315
115.45	38.249
115.5	38.265
115.55	38.281
115.6	38.2969
115.65	38.314
115.7	38.3287
115.75	38.3433
115.8	38.3597
115.85	38.3753
115.9	38.3904
115.95	38.406
116	38.4217
116.05	38.4378
116.1	38.4545
116.15	38.4717
116.2	38.4888
116.25	38.504
116.3	38.5193
116.35	38.5346
116.4	38.5494
116.45	38.5648
116.5	38.5802
116.55	38.596
116.6	38.6117
116.65	38.6274
116.7	38.6444
116.75	38.6608
116.8	38.678
116.85	38.6949
116.9	38.7117
116.95	38.7307
117	38.7501
117.05	38.7698
117.1	38.7882
117.15	38.8067
117.2	38.8257
117.25	38.8444
117.3	38.8626
117.35	38.881
117.4	38.9002
117.45	38.9191
117.5	38.9382
117.55	38.9573
117.6	38.9767
117.65	38.9946
117.7	39.0129
117.75	39.0311
117.8	39.0498
117.85	39.068
117.9	39.086
117.95	39.1039
118	39.1219
118.05	39.1398
118.1	39.159
118.15	39.1779
118.2	39.1965
118.25	39.2135
118.3	39.2302
118.35	39.2496
118.4	39.2677
118.45	39.286
118.5	39.304
118.55	39.3222
118.6	39.3403
118.65	39.359
118.7	39.3774
118.75	39.3951
118.8	39.4114
118.85	39.4279
118.9	39.4438
118.95	39.4596
119	39.4735
119.05	39.4872
119.1	39.5049
119.15	39.5226
119.2	39.5401
119.25	39.5579
119.3	39.5771
119.35	39.5958
119.4	39.6123
119.45	39.6279
119.5	39.6432
119.55	39.6575
119.6	39.6721
119.65	39.6871
119.7	39.7024
119.75	39.7171
119.8	39.7323
119.85	39.7473
119.9	39.7626
119.95	39.7768
120	39.7915
120.05	39.8072
120.1	39.8236
120.15	39.8395
120.2	39.8529
120.25	39.8657
120.3	39.8792
120.35	39.8938
120.4	39.9084
120.45	39.9235
120.5	39.9385
120.55	39.9546
120.6	39.9707
120.65	39.987
120.7	40.0034
120.75	40.0218
120.8	40.0404
120.85	40.0582
120.9	40.0761
120.95	40.0936
121	40.1122
121.05	40.1298
121.1	40.1466
121.15	40.1626
121.2	40.1785
121.25	40.1946
121.3	40.2125
121.35	40.2302
121.4	40.2477
121.45	40.2652
121.5	40.2818
121.55	40.2982
121.6	40.3137
121.65	40.3301
121.7	40.347
121.75	40.3623
121.8	40.3783
121.85	40.3947
121.9	40.4138
121.95	40.4328
122	40.4507
122.05	40.4683
122.1	40.4854
122.15	40.5043
122.2	40.5216
122.25	40.539
122.3	40.557
122.35	40.577
122.4	40.5965
122.45	40.6165
122.5	40.637
122.55	40.6563
122.6	40.6754
122.65	40.6948
122.7	40.7146
122.75	40.7346
122.8	40.7553
122.85	40.777
122.9	40.7981
122.95	40.8174
123	40.838
123.05	40.8588
123.1	40.8804
123.15	40.8995
123.2	40.9182
123.25	40.9365
123.3	40.9548
123.35	40.973
123.4	40.9918
123.45	41.0104
123.5	41.0269
123.55	41.043
123.6	41.059
123.65	41.0751
123.7	41.0934
123.75	41.1121
123.8	41.1323
123.85	41.1512
123.9	41.1695
123.95	41.1866
124	41.2044
124.05	41.221
124.1	41.2387
124.15	41.2549
124.2	41.2727
124.25	41.29
124.3	41.3058
124.35	41.3222
124.4	41.337
124.45	41.3517
124.5	41.3665
124.55	41.3819
124.6	41.3947
124.65	41.4094
124.7	41.4238
124.75	41.4387
124.8	41.4549
124.85	41.4728
124.9	41.49
124.95	41.5084
125	41.5264
125.05	41.5448
125.1	41.563
125.15	41.5801
125.2	41.5984
125.25	41.6142
125.3	41.6312
125.35	41.648
125.4	41.6635
125.45	41.6778
125.5	41.691
125.55	41.7024
125.6	41.7147
125.65	41.7252
125.7	41.7376
125.75	41.7502
125.8	41.7633
125.85	41.7762
125.9	41.7895
125.95	41.8047
126	41.8206
126.05	41.8374
126.1	41.8551
126.15	41.8722
126.2	41.8893
126.25	41.907
126.3	41.9232
126.35	41.9401
126.4	41.9567
126.45	41.9725
126.5	41.9913
126.55	42.0101
126.6	42.0285
126.65	42.0464
126.7	42.0643
126.75	42.0816
126.8	42.0982
126.85	42.1151
126.9	42.1312
126.95	42.1474
127	42.1636
127.05	42.1794
127.1	42.1956
127.15	42.2118
127.2	42.2301
127.25	42.2484
127.3	42.2679
127.35	42.2871
127.4	42.3051
127.45	42.3218
127.5	42.3382
127.55	42.3536
127.6	42.3709
127.65	42.388
127.7	42.4041
127.75	42.4204
127.8	42.4366
127.85	42.4532
127.9	42.4703
127.95	42.4873
128	42.5031
128.05	42.5192
128.1	42.5365
128.15	42.5534
128.2	42.5704
128.25	42.5871
128.3	42.6037
128.35	42.6205
128.4	42.6344
128.45	42.6482
128.5	42.6617
128.55	42.6757
128.6	42.6903
128.65	42.7056
128.7	42.7208
128.75	42.7373
128.8	42.7538
128.85	42.7687
128.9	42.784
128.95	42.8002
129	42.8168
129.05	42.8335
129.1	42.8516
129.15	42.8695
129.2	42.8845
129.25	42.8996
129.3	42.9149
129.35	42.9291
129.4	42.9433
129.45	42.9582
129.5	42.9734
129.55	42.9877
129.6	43.0011
129.65	43.0129
129.7	43.0252
129.75	43.0382
129.8	43.0515
129.85	43.0654
129.9	43.0797
129.95	43.0944
130	43.1089
130.05	43.1238
130.1	43.1391
130.15	43.1536
130.2	43.1682
130.25	43.1835
130.3	43.1985
130.35	43.2139
130.4	43.2296
130.45	43.2458
130.5	43.2644
130.55	43.2827
130.6	43.3018
130.65	43.3192
130.7	43.3349
130.75	43.3516
130.8	43.3693
130.85	43.3861
130.9	43.4028
130.95	43.4178
131	43.4331
131.05	43.446
131.1	43.4606
131.15	43.4751
131.2	43.4898
131.25	43.5058
131.3	43.5218
131.35	43.539
131.4	43.5567
131.45	43.5754
131.5	43.594
131.55	43.612
131.6	43.6288
131.65	43.6453
131.7	43.6612
131.75	43.6776
131.8	43.6934
131.85	43.7088
131.9	43.7261
131.95	43.7445
132	43.7605
132.05	43.7777
132.1	43.7944
132.15	43.81
132.2	43.8259
132.25	43.8417
132.3	43.8571
132.35	43.8746
132.4	43.8914
132.45	43.9096
132.5	43.9239
132.55	43.9398
132.6	43.955
132.65	43.9702
132.7	43.9869
132.75	44.0058
132.8	44.0248
132.85	44.0437
132.9	44.0633
132.95	44.082
133	44.1004
133.05	44.1182
133.1	44.1344
133.15	44.1506
133.2	44.1655
133.25	44.1811
133.3	44.1973
133.35	44.2132
133.4	44.2294
133.45	44.2456
133.5	44.2623
133.55	44.2797
133.6	44.2976
133.65	44.3157
133.7	44.3333
133.75	44.3506
133.8	44.3677
133.85	44.3846
133.9	44.4019
133.95	44.4183
134	44.4345
134.05	44.4503
134.1	44.4653
134.15	44.4798
134.2	44.4945
134.25	44.5092
134.3	44.524
134.35	44.5387
134.4	44.5533
134.45	44.5695
134.5	44.587
134.55	44.6041
134.6	44.6191
134.65	44.6321
134.7	44.6455
134.75	44.6606
134.8	44.6774
134.85	44.6948
134.9	44.7119
134.95	44.7273
135	44.743
135.05	44.7584
135.1	44.7768
135.15	44.7966
135.2	44.8158
135.25	44.8344
135.3	44.8518
135.35	44.8682
135.4	44.8849
135.45	44.901
135.5	44.9179
135.55	44.9337
135.6	44.9487
135.65	44.9642
135.7	44.9789
135.75	44.9929
135.8	45.0062
135.85	45.0216
135.9	45.0379
135.95	45.0537
136	45.0685
136.05	45.083
136.1	45.0984
136.15	45.1154
136.2	45.1322
136.25	45.149
136.3	45.1655
136.35	45.1825
136.4	45.1991
136.45	45.2163
136.5	45.2333
136.55	45.2516
136.6	45.2687
136.65	45.2858
136.7	45.3007
136.75	45.3152
136.8	45.3298
136.85	45.346
136.9	45.3645
136.95	45.3828
137	45.4026
137.05	45.4198
137.1	45.4379
137.15	45.4572
137.2	45.4758
137.25	45.4935
137.3	45.5124
137.35	45.532
137.4	45.5511
137.45	45.5689
137.5	45.5856
137.55	45.6027
137.6	45.6198
137.65	45.6386
137.7	45.6572
137.75	45.6759
137.8	45.693
137.85	45.7102
137.9	45.7283
137.95	45.7467
138	45.7648
138.05	45.7808
138.1	45.7973
138.15	45.8138
138.2	45.8308
138.25	45.8482
138.3	45.8659
138.35	45.8822
138.4	45.8986
138.45	45.9138
138.5	45.9305
138.55	45.9486
138.6	45.9662
138.65	45.9836
138.7	46.0003
138.75	46.0164
138.8	46.0319
138.85	46.0475
138.9	46.0631
138.95	46.0775
139	46.0946
139.05	46.1116
139.1	46.1285
139.15	46.1454
139.2	46.1619
139.25	46.1782
139.3	46.193
139.35	46.2076
139.4	46.2226
139.45	46.2379
139.5	46.2538
139.55	46.2686
139.6	46.2843
139.65	46.3007
139.7	46.3152
139.75	46.3283
139.8	46.3424
139.85	46.3561
139.9	46.3702
139.95	46.3844
140	46.399
140.05	46.4141
140.1	46.4272
140.15	46.4418
140.2	46.4567
140.25	46.4717
140.3	46.4877
140.35	46.5038
140.4	46.5217
140.45	46.5396
140.5	46.5581
140.55	46.5778
140.6	46.5986
140.65	46.6193
140.7	46.6394
140.75	46.6596
140.8	46.6786
140.85	46.6977
140.9	46.7162
140.95	46.7344
141	46.7532
141.05	46.7716
141.1	46.79
141.15	46.8079
141.2	46.8253
141.25	46.8416
141.3	46.8582
141.35	46.8758
141.4	46.8931
141.45	46.9105
141.5	46.9275
141.55	46.9453
141.6	46.9627
141.65	46.9822
141.7	47.002
141.75	47.0256
141.8	47.048
141.85	47.069
141.9	47.0896
141.95	47.1094
142	47.129
142.05	47.1482
142.1	47.167
142.15	47.1855
142.2	47.2037
142.25	47.2228
142.3	47.2415
142.35	47.2598
142.4	47.2761
142.45	47.2926
142.5	47.3089
142.55	47.3255
142.6	47.3407
142.65	47.3563
142.7	47.3702
142.75	47.3848
142.8	47.4014
142.85	47.4166
142.9	47.4325
142.95	47.4489
143	47.4663
143.05	47.4812
143.1	47.4966
143.15	47.5146
143.2	47.535
143.25	47.5547
143.3	47.5759
143.35	47.5975
143.4	47.6189
143.45	47.6399
143.5	47.6595
143.55	47.6782
143.6	47.6942
143.65	47.7105
143.7	47.7268
143.75	47.7431
143.8	47.7583
143.85	47.7741
143.9	47.7896
143.95	47.8044
144	47.8198
144.05	47.8354
144.1	47.8513
144.15	47.8678
144.2	47.8852
144.25	47.9009
144.3	47.9164
144.35	47.9329
144.4	47.9485
144.45	47.964
144.5	47.9795
144.55	47.9928
144.6	48.0065
144.65	48.0208
144.7	48.0371
144.75	48.0548
144.8	48.0726
144.85	48.0888
144.9	48.1054
144.95	48.1233
145	48.1411
145.05	48.1587
145.1	48.1761
145.15	48.1921
145.2	48.2088
145.25	48.2257
145.3	48.2425
145.35	48.2592
145.4	48.2766
145.45	48.2932
145.5	48.3119
145.55	48.3305
145.6	48.3498
145.65	48.3675
145.7	48.3877
145.75	48.4069
145.8	48.4256
145.85	48.4432
145.9	48.4603
145.95	48.4759
146	48.492
146.05	48.5091
146.1	48.5249
146.15	48.5398
146.2	48.5557
146.25	48.5719
146.3	48.5896
146.35	48.6075
146.4	48.6248
146.45	48.6398
146.5	48.652
146.55	48.6652
146.6	48.6788
146.65	48.6935
146.7	48.7086
146.75	48.7258
146.8	48.7425
146.85	48.7601
146.9	48.7773
146.95	48.7953
147	48.8136
147.05	48.8335
147.1	48.852
147.15	48.8695
147.2	48.8856
147.25	48.9018
147.3	48.9184
147.35	48.9358
147.4	48.9548
147.45	48.9729
147.5	48.9913
147.55	49.0076
147.6	49.0248
147.65	49.0415
147.7	49.0587
147.75	49.0769
147.8	49.0936
147.85	49.111
147.9	49.1273
147.95	49.1437
148	49.1602
148.05	49.1762
148.1	49.1919
148.15	49.2078
148.2	49.2239
148.25	49.24
148.3	49.2581
148.35	49.2761
148.4	49.2944
148.45	49.3124
148.5	49.3301
148.55	49.3466
148.6	49.3649
148.65	49.383
148.7	49.3996
148.75	49.4166
148.8	49.4354
148.85	49.4526
148.9	49.4698
148.95	49.4868
149	49.5036
149.05	49.5201
149.1	49.5373
149.15	49.5566
149.2	49.5761
149.25	49.5943
149.3	49.6114
149.35	49.6265
149.4	49.64
149.45	49.6548
149.5	49.6691
149.55	49.6858
149.6	49.7042
149.65	49.7229
149.7	49.7412
149.75	49.7592
149.8	49.7758
149.85	49.7932
149.9	49.8106
149.95	49.8264
150	49.842
150.05	49.8583
150.1	49.8734
150.15	49.8882
150.2	49.9029
150.25	49.9206
150.3	49.9374
150.35	49.9544
150.4	49.9692
150.45	49.9859
150.5	50.0011
150.55	50.0174
150.6	50.035
150.65	50.0538
150.7	50.0721
150.75	50.0893
150.8	50.106
150.85	50.123
150.9	50.1394
150.95	50.1561
151	50.1719
151.05	50.1874
151.1	50.2034
151.15	50.2193
151.2	50.2358
151.25	50.2516
151.3	50.2654
151.35	50.2827
151.4	50.2996
151.45	50.3163
151.5	50.3337
151.55	50.3503
151.6	50.3685
151.65	50.387
151.7	50.4057
151.75	50.4252
151.8	50.4441
151.85	50.4618
151.9	50.4799
151.95	50.4992
152	50.5182
152.05	50.5352
152.1	50.5502
152.15	50.5652
152.2	50.579
152.25	50.5931
152.3	50.609
152.35	50.6257
152.4	50.6422
152.45	50.6587
152.5	50.6755
152.55	50.6939
152.6	50.7114
152.65	50.73
152.7	50.7475
152.75	50.7653
152.8	50.7834
152.85	50.7996
152.9	50.8161
152.95	50.8314
153	50.8479
153.05	50.8649
153.1	50.8816
153.15	50.8979
153.2	50.9143
153.25	50.9285
153.3	50.9437
153.35	50.9594
153.4	50.9744
153.45	50.9885
153.5	51.0026
153.55	51.0162
153.6	51.03
153.65	51.0453
153.7	51.0613
153.75	51.0771
153.8	51.0942
153.85	51.1107
153.9	51.1264
153.95	51.1424
154	51.1568
154.05	51.1717
154.1	51.1868
154.15	51.2019
154.2	51.2173
154.25	51.2312
154.3	51.2468
154.35	51.2629
154.4	51.2793
154.45	51.2957
154.5	51.3121
154.55	51.3279
154.6	51.3437
154.65	51.3599
154.7	51.3758
154.75	51.3898
154.8	51.4042
154.85	51.4197
154.9	51.4353
154.95	51.4507
155	51.4642
155.05	51.478
155.1	51.4927
155.15	51.508
155.2	51.5241
155.25	51.5394
155.3	51.5549
155.35	51.57
155.4	51.5854
155.45	51.6011
155.5	51.62
155.55	51.6385
155.6	51.6567
155.65	51.6746
155.7	51.692
155.75	51.7093
155.8	51.7269
155.85	51.7435
155.9	51.7608
155.95	51.7792
156	51.7959
156.05	51.8119
156.1	51.8277
156.15	51.844
156.2	51.8598
156.25	51.8758
156.3	51.8922
156.35	51.9091
156.4	51.9252
156.45	51.9419
156.5	51.9586
156.55	51.9762
156.6	51.9953
156.65	52.0136
156.7	52.0317
156.75	52.0482
156.8	52.0656
156.85	52.0828
156.9	52.0999
156.95	52.1172
157	52.1346
157.05	52.1528
157.1	52.1704
157.15	52.1889
157.2	52.2068
157.25	52.2239
157.3	52.2409
157.35	52.2579
157.4	52.2758
157.45	52.2916
157.5	52.3076
157.55	52.3235
157.6	52.341
157.65	52.3577
157.7	52.3748
157.75	52.39
157.8	52.4064
157.85	52.4235
157.9	52.4388
157.95	52.4544
158	52.4687
158.05	52.483
158.1	52.4976
158.15	52.5131
158.2	52.5287
158.25	52.5452
158.3	52.5618
158.35	52.5802
158.4	52.5984
158.45	52.6178
158.5	52.637
158.55	52.6559
158.6	52.6731
158.65	52.6916
158.7	52.7103
158.75	52.7293
158.8	52.7472
158.85	52.7649
158.9	52.7827
158.95	52.8002
159	52.8176
159.05	52.8349
159.1	52.8517
159.15	52.8693
159.2	52.8879
159.25	52.9064
159.3	52.9247
159.35	52.9429
159.4	52.9599
159.45	52.9769
159.5	52.9943
159.55	53.0116
159.6	53.0284
159.65	53.0452
159.7	53.0617
159.75	53.0786
159.8	53.096
159.85	53.1134
159.9	53.1302
159.95	53.1455
160	53.1595
160.05	53.1742
160.1	53.1896
160.15	53.2048
160.2	53.2214
160.25	53.2385
160.3	53.257
160.35	53.2746
160.4	53.2916
160.45	53.3093
160.5	53.3268
160.55	53.3451
160.6	53.3615
160.65	53.3777
160.7	53.3939
160.75	53.4103
160.8	53.4274
160.85	53.444
160.9	53.4604
160.95	53.4764
161	53.4918
161.05	53.5084
161.1	53.5249
161.15	53.5409
161.2	53.5571
161.25	53.5737
161.3	53.591
161.35	53.6082
161.4	53.6246
161.45	53.6416
161.5	53.6588
161.55	53.675
161.6	53.6917
161.65	53.7087
161.7	53.7257
161.75	53.7415
161.8	53.7578
161.85	53.7738
161.9	53.7899
161.95	53.8055
162	53.8218
162.05	53.8401
162.1	53.858
162.15	53.8754
162.2	53.893
162.25	53.9102
162.3	53.9281
162.35	53.9457
162.4	53.9621
162.45	53.9783
162.5	53.9937
162.55	54.0109
162.6	54.0276
162.65	54.0442
162.7	54.0623
162.75	54.0795
162.8	54.0964
162.85	54.1131
162.9	54.1304
162.95	54.1473
163	54.1641
163.05	54.1822
163.1	54.1981
163.15	54.2149
163.2	54.2321
163.25	54.2496
163.3	54.2668
163.35	54.2832
163.4	54.3005
163.45	54.318
163.5	54.3368
163.55	54.3525
163.6	54.3695
163.65	54.3865
163.7	54.4031
163.75	54.419
163.8	54.4342
163.85	54.4507
163.9	54.4686
163.95	54.4863
164	54.5026
164.05	54.517
164.1	54.5315
164.15	54.5464
164.2	54.5617
164.25	54.5777
164.3	54.5942
164.35	54.6101
164.4	54.6269
164.45	54.6446
164.5	54.6621
164.55	54.681
164.6	54.6971
164.65	54.714
164.7	54.7301
164.75	54.7462
164.8	54.7616
164.85	54.7785
164.9	54.7968
164.95	54.8144
165	54.8307
165.05	54.8482
165.1	54.866
165.15	54.8831
165.2	54.9025
165.25	54.9221
165.3	54.9379
165.35	54.953
165.4	54.9673
165.45	54.9822
165.5	54.9978
165.55	55.0127
165.6	55.0279
165.65	55.0436
165.7	55.0597
165.75	55.076
165.8	55.0913
165.85	55.1068
165.9	55.1216
165.95	55.1354
166	55.1504
166.05	55.1645
166.1	55.1781
166.15	55.1921
166.2	55.2078
166.25	55.2237
166.3	55.2388
166.35	55.2558
166.4	55.2754
166.45	55.2945
166.5	55.3124
166.55	55.3293
166.6	55.3467
166.65	55.3644
166.7	55.3814
166.75	55.3984
166.8	55.4149
166.85	55.4311
166.9	55.4474
166.95	55.4632
167	55.4799
167.05	55.4973
167.1	55.5159
167.15	55.5322
167.2	55.5496
167.25	55.5664
167.3	55.5826
167.35	55.5979
167.4	55.6136
167.45	55.6291
167.5	55.6446
167.55	55.6604
167.6	55.6764
167.65	55.6901
167.7	55.7052
167.75	55.721
167.8	55.7396
167.85	55.7582
167.9	55.7765
167.95	55.7944
168	55.8128
168.05	55.8302
168.1	55.8468
168.15	55.8623
168.2	55.8779
168.25	55.8935
168.3	55.9116
168.35	55.9283
168.4	55.945
168.45	55.9621
168.5	55.9797
168.55	55.9962
168.6	56.0096
168.65	56.0242
168.7	56.0377
168.75	56.0519
168.8	56.0661
168.85	56.0802
168.9	56.0955
168.95	56.1114
169	56.1282
169.05	56.1457
169.1	56.1638
169.15	56.1811
169.2	56.1993
169.25	56.2176
169.3	56.2355
169.35	56.2514
169.4	56.2685
169.45	56.2852
169.5	56.3027
169.55	56.32
169.6	56.3368
169.65	56.3533
169.7	56.3706
169.75	56.388
169.8	56.4031
169.85	56.4183
169.9	56.4341
169.95	56.4485
170	56.4632
170.05	56.4774
170.1	56.4917
170.15	56.5037
170.2	56.515
170.25	56.5272
170.3	56.5418
170.35	56.5557
170.4	56.5696
170.45	56.5846
170.5	56.5992
170.55	56.614
170.6	56.6294
170.65	56.6448
170.7	56.6604
170.75	56.6766
170.8	56.693
170.85	56.7097
170.9	56.7276
170.95	56.7458
171	56.7605
171.05	56.7769
171.1	56.7939
171.15	56.8112
171.2	56.828
171.25	56.8448
171.3	56.8611
171.35	56.8771
171.4	56.8937
171.45	56.9094
171.5	56.9246
171.55	56.9401
171.6	56.9555
171.65	56.9703
171.7	56.985
171.75	56.9996
171.8	57.0146
171.85	57.0304
171.9	57.0468
171.95	57.0632
172	57.0796
172.05	57.0984
172.1	57.1167
172.15	57.1336
172.2	57.1492
172.25	57.1648
172.3	57.1803
172.35	57.1956
172.4	57.2099
172.45	57.2247
172.5	57.2397
172.55	57.2559
172.6	57.2721
172.65	57.2888
172.7	57.307
172.75	57.3259
172.8	57.3421
172.85	57.3585
172.9	57.3748
172.95	57.3911
173	57.4052
173.05	57.4208
173.1	57.4369
173.15	57.4529
173.2	57.4681
173.25	57.4832
173.3	57.4974
173.35	57.512
173.4	57.5267
173.45	57.5416
173.5	57.5565
173.55	57.5721
173.6	57.5889
173.65	57.6056
173.7	57.6221
173.75	57.6378
173.8	57.6544
173.85	57.673
173.9	57.6915
173.95	57.709
174	57.7253
174.05	57.7412
174.1	57.7599
174.15	57.7779
174.2	57.7957
174.25	57.8131
174.3	57.8301
174.35	57.8455
174.4	57.8623
174.45	57.8795
174.5	57.8989
174.55	57.9186
174.6	57.937
174.65	57.9547
174.7	57.9722
174.75	57.9889
174.8	58.0057
174.85	58.0224
174.9	58.0396
174.95	58.0558
175	58.0718
175.05	58.0862
175.1	58.1015
175.15	58.116
175.2	58.131
175.25	58.1464
175.3	58.1626
175.35	58.1791
175.4	58.1978
175.45	58.2149
175.5	58.2314
175.55	58.2479
175.6	58.2654
175.65	58.2834
175.7	58.3003
175.75	58.3197
175.8	58.3387
175.85	58.3575
175.9	58.3762
175.95	58.3949
176	58.4131
176.05	58.4307
176.1	58.4473
176.15	58.4643
176.2	58.4811
176.25	58.4993
176.3	58.5162
176.35	58.5329
176.4	58.5491
176.45	58.5651
176.5	58.5807
176.55	58.5971
176.6	58.6134
176.65	58.6291
176.7	58.646
176.75	58.663
176.8	58.6795
176.85	58.6965
176.9	58.7135
176.95	58.7318
177	58.7514
177.05	58.7714
177.1	58.7907
177.15	58.8096
177.2	58.8271
177.25	58.8438
177.3	58.8594
177.35	58.8748
177.4	58.8897
177.45	58.9039
177.5	58.9183
177.55	58.9333
177.6	58.9489
177.65	58.9647
177.7	58.9804
177.75	58.9944
177.8	59.0089
177.85	59.0243
177.9	59.0404
177.95	59.056
178	59.0715
178.05	59.087
178.1	59.1033
178.15	59.1203
178.2	59.1388
178.25	59.157
178.3	59.1751
178.35	59.1938
178.4	59.2114
178.45	59.2285
178.5	59.246
178.55	59.2635
178.6	59.2812
178.65	59.2988
178.7	59.3155
178.75	59.3326
178.8	59.3481
178.85	59.3642
178.9	59.3802
178.95	59.3955
179	59.4096
179.05	59.4251
179.1	59.4408
179.15	59.4548
179.2	59.4692
179.25	59.4837
179.3	59.4986
179.35	59.514
179.4	59.5297
179.45	59.5444
179.5	59.5598
179.55	59.575
179.6	59.5891
179.65	59.6056
179.7	59.6215
179.75	59.6394
179.8	59.6572
179.85	59.6731
179.9	59.6883
179.95	59.7036
180	59.7208
180.05	59.7381
180.1	59.7566
180.15	59.773
180.2	59.7886
180.25	59.8053
180.3	59.822
180.35	59.8359
180.4	59.8488
180.45	59.8618
180.5	59.8757
180.55	59.8878
180.6	59.9005
180.65	59.9137
180.7	59.9269
180.75	59.9417
180.8	59.9562
180.85	59.9719
180.9	59.9889
180.95	60.0065
181	60.0245
181.05	60.0439
181.1	60.0626
181.15	60.0822
181.2	60.1022
181.25	60.1215
181.3	60.14
181.35	60.1573
181.4	60.1767
181.45	60.1955
181.5	60.2141
181.55	60.2318
181.6	60.2498
181.65	60.2679
181.7	60.2851
181.75	60.3038
181.8	60.3233
181.85	60.3424
181.9	60.3624
181.95	60.3815
182	60.4018
182.05	60.4203
182.1	60.4385
182.15	60.4556
182.2	60.4727
182.25	60.4882
182.3	60.5039
182.35	60.5207
182.4	60.5374
182.45	60.5538
182.5	60.5697
182.55	60.5871
182.6	60.6046
182.65	60.6217
182.7	60.6387
182.75	60.6557
182.8	60.6744
182.85	60.6962
182.9	60.7165
182.95	60.7395
183	60.7613
183.05	60.7824
183.1	60.8028
183.15	60.823
183.2	60.8413
183.25	60.8595
183.3	60.8774
183.35	60.8935
183.4	60.9097
183.45	60.9286
183.5	60.9487
183.55	60.9687
183.6	60.9885
183.65	61.0081
183.7	61.0265
183.75	61.0444
183.8	61.0626
183.85	61.0802
183.9	61.0981
183.95	61.1158
184	61.1308
184.05	61.1436
184.1	61.1557
184.15	61.169
184.2	61.1828
184.25	61.1972
184.3	61.211
184.35	61.2258
184.4	61.2408
184.45	61.2564
184.5	61.2722
184.55	61.2883
184.6	61.3063
184.65	61.3234
184.7	61.3404
184.75	61.3574
184.8	61.3748
184.85	61.3919
184.9	61.4101
184.95	61.4296
185	61.4487
185.05	61.4643
185.1	61.4802
185.15	61.4966
185.2	61.5116
185.25	61.5259
185.3	61.541
185.35	61.5573
185.4	61.5735
185.45	61.5891
185.5	61.6063
185.55	61.6211
185.6	61.637
185.65	61.6534
185.7	61.6693
185.75	61.6854
185.8	61.7004
185.85	61.7159
185.9	61.731
185.95	61.7484
186	61.7671
186.05	61.7862
186.1	61.8051
186.15	61.8239
186.2	61.8449
186.25	61.8655
186.3	61.8838
186.35	61.9021
186.4	61.9193
186.45	61.9357
186.5	61.9522
186.55	61.9659
186.6	61.9801
186.65	61.9952
186.7	62.0104
186.75	62.0259
186.8	62.0413
186.85	62.0589
186.9	62.0764
186.95	62.0939
187	62.1114
187.05	62.1286
187.1	62.1446
187.15	62.1609
187.2	62.1767
187.25	62.1946
187.3	62.2107
187.35	62.2283
187.4	62.2452
187.45	62.2634
187.5	62.2822
187.55	62.3016
187.6	62.3202
187.65	62.3405
187.7	62.3593
187.75	62.377
187.8	62.3945
187.85	62.4107
187.9	62.4278
187.95	62.4449
188	62.4621
188.05	62.4793
188.1	62.4968
188.15	62.5143
188.2	62.5311
188.25	62.5482
188.3	62.566
188.35	62.5837
188.4	62.6007
188.45	62.6176
188.5	62.6362
188.55	62.6539
188.6	62.6712
188.65	62.6884
188.7	62.7065
188.75	62.7241
188.8	62.7414
188.85	62.7589
188.9	62.7755
188.95	62.7937
189	62.8117
189.05	62.8289
189.1	62.8462
189.15	62.8634
189.2	62.8801
189.25	62.8959
189.3	62.9121
189.35	62.9299
189.4	62.9476
189.45	62.9649
189.5	62.9826
189.55	63.0003
189.6	63.018
189.65	63.0352
189.7	63.0522
189.75	63.0711
189.8	63.0901
189.85	63.1087
189.9	63.1271
189.95	63.1454
190	63.1643
190.05	63.1829
190.1	63.2023
190.15	63.2214
190.2	63.24
190.25	63.2572
190.3	63.2739
190.35	63.29
190.4	63.3061
190.45	63.3214
190.5	63.337
190.55	63.3524
190.6	63.3673
190.65	63.3817
190.7	63.3973
190.75	63.4139
190.8	63.4312
190.85	63.4466
190.9	63.4623
190.95	63.477
191	63.4918
191.05	63.5055
191.1	63.5192
191.15	63.534
191.2	63.5491
191.25	63.5646
191.3	63.5803
191.35	63.5963
191.4	63.6125
191.45	63.6287
191.5	63.6459
191.55	63.6616
191.6	63.6754
191.65	63.6903
191.7	63.7058
191.75	63.7218
191.8	63.738
191.85	63.7531
191.9	63.7688
191.95	63.7868
192	63.8058
192.05	63.8257
192.1	63.8447
192.15	63.8627
192.2	63.8811
192.25	63.8983
192.3	63.9153
192.35	63.9291
192.4	63.9433
192.45	63.9571
192.5	63.9735
192.55	63.9889
192.6	64.0048
192.65	64.0221
192.7	64.0404
192.75	64.059
192.8	64.0745
192.85	64.0893
192.9	64.1048
192.95	64.1203
193	64.1362
193.05	64.1511
193.1	64.1648
193.15	64.1791
193.2	64.1933
193.25	64.2078
193.3	64.2233
193.35	64.2399
193.4	64.2558
193.45	64.2736
193.5	64.2908
193.55	64.3076
193.6	64.3246
193.65	64.3415
193.7	64.3582
193.75	64.3763
193.8	64.3935
193.85	64.4107
193.9	64.4291
193.95	64.4482
194	64.4681
194.05	64.4873
194.1	64.5018
194.15	64.5166
194.2	64.531
194.25	64.546
194.3	64.5614
194.35	64.5779
194.4	64.595
194.45	64.6122
194.5	64.6302
194.55	64.6473
194.6	64.6644
194.65	64.6816
194.7	64.7011
194.75	64.7206
194.8	64.7385
194.85	64.7534
194.9	64.7686
194.95	64.7845
195	64.8004
195.05	64.8166
195.1	64.8322
195.15	64.8482
195.2	64.8642
195.25	64.8789
195.3	64.8936
195.35	64.9088
195.4	64.9243
195.45	64.9401
195.5	64.9571
195.55	64.9739
195.6	64.992
195.65	65.0092
195.7	65.026
195.75	65.0418
195.8	65.0576
195.85	65.0728
195.9	65.088
195.95	65.1033
196	65.1191
196.05	65.1348
196.1	65.1489
196.15	65.1625
196.2	65.1766
196.25	65.1923
196.3	65.2081
196.35	65.2242
196.4	65.2404
196.45	65.2586
196.5	65.2743
196.55	65.2898
196.6	65.3057
196.65	65.322
196.7	65.3377
196.75	65.3526
196.8	65.3669
196.85	65.3804
196.9	65.395
196.95	65.4096
197	65.4242
197.05	65.4399
197.1	65.4556
197.15	65.4714
197.2	65.4872
197.25	65.503
197.3	65.5193
197.35	65.5342
197.4	65.5504
197.45	65.5669
197.5	65.5833
197.55	65.6013
197.6	65.6197
197.65	65.6403
197.7	65.6598
197.75	65.6789
197.8	65.697
197.85	65.7149
197.9	65.7323
197.95	65.7504
198	65.7692
198.05	65.7877
198.1	65.8055
198.15	65.823
198.2	65.8411
198.25	65.8589
198.3	65.8783
198.35	65.896
198.4	65.9136
198.45	65.9311
198.5	65.948
198.55	65.9651
198.6	65.9812
198.65	65.996
198.7	66.0098
198.75	66.0249
198.8	66.0397
198.85	66.0549
198.9	66.0709
198.95	66.0878
199	66.1041
199.05	66.1212
199.1	66.1372
199.15	66.1535
199.2	66.1685
199.25	66.1836
199.3	66.1995
199.35	66.215
199.4	66.2294
199.45	66.2444
199.5	66.2592
199.55	66.2747
199.6	66.2897
199.65	66.3049
199.7	66.3205
199.75	66.3358
199.8	66.3519
199.85	66.3681
199.9	66.3831
199.95	66.3986
200	66.4118
200.05	66.4242
200.1	66.4378
200.15	66.4522
200.2	66.4672
200.25	66.4823
200.3	66.4981
200.35	66.5139
200.4	66.5287
200.45	66.544
200.5	66.5601
200.55	66.5756
200.6	66.5923
200.65	66.6117
200.7	66.6315
200.75	66.6514
200.8	66.6716
200.85	66.6902
200.9	66.7087
200.95	66.727
201	66.7451
201.05	66.7626
201.1	66.78
201.15	66.7982
201.2	66.8134
201.25	66.8298
201.3	66.8465
201.35	66.8637
201.4	66.8794
201.45	66.895
201.5	66.9102
201.55	66.9248
201.6	66.94
201.65	66.9564
201.7	66.9706
201.75	66.9852
201.8	67
201.85	67.0163
201.9	67.0319
201.95	67.045
202	67.0604
202.05	67.0757
202.1	67.0913
202.15	67.1102
202.2	67.1281
202.25	67.1468
202.3	67.1661
202.35	67.1851
202.4	67.2042
202.45	67.221
202.5	67.2377
202.55	67.2548
202.6	67.2718
202.65	67.2887
202.7	67.3048
202.75	67.3182
202.8	67.3322
202.85	67.3471
202.9	67.3621
202.95	67.3789
203	67.395
203.05	67.4106
203.1	67.4264
203.15	67.4429
203.2	67.4593
203.25	67.4762
203.3	67.4953
203.35	67.5141
203.4	67.5332
203.45	67.5533
203.5	67.5726
203.55	67.5901
203.6	67.608
203.65	67.6256
203.7	67.6428
203.75	67.6608
203.8	67.676
203.85	67.693
203.9	67.7132
203.95	67.7316
204	67.7491
204.05	67.7664
204.1	67.7831
204.15	67.7991
204.2	67.8143
204.25	67.8286
204.3	67.8431
204.35	67.8596
204.4	67.8753
204.45	67.8943
204.5	67.9132
204.55	67.9323
204.6	67.9525
204.65	67.9722
204.7	67.991
204.75	68.0093
204.8	68.0249
204.85	68.0406
204.9	68.0565
204.95	68.0728
205	68.0908
205.05	68.1078
205.1	68.1206
205.15	68.1345
205.2	68.1457
205.25	68.1573
205.3	68.1708
205.35	68.1844
205.4	68.1989
205.45	68.2132
205.5	68.228
205.55	68.2425
205.6	68.2578
205.65	68.2736
205.7	68.2896
205.75	68.3067
205.8	68.3228
205.85	68.3393
205.9	68.3562
205.95	68.3726
206	68.3889
206.05	68.4065
206.1	68.4241
206.15	68.4416
206.2	68.459
206.25	68.4767
206.3	68.4938
206.35	68.5114
206.4	68.5285
206.45	68.545
206.5	68.5618
206.55	68.5779
206.6	68.5943
206.65	68.6112
206.7	68.6281
206.75	68.6449
206.8	68.6616
206.85	68.6778
206.9	68.6953
206.95	68.7129
207	68.7306
207.05	68.7497
207.1	68.7687
207.15	68.7862
207.2	68.8027
207.25	68.8193
207.3	68.8363
207.35	68.8532
207.4	68.8692
207.45	68.8841
207.5	68.899
207.55	68.915
207.6	68.9327
207.65	68.9508
207.7	68.9693
207.75	68.9876
207.8	69.008
207.85	69.028
207.9	69.0456
207.95	69.063
208	69.0803
208.05	69.0975
208.1	69.1138
208.15	69.1308
208.2	69.1471
208.25	69.1645
208.3	69.1801
208.35	69.1958
208.4	69.2116
208.45	69.2295
208.5	69.2471
208.55	69.2646
208.6	69.2817
208.65	69.2983
208.7	69.3143
208.75	69.331
208.8	69.3482
208.85	69.3652
208.9	69.3825
208.95	69.3995
209	69.4182
209.05	69.4366
209.1	69.4551
209.15	69.4732
209.2	69.4901
209.25	69.5066
209.3	69.5242
209.35	69.5419
209.4	69.5601
209.45	69.5774
209.5	69.595
209.55	69.6126
209.6	69.6301
209.65	69.6482
209.7	69.6659
209.75	69.6852
209.8	69.7025
209.85	69.7189
209.9	69.7353
209.95	69.7521
210	69.7687
210.05	69.7851
210.1	69.8014
210.15	69.8179
210.2	69.8342
210.25	69.8498
210.3	69.8653
210.35	69.8786
210.4	69.892
210.45	69.9058
210.5	69.9201
210.55	69.9341
210.6	69.9474
210.65	69.9613
210.7	69.9763
210.75	69.9917
210.8	70.0074
210.85	70.0237
210.9	70.0391
210.95	70.0533
211	70.0679
211.05	70.0837
211.1	70.1
211.15	70.1167
211.2	70.1342
211.25	70.1514
211.3	70.1685
211.35	70.1846
211.4	70.1997
211.45	70.2154
211.5	70.2313
211.55	70.247
211.6	70.2625
211.65	70.2777
211.7	70.297
211.75	70.316
211.8	70.3347
211.85	70.3531
211.9	70.3723
211.95	70.3903
212	70.4077
212.05	70.425
212.1	70.4431
212.15	70.461
212.2	70.4794
212.25	70.4979
212.3	70.5189
212.35	70.5396
212.4	70.5625
212.45	70.5842
212.5	70.6067
212.55	70.6274
212.6	70.6473
212.65	70.6665
212.7	70.6824
212.75	70.6977
212.8	70.7134
212.85	70.7296
212.9	70.7451
212.95	70.7617
213	70.7783
213.05	70.7943
213.1	70.8107
213.15	70.8272
213.2	70.8435
213.25	70.8593
213.3	70.8756
213.35	70.8922
213.4	70.9105
213.45	70.925
213.5	70.9405
213.55	70.9561
213.6	70.9717
213.65	70.9871
213.7	71.0016
213.75	71.016
213.8	71.0306
213.85	71.0447
213.9	71.0598
213.95	71.0768
214	71.0943
214.05	71.1106
214.1	71.1269
214.15	71.1419
214.2	71.1573
214.25	71.1732
214.3	71.1882
214.35	71.2028
214.4	71.2161
214.45	71.23
214.5	71.2449
214.55	71.2593
214.6	71.2727
214.65	71.2886
214.7	71.3073
214.75	71.3272
214.8	71.3466
214.85	71.3654
214.9	71.3842
214.95	71.4022
215	71.4226
215.05	71.4421
215.1	71.4615
215.15	71.4813
215.2	71.5012
215.25	71.5202
215.3	71.5393
215.35	71.5582
215.4	71.5791
215.45	71.5988
215.5	71.6163
215.55	71.6318
215.6	71.6461
215.65	71.6614
215.7	71.6776
215.75	71.6941
215.8	71.7112
215.85	71.7276
215.9	71.7456
215.95	71.7634
216	71.7812
216.05	71.7991
216.1	71.8184
216.15	71.8378
216.2	71.8569
216.25	71.8746
216.3	71.8916
216.35	71.9092
216.4	71.9245
216.45	71.9392
216.5	71.9532
216.55	71.9666
216.6	71.9815
216.65	71.9997
216.7	72.0175
216.75	72.035
216.8	72.0526
216.85	72.0733
216.9	72.0933
216.95	72.1128
217	72.1317
217.05	72.1502
217.1	72.1705
217.15	72.1901
217.2	72.2089
217.25	72.228
217.3	72.2475
217.35	72.2684
217.4	72.2846
217.45	72.3017
217.5	72.3185
217.55	72.3346
217.6	72.3488
217.65	72.3655
217.7	72.3826
217.75	72.3992
217.8	72.4161
217.85	72.4315
217.9	72.4466
217.95	72.4623
218	72.4785
218.05	72.4954
218.1	72.5122
218.15	72.5296
218.2	72.5473
218.25	72.5652
218.3	72.5816
218.35	72.597
218.4	72.6124
218.45	72.6285
218.5	72.6442
218.55	72.6613
218.6	72.6789
218.65	72.6964
218.7	72.7136
218.75	72.7297
218.8	72.7461
218.85	72.7625
218.9	72.779
218.95	72.7942
219	72.8098
219.05	72.8261
219.1	72.8425
219.15	72.8589
219.2	72.8748
219.25	72.892
219.3	72.9097
219.35	72.9266
219.4	72.9442
219.45	72.9625
219.5	72.9795
219.55	72.9973
219.6	73.0161
219.65	73.035
219.7	73.0513
219.75	73.0677
219.8	73.0838
219.85	73.0999
219.9	73.116
219.95	73.1314
220	73.1473
220.05	73.1612
220.1	73.1761
220.15	73.191
220.2	73.2061
220.25	73.219
220.3	73.233
220.35	73.2472
220.4	73.2633
220.45	73.2793
220.5	73.2927
220.55	73.3061
220.6	73.3222
220.65	73.3401
220.7	73.3576
220.75	73.3737
220.8	73.3908
220.85	73.4082
220.9	73.4255
220.95	73.4429
221	73.4597
221.05	73.4762
221.1	73.4926
221.15	73.5097
221.2	73.526
221.25	73.5433
221.3	73.56
221.35	73.5758
221.4	73.5915
221.45	73.6079
221.5	73.6239
221.55	73.642
221.6	73.6597
221.65	73.6772
221.7	73.6944
221.75	73.7117
221.8	73.7285
221.85	73.7451
221.9	73.7641
221.95	73.7813
222	73.7986
222.05	73.814
222.1	73.8293
222.15	73.8448
222.2	73.8608
222.25	73.8773
222.3	73.8943
222.35	73.9101
222.4	73.9246
222.45	73.941
222.5	73.9573
222.55	73.9708
222.6	73.9844
222.65	73.9985
222.7	74.0129
222.75	74.0269
222.8	74.042
222.85	74.0574
222.9	74.0727
222.95	74.0885
223	74.106
223.05	74.1235
223.1	74.1411
223.15	74.1573
223.2	74.1763
223.25	74.1944
223.3	74.2116
223.35	74.2287
223.4	74.2458
223.45	74.2633
223.5	74.2773
223.55	74.2907
223.6	74.3045
223.65	74.3165
223.7	74.3312
223.75	74.3444
223.8	74.3585
223.85	74.3722
223.9	74.387
223.95	74.4022
224	74.4171
224.05	74.4307
224.1	74.4455
224.15	74.4603
224.2	74.4748
224.25	74.4893
224.3	74.5024
224.35	74.5159
224.4	74.5291
224.45	74.5448
224.5	74.5606
224.55	74.5746
224.6	74.5892
224.65	74.6043
224.7	74.6198
224.75	74.6356
224.8	74.6538
224.85	74.6727
224.9	74.691
224.95	74.7107
225	74.7281
225.05	74.7462
225.1	74.7639
225.15	74.7805
225.2	74.7984
225.25	74.8157
225.3	74.832
225.35	74.8484
225.4	74.8654
225.45	74.8827
225.5	74.9001
225.55	74.9173
225.6	74.9335
225.65	74.9497
225.7	74.9681
225.75	74.9849
225.8	75.0016
225.85	75.0186
225.9	75.0353
225.95	75.053
226	75.07
226.05	75.087
226.1	75.1042
226.15	75.1229
226.2	75.1437
226.25	75.164
226.3	75.1836
226.35	75.2033
226.4	75.2234
226.45	75.2415
226.5	75.2619
226.55	75.2801
226.6	75.2981
226.65	75.3157
226.7	75.3331
226.75	75.3503
226.8	75.3676
226.85	75.3849
226.9	75.4023
226.95	75.4196
227	75.4369
227.05	75.4553
227.1	75.4743
227.15	75.4942
227.2	75.5142
227.25	75.5329
227.3	75.5534
227.35	75.5743
227.4	75.5948
227.45	75.6162
227.5	75.6361
227.55	75.6542
227.6	75.6696
227.65	75.686
227.7	75.7039
227.75	75.7222
227.8	75.7405
227.85	75.7573
227.9	75.7737
227.95	75.7912
228	75.8073
228.05	75.8225
228.1	75.8374
228.15	75.853
228.2	75.8673
228.25	75.8827
228.3	75.8982
228.35	75.9139
228.4	75.9313
228.45	75.9494
228.5	75.9667
228.55	75.9847
228.6	76.0033
228.65	76.0229
228.7	76.0411
228.75	76.059
228.8	76.0761
228.85	76.0908
228.9	76.106
228.95	76.1214
229	76.138
229.05	76.1535
229.1	76.1684
229.15	76.1833
229.2	76.199
229.25	76.2149
229.3	76.2311
229.35	76.2464
229.4	76.2624
229.45	76.2783
229.5	76.2952
229.55	76.3114
229.6	76.3277
229.65	76.3436
229.7	76.3575
229.75	76.3712
229.8	76.3843
229.85	76.3989
229.9	76.4147
229.95	76.4305
230	76.4459
230.05	76.462
230.1	76.479
230.15	76.4944
230.2	76.5101
230.25	76.5277
230.3	76.5469
230.35	76.5656
230.4	76.5837
230.45	76.6009
230.5	76.6156
230.55	76.6301
230.6	76.645
230.65	76.659
230.7	76.6755
230.75	76.6926
230.8	76.7112
230.85	76.7296
230.9	76.7481
230.95	76.7658
231	76.7832
231.05	76.8015
231.1	76.82
231.15	76.8387
231.2	76.8579
231.25	76.8764
231.3	76.8942
231.35	76.9121
231.4	76.9284
231.45	76.9438
231.5	76.9601
231.55	76.9761
231.6	76.9932
231.65	77.0101
231.7	77.0282
231.75	77.0455
231.8	77.0626
231.85	77.0796
231.9	77.0976
231.95	77.1151
232	77.1322
232.05	77.1497
232.1	77.1665
232.15	77.1824
232.2	77.1983
232.25	77.2143
232.3	77.2319
232.35	77.2477
232.4	77.2633
232.45	77.278
232.5	77.2936
232.55	77.3092
232.6	77.3255
232.65	77.3431
232.7	77.3603
232.75	77.3785
232.8	77.3955
232.85	77.4147
232.9	77.4335
232.95	77.4517
233	77.4695
233.05	77.4873
233.1	77.5058
233.15	77.5239
233.2	77.5435
233.25	77.5622
233.3	77.5792
233.35	77.5981
233.4	77.6166
233.45	77.636
233.5	77.6533
233.55	77.669
233.6	77.6864
233.65	77.7035
233.7	77.7211
233.75	77.7385
233.8	77.7539
233.85	77.7687
233.9	77.7825
233.95	77.7971
234	77.8124
234.05	77.8272
234.1	77.8419
234.15	77.8561
234.2	77.8709
234.25	77.8862
234.3	77.903
234.35	77.9191
234.4	77.934
234.45	77.9494
234.5	77.965
234.55	77.9789
234.6	77.9946
234.65	78.0105
234.7	78.0288
234.75	78.0455
234.8	78.0623
234.85	78.0791
234.9	78.0957
234.95	78.1132
235	78.1317
235.05	78.1515
235.1	78.1714
235.15	78.1902
235.2	78.2082
235.25	78.2259
235.3	78.243
235.35	78.26
235.4	78.2751
235.45	78.2905
235.5	78.3058
235.55	78.3215
235.6	78.3357
235.65	78.352
235.7	78.3672
235.75	78.3823
235.8	78.3971
235.85	78.4126
235.9	78.428
235.95	78.4424
236	78.4556
236.05	78.4682
236.1	78.4807
236.15	78.4936
236.2	78.5091
236.25	78.5241
236.3	78.5401
236.35	78.5545
236.4	78.5698
236.45	78.5851
236.5	78.6013
236.55	78.6172
236.6	78.6329
236.65	78.6492
236.7	78.6661
236.75	78.6827
236.8	78.6994
236.85	78.7129
236.9	78.7264
236.95	78.7406
237	78.7555
237.05	78.7713
237.1	78.7861
237.15	78.8015
237.2	78.8174
237.25	78.8322
237.3	78.8482
237.35	78.8648
237.4	78.8804
237.45	78.8981
237.5	78.9173
237.55	78.9366
237.6	78.9554
237.65	78.9745
237.7	78.9931
237.75	79.0109
237.8	79.03
237.85	79.0497
237.9	79.0703
237.95	79.0928
238	79.115
238.05	79.1362
238.1	79.1562
238.15	79.178
238.2	79.1989
238.25	79.2194
238.3	79.2395
238.35	79.2602
238.4	79.2806
238.45	79.2992
238.5	79.3164
238.55	79.3335
238.6	79.3509
238.65	79.366
238.7	79.3821
238.75	79.3973
238.8	79.4115
238.85	79.4261
238.9	79.4423
238.95	79.4586
239	79.4758
239.05	79.493
239.1	79.5109
239.15	79.5293
239.2	79.5482
239.25	79.5644
239.3	79.5808
239.35	79.5967
239.4	79.6124
239.45	79.627
239.5	79.6417
239.55	79.6559
239.6	79.6708
239.65	79.6861
239.7	79.701
239.75	79.717
239.8	79.7326
239.85	79.7494
239.9	79.7666
239.95	79.782
240	79.7994
240.05	79.8189
240.1	79.8376
240.15	79.854
240.2	79.8704
240.25	79.8887
240.3	79.9067
240.35	79.9244
240.4	79.9402
240.45	79.956
240.5	79.9716
240.55	79.9881
240.6	80.0044
240.65	80.0204
240.7	80.0371
240.75	80.0516
240.8	80.0663
240.85	80.0827
240.9	80.0993
240.95	80.1164
241	80.133
241.05	80.1496
241.1	80.1661
241.15	80.1838
241.2	80.2009
241.25	80.2182
241.3	80.2343
241.35	80.251
241.4	80.2667
241.45	80.2804
241.5	80.2945
241.55	80.3092
241.6	80.3243
241.65	80.3389
241.7	80.3542
241.75	80.3699
241.8	80.3879
241.85	80.4064
241.9	80.4253
241.95	80.4452
242	80.4649
242.05	80.484
242.1	80.5036
242.15	80.5234
242.2	80.5425
242.25	80.5612
242.3	80.5801
242.35	80.5973
242.4	80.6142
242.45	80.6305
242.5	80.6468
242.55	80.6634
242.6	80.6789
242.65	80.6947
242.7	80.7106
242.75	80.7259
242.8	80.7414
242.85	80.7572
242.9	80.7737
242.95	80.7904
243	80.8058
243.05	80.8218
243.1	80.8377
243.15	80.8537
243.2	80.8711
243.25	80.8882
243.3	80.9055
243.35	80.9236
243.4	80.9412
243.45	80.9576
243.5	80.9738
243.55	80.9898
243.6	81.0055
243.65	81.0212
243.7	81.0374
243.75	81.0522
243.8	81.0671
243.85	81.082
243.9	81.097
243.95	81.1124
244	81.1279
244.05	81.1441
244.1	81.1615
244.15	81.1775
244.2	81.1936
244.25	81.2094
244.3	81.2259
244.35	81.2428
244.4	81.2602
244.45	81.2771
244.5	81.2947
244.55	81.312
244.6	81.3286
244.65	81.3436
244.7	81.3587
244.75	81.374
244.8	81.3878
244.85	81.4021
244.9	81.4167
244.95	81.4318
245	81.4492
245.05	81.4663
245.1	81.4837
245.15	81.5009
245.2	81.5158
245.25	81.5315
245.3	81.5484
245.35	81.5653
245.4	81.5824
245.45	81.5977
245.5	81.6127
245.55	81.6302
245.6	81.6475
245.65	81.664
245.7	81.6798
245.75	81.6965
245.8	81.7123
245.85	81.7279
245.9	81.7441
245.95	81.7614
246	81.7787
246.05	81.7961
246.1	81.8109
246.15	81.8259
246.2	81.8421
246.25	81.8591
246.3	81.8758
246.35	81.8928
246.4	81.9091
246.45	81.9243
246.5	81.9336
246.55	81.9442
246.6	81.9531
246.65	81.9643
246.7	81.9765
246.75	81.9886
246.8	82.0006
246.85	82.0123
246.9	82.0244
246.95	82.0383
247	82.0525
247.05	82.0686
247.1	82.0834
247.15	82.0977
247.2	82.1116
247.25	82.1261
247.3	82.1422
247.35	82.1581
247.4	82.1756
247.45	82.1958
247.5	82.2161
247.55	82.2363
247.6	82.2558
247.65	82.2756
247.7	82.2953
247.75	82.314
247.8	82.3331
247.85	82.3512
247.9	82.3694
247.95	82.3863
248	82.4043
248.05	82.4221
248.1	82.4398
248.15	82.4582
248.2	82.4765
248.25	82.4949
248.3	82.5101
248.35	82.5271
248.4	82.5447
248.45	82.5631
248.5	82.5812
248.55	82.5991
248.6	82.6182
248.65	82.6386
248.7	82.6562
248.75	82.6748
248.8	82.6935
248.85	82.713
248.9	82.7329
248.95	82.7527
249	82.7701
249.05	82.7884
249.1	82.8067
249.15	82.825
249.2	82.8436
249.25	82.8622
249.3	82.8827
249.35	82.9025
249.4	82.9222
249.45	82.9413
249.5	82.9602
249.55	82.9799
249.6	82.9988
249.65	83.0187
249.7	83.0381
249.75	83.0581
249.8	83.0757
249.85	83.0921
249.9	83.1086
249.95	83.1251
250	83.1404
