###  Units are X_hat = 1.73cm.
-5	0
-4.99468	0.00531096
-4.98909	0.0108459
-4.98331	0.0163634
-4.97845	0.0219802
-4.97297	0.0278537
-4.96728	0.0339639
-4.96083	0.0400704
-4.95399	0.0460695
-4.94829	0.052007
-4.94229	0.0582067
-4.9366	0.0647109
-4.93068	0.0716767
-4.92492	0.0797257
-4.91929	0.0879681
-4.91354	0.0960548
-4.90804	0.103667
-4.90283	0.11123
-4.89606	0.119524
-4.88993	0.128103
-4.88417	0.136383
-4.87848	0.14512
-4.87269	0.152448
-4.86662	0.159988
-4.86136	0.167778
-4.85472	0.175967
-4.84821	0.183822
-4.8424	0.191293
-4.83726	0.19764
-4.83176	0.204569
-4.82617	0.211007
-4.82051	0.217658
-4.81502	0.225354
-4.80945	0.233024
-4.80241	0.241284
-4.79595	0.249369
-4.78954	0.257305
-4.78396	0.264883
-4.77843	0.272471
-4.77264	0.279646
-4.76674	0.286895
-4.76125	0.295215
-4.75575	0.302047
-4.74965	0.308677
-4.74226	0.314421
-4.73423	0.320046
-4.72586	0.325957
-4.71783	0.331117
-4.70969	0.335955
-4.70162	0.340664
-4.69492	0.345444
-4.68774	0.351244
-4.68164	0.355785
-4.67529	0.360219
-4.66827	0.366325
-4.66132	0.372227
-4.65414	0.379023
-4.64713	0.385805
-4.64049	0.39233
-4.63455	0.399385
-4.6281	0.407399
-4.62067	0.414972
-4.61342	0.420969
-4.60609	0.426995
-4.59919	0.433443
-4.59283	0.439931
-4.58571	0.445918
-4.5785	0.452289
-4.57136	0.45794
-4.56444	0.462505
-4.55733	0.466865
-4.55025	0.472114
-4.54289	0.47725
-4.53558	0.482819
-4.52804	0.48755
-4.51941	0.492494
-4.51113	0.497047
-4.50293	0.500245
-4.49538	0.503454
-4.48768	0.507516
-4.48007	0.51143
-4.47236	0.515369
-4.46479	0.519132
-4.45737	0.523039
-4.45033	0.526342
-4.44353	0.530338
-4.43644	0.534398
-4.42773	0.538703
-4.41939	0.541932
-4.41167	0.546116
-4.40422	0.550849
-4.39641	0.555883
-4.38821	0.561619
-4.37926	0.569019
-4.37033	0.576084
-4.36161	0.581996
-4.3522	0.586746
-4.34297	0.591592
-4.33417	0.595991
-4.32483	0.600867
-4.31635	0.605645
-4.30792	0.610182
-4.29915	0.614437
-4.29007	0.617829
-4.28077	0.621166
-4.27138	0.62374
-4.26183	0.626375
-4.25211	0.629283
-4.24225	0.632427
-4.2326	0.63481
-4.22175	0.637595
-4.21048	0.639519
-4.1985	0.641443
-4.18677	0.643329
-4.17551	0.645505
-4.16482	0.647698
-4.15434	0.648982
-4.14328	0.649681
-4.13274	0.650406
-4.12255	0.651531
-4.11162	0.652493
-4.10146	0.654273
-4.09236	0.65645
-4.08362	0.658956
-4.07419	0.661244
-4.0631	0.663682
-4.05193	0.665807
-4.04105	0.667785
-4.02984	0.668654
-4.01901	0.670121
-4.00821	0.672324
-3.9975	0.674623
-3.98649	0.676631
-3.97588	0.678592
-3.96535	0.681437
-3.95505	0.684259
-3.94488	0.686651
-3.93416	0.687844
-3.92372	0.689075
-3.91399	0.690691
-3.90432	0.692478
-3.89574	0.694912
-3.88764	0.697436
-3.87898	0.699023
-3.87011	0.700496
-3.86135	0.702251
-3.85178	0.702778
-3.84329	0.703116
-3.83443	0.703703
-3.82431	0.703551
-3.81418	0.703462
-3.80411	0.703317
-3.79358	0.703724
-3.78423	0.702559
-3.77474	0.701974
-3.76507	0.701336
-3.75558	0.700482
-3.74759	0.699364
-3.73935	0.698248
-3.73079	0.697957
-3.72207	0.69757
-3.71315	0.697165
-3.70581	0.698452
-3.69862	0.699654
-3.69098	0.700975
-3.68344	0.702199
-3.67525	0.702595
-3.668	0.702858
-3.65981	0.703582
-3.65165	0.705678
-3.64332	0.70777
-3.63328	0.709603
-3.62328	0.711261
-3.61333	0.713033
-3.60387	0.714658
-3.59411	0.716588
-3.58538	0.718826
-3.57713	0.721441
-3.56973	0.72381
-3.56219	0.725977
-3.55394	0.727657
-3.54568	0.731197
-3.53668	0.733947
-3.52731	0.73677
-3.51676	0.738439
-3.50596	0.739699
-3.49526	0.740829
-3.48467	0.742719
-3.47487	0.744492
-3.46464	0.746159
-3.4545	0.748113
-3.44415	0.750069
-3.43399	0.75193
-3.42388	0.753607
-3.41372	0.754348
-3.40373	0.75593
-3.39297	0.757235
-3.382	0.758895
-3.37114	0.760134
-3.36058	0.761151
-3.34956	0.762552
-3.34039	0.763515
-3.33091	0.764201
-3.3219	0.76435
-3.31318	0.764936
-3.30426	0.765483
-3.29571	0.766125
-3.28758	0.7662
-3.27921	0.766258
-3.27039	0.76678
-3.2615	0.767915
-3.25245	0.768796
-3.24291	0.769239
-3.23295	0.769865
-3.22301	0.77048
-3.2131	0.770843
-3.20288	0.772188
-3.19282	0.773328
-3.18262	0.774571
-3.17302	0.776902
-3.16297	0.778256
-3.15271	0.779582
-3.14267	0.781097
-3.13264	0.782148
-3.12206	0.78178
-3.11169	0.781316
-3.10162	0.780935
-3.09165	0.78044
-3.0809	0.781238
-3.07116	0.782721
-3.06248	0.784145
-3.05362	0.785683
-3.04468	0.787184
-3.0349	0.788728
-3.02546	0.789909
-3.0144	0.792157
-3.00501	0.795667
-2.99579	0.799037
-2.98672	0.802732
-2.97759	0.806948
-2.96882	0.811404
-2.95924	0.815179
-2.94874	0.819718
-2.93868	0.823512
-2.92868	0.826251
-2.91871	0.828973
-2.90845	0.831806
-2.89805	0.834671
-2.88776	0.837442
-2.87589	0.841227
-2.86482	0.844817
-2.85413	0.84822
-2.84455	0.850733
-2.835	0.853242
-2.8249	0.856029
-2.8152	0.859518
-2.80636	0.863387
-2.79917	0.866727
-2.79106	0.868248
-2.78205	0.869822
-2.77282	0.871305
-2.76379	0.872728
-2.75422	0.874055
-2.74355	0.876052
-2.73296	0.877455
-2.72291	0.876653
-2.71157	0.875543
-2.70016	0.875043
-2.68858	0.873243
-2.67756	0.869833
-2.66675	0.866565
-2.65632	0.863917
-2.64603	0.861765
-2.63648	0.86025
-2.62691	0.858727
-2.6173	0.856746
-2.60725	0.854822
-2.59718	0.854507
-2.58681	0.854683
-2.57825	0.856004
-2.5697	0.857764
-2.55948	0.859872
-2.54971	0.861934
-2.53959	0.864244
-2.52883	0.865592
-2.52053	0.865854
-2.51228	0.865887
-2.50409	0.865659
-2.49496	0.864856
-2.48565	0.864311
-2.47624	0.864057
-2.46644	0.863543
-2.45644	0.860794
-2.44643	0.857982
-2.43736	0.854623
-2.42806	0.851166
-2.4183	0.847854
-2.4087	0.844424
-2.39938	0.840628
-2.39078	0.837235
-2.38095	0.834261
-2.37043	0.83158
-2.3597	0.829145
-2.34884	0.826795
-2.33697	0.824902
-2.32647	0.822253
-2.31628	0.820006
-2.30592	0.81824
-2.29592	0.815524
-2.28608	0.813606
-2.27577	0.812153
-2.26575	0.810782
-2.25545	0.809537
-2.2448	0.808025
-2.23409	0.805433
-2.22413	0.802886
-2.21417	0.799966
-2.20419	0.797014
-2.19418	0.794113
-2.18432	0.791152
-2.17339	0.787659
-2.16118	0.785752
-2.14986	0.783769
-2.13903	0.782752
-2.12848	0.781684
-2.1188	0.780794
-2.1093	0.78012
-2.10023	0.77923
-2.0912	0.778981
-2.08196	0.778766
-2.072	0.778246
-2.06183	0.778332
-2.05145	0.778068
-2.04095	0.777609
-2.03011	0.776848
-2.01992	0.775975
-2.00978	0.775163
-1.99961	0.774387
-1.98947	0.773395
-1.9803	0.7724
-1.97153	0.771374
-1.96286	0.770707
-1.95384	0.770982
-1.94497	0.771414
-1.93526	0.771886
-1.92568	0.772452
-1.91582	0.77252
-1.90669	0.772277
-1.89864	0.772113
-1.89004	0.772861
-1.88122	0.773402
-1.87228	0.773969
-1.8628	0.774079
-1.8527	0.775247
-1.8426	0.776324
-1.83141	0.777039
-1.82002	0.777703
-1.80888	0.778628
-1.79734	0.780144
-1.7848	0.781012
-1.77216	0.78177
-1.76046	0.782245
-1.74906	0.782455
-1.73818	0.78303
-1.72791	0.784053
-1.71852	0.785516
-1.70917	0.786942
-1.70003	0.789422
-1.6903	0.792157
-1.68084	0.79553
-1.67103	0.798187
-1.66103	0.801238
-1.65101	0.804158
-1.64092	0.806974
-1.63097	0.80986
-1.62084	0.812553
-1.61077	0.815145
-1.60121	0.817966
-1.59194	0.820476
-1.58433	0.822822
-1.57637	0.824285
-1.56753	0.825476
-1.55816	0.826346
-1.54847	0.826954
-1.53804	0.827384
-1.52851	0.827289
-1.51905	0.82737
-1.50956	0.827102
-1.50086	0.825611
-1.49227	0.823757
-1.48291	0.82198
-1.47405	0.819683
-1.46558	0.817373
-1.45638	0.815615
-1.44653	0.813134
-1.43661	0.810803
-1.42643	0.808493
-1.41652	0.806477
-1.40652	0.804677
-1.39617	0.803351
-1.38586	0.802427
-1.37554	0.801184
-1.36636	0.800507
-1.35719	0.799807
-1.34706	0.797545
-1.33821	0.796291
-1.32876	0.795095
-1.31911	0.795816
-1.30881	0.796173
-1.29789	0.796281
-1.28725	0.796471
-1.27657	0.795639
-1.26531	0.794632
-1.2536	0.793579
-1.24177	0.792982
-1.23121	0.792423
-1.22118	0.791267
-1.21132	0.79032
-1.20146	0.789479
-1.1911	0.789786
-1.18072	0.789717
-1.17136	0.789608
-1.16145	0.78968
-1.1516	0.789838
-1.14153	0.790568
-1.13125	0.789999
-1.12069	0.789439
-1.11013	0.789011
-1.09925	0.78875
-1.08856	0.788853
-1.07883	0.789566
-1.068	0.790017
-1.05581	0.789716
-1.04385	0.789393
-1.0328	0.78895
-1.02253	0.788499
-1.01125	0.786467
-1.00108	0.784647
-0.991305	0.783019
-0.982421	0.781567
-0.972528	0.780634
-0.963489	0.779784
-0.954305	0.77891
-0.945391	0.778748
-0.936317	0.778585
-0.927043	0.778394
-0.917358	0.777774
-0.907423	0.776802
-0.896984	0.775948
-0.887087	0.775086
-0.877845	0.774448
-0.868059	0.774593
-0.858088	0.774707
-0.848029	0.774654
-0.837712	0.773489
-0.827746	0.771655
-0.818267	0.7699
-0.8088	0.76795
-0.800672	0.766279
-0.793014	0.76481
-0.784793	0.763168
-0.776849	0.761447
-0.768592	0.75999
-0.760667	0.759182
-0.752134	0.757907
-0.744144	0.756719
-0.735411	0.755569
-0.726828	0.754003
-0.717456	0.753402
-0.708326	0.753246
-0.698716	0.754102
-0.68854	0.754684
-0.678854	0.755442
-0.669169	0.75627
-0.659405	0.756334
-0.649531	0.756532
-0.640531	0.756933
-0.632334	0.759738
-0.623583	0.762891
-0.615625	0.765918
-0.606972	0.767688
-0.59843	0.769376
-0.589781	0.771382
-0.581285	0.774257
-0.571752	0.776774
-0.564499	0.78094
-0.557041	0.785208
-0.55014	0.789682
-0.543034	0.792826
-0.535429	0.795835
-0.527692	0.798831
-0.519886	0.801928
-0.512551	0.80566
-0.504877	0.809589
-0.495678	0.814438
-0.485397	0.818793
-0.475597	0.823594
-0.465797	0.828053
-0.455452	0.832014
-0.446091	0.836387
-0.436613	0.841483
-0.426932	0.846811
-0.416236	0.852243
-0.405368	0.857308
-0.394457	0.86269
-0.383676	0.867686
-0.372478	0.872757
-0.361378	0.877201
-0.350761	0.882219
-0.339941	0.885683
-0.327947	0.889344
-0.31679	0.893277
-0.305947	0.897058
-0.295353	0.900747
-0.284566	0.903948
-0.275047	0.906822
-0.265352	0.909916
-0.255686	0.912971
-0.245831	0.915527
-0.235506	0.919275
-0.226168	0.923224
-0.216265	0.927068
-0.206696	0.930904
-0.196916	0.934585
-0.187285	0.938825
-0.177846	0.943018
-0.169675	0.946331
-0.161244	0.949527
-0.152549	0.952656
-0.144811	0.956653
-0.137147	0.960287
-0.129199	0.963884
-0.120878	0.967901
-0.112715	0.972025
-0.104161	0.975989
-0.0957608	0.980709
-0.0873518	0.98541
-0.0791937	0.989851
-0.0695672	0.994433
-0.0591144	0.998624
-0.0489852	1.00211
-0.0391989	1.0053
-0.0293712	1.00784
-0.0198837	1.00983
-0.0108229	1.01193
-0.00169937	1.014
0.00768587	1.0175
0.0168265	1.02055
0.0258686	1.02405
0.0353357	1.0273
0.0448834	1.0305
0.0534188	1.03347
0.0618393	1.03642
0.0707007	1.03994
0.0787807	1.04326
0.0874315	1.04681
0.0971203	1.0508
0.107017	1.05499
0.116588	1.0591
0.126223	1.06271
0.136089	1.06642
0.146397	1.07006
0.156296	1.07393
0.16602	1.07733
0.175464	1.08105
0.184187	1.08369
0.192849	1.08518
0.202577	1.08717
0.211992	1.08969
0.221186	1.09334
0.230468	1.09602
0.239658	1.09901
0.248225	1.10089
0.257208	1.10259
0.265721	1.10408
0.274423	1.1053
0.283215	1.10464
0.291997	1.10403
0.300829	1.10345
0.311423	1.102
0.32184	1.1016
0.332212	1.10082
0.341687	1.10138
0.351397	1.10189
0.36123	1.1032
0.371032	1.10452
0.380725	1.10569
0.39078	1.1074
0.401258	1.10927
0.411508	1.1112
0.42147	1.1134
0.431302	1.1158
0.440005	1.11729
0.448453	1.11904
0.456762	1.11968
0.465912	1.12089
0.474885	1.12234
0.483415	1.12429
0.491984	1.12655
0.500973	1.12946
0.510204	1.13304
0.518509	1.13724
0.528003	1.14045
0.535965	1.14385
0.544779	1.14774
0.553417	1.15159
0.562105	1.15549
0.571749	1.16041
0.580804	1.16464
0.589874	1.1682
0.599453	1.17108
0.6086	1.174
0.61749	1.17695
0.626903	1.18093
0.63622	1.18506
0.645133	1.18901
0.654383	1.19303
0.663707	1.1963
0.67238	1.20003
0.679879	1.20299
0.687555	1.20596
0.69553	1.20966
0.704041	1.21341
0.712552	1.21719
0.721085	1.22131
0.729808	1.22536
0.738082	1.23006
0.746466	1.23454
0.754319	1.23807
0.763464	1.2418
0.772291	1.24449
0.781139	1.24726
0.789876	1.25025
0.797636	1.25366
0.805545	1.25719
0.813349	1.26095
0.821577	1.26437
0.829709	1.26736
0.837686	1.27054
0.845687	1.27454
0.853605	1.2787
0.861981	1.28255
0.869771	1.28604
0.877334	1.29016
0.885255	1.29532
0.89291	1.30039
0.900614	1.30557
0.908823	1.31109
0.917698	1.3151
0.926604	1.31876
0.935502	1.3223
0.944063	1.32529
0.952462	1.32864
0.960767	1.33257
0.96899	1.33648
0.97723	1.34043
0.984904	1.34371
0.993052	1.34696
1.00125	1.35029
1.0094	1.35289
1.01811	1.35521
1.02658	1.35762
1.03503	1.35981
1.04229	1.36183
1.05007	1.36394
1.05733	1.36621
1.06445	1.36835
1.07154	1.37015
1.07865	1.3721
1.0866	1.3743
1.09533	1.37596
1.10414	1.37764
1.11298	1.37938
1.12189	1.38148
1.1309	1.38394
1.13997	1.38618
1.14848	1.38942
1.15636	1.39355
1.16336	1.3974
1.16903	1.40014
1.1755	1.40313
1.18159	1.40521
1.18744	1.40672
1.19388	1.40885
1.20076	1.41116
1.20863	1.41374
1.21636	1.41699
1.22355	1.42068
1.23123	1.42407
1.23921	1.42678
1.24636	1.42886
1.2536	1.43164
1.26179	1.43325
1.27007	1.43476
1.27848	1.43596
1.28732	1.43665
1.29632	1.4379
1.30575	1.44018
1.31495	1.44218
1.32353	1.44255
1.33204	1.44369
1.34176	1.44477
1.3513	1.44575
1.3605	1.44731
1.36977	1.45068
1.37706	1.45416
1.3853	1.4585
1.39249	1.46279
1.39982	1.4671
1.40715	1.47157
1.41367	1.47647
1.42044	1.48093
1.42769	1.48539
1.43469	1.49004
1.44138	1.49497
1.44867	1.49852
1.45649	1.50304
1.46436	1.50763
1.47196	1.5126
1.4792	1.51785
1.48797	1.52336
1.49774	1.52851
1.50694	1.53232
1.51638	1.53599
1.52529	1.54084
1.53402	1.54575
1.54267	1.55053
1.55113	1.55553
1.55814	1.56208
1.56547	1.56834
1.57321	1.57486
1.58024	1.58108
1.58724	1.58723
1.59438	1.5935
1.6016	1.59958
1.60863	1.60577
1.61559	1.61204
1.6224	1.61866
1.62971	1.62588
1.63524	1.63265
1.63974	1.63924
1.64475	1.64648
1.65025	1.65405
1.65537	1.66196
1.66133	1.66988
1.66807	1.67789
1.67234	1.68529
1.67658	1.6929
1.68088	1.70021
1.68531	1.7085
1.68983	1.71702
1.69356	1.72604
1.69749	1.73437
1.7029	1.74335
1.70802	1.75241
1.71339	1.7607
1.71933	1.77061
1.72563	1.77959
1.73221	1.78974
1.73868	1.79995
1.74482	1.8102
1.75061	1.81987
1.75645	1.82972
1.76201	1.83909
1.76762	1.84874
1.77274	1.85697
1.77902	1.86475
1.7854	1.87258
1.79154	1.88046
1.79759	1.88802
1.80346	1.89567
1.80983	1.90431
1.81574	1.91277
1.82192	1.92128
1.8278	1.92978
1.83262	1.93927
1.83609	1.94851
1.83974	1.95856
1.84145	1.96974
1.84282	1.98088
1.84387	1.99149
1.84595	2.00208
1.84855	2.01191
1.85098	2.02209
1.85364	2.03185
1.85568	2.04094
1.85772	2.05019
1.85934	2.06011
1.86084	2.07004
1.86196	2.07921
1.86405	2.08787
1.86633	2.09619
1.86875	2.1043
1.87184	2.11363
1.87412	2.12255
1.87521	2.13167
1.87689	2.14001
1.87832	2.1487
1.87967	2.15754
1.88127	2.16562
1.88276	2.17323
1.88369	2.18077
1.88382	2.18878
1.88528	2.19747
1.8873	2.20642
1.88959	2.21583
1.89175	2.22514
1.89395	2.23456
1.89626	2.24385
1.89843	2.25312
1.90111	2.26212
1.90328	2.27125
1.90499	2.28125
1.90707	2.29167
1.91003	2.30158
1.9137	2.31363
1.91747	2.32551
1.92168	2.33578
1.92429	2.34727
1.92668	2.35838
1.92955	2.36913
1.9317	2.37961
1.93324	2.38993
1.93502	2.40031
1.93719	2.41139
1.93865	2.42298
1.93974	2.4351
1.9411	2.44637
1.94222	2.45736
1.94288	2.46815
1.94285	2.47866
1.94178	2.48793
1.93983	2.49694
1.93773	2.50618
1.93544	2.51497
1.93293	2.52319
1.93012	2.53182
1.92652	2.53996
1.92155	2.54839
1.91666	2.55599
1.91204	2.56356
1.90792	2.57152
1.9034	2.57943
1.8985	2.58751
1.89305	2.5958
1.88754	2.60361
1.88194	2.61138
1.8765	2.61914
1.87097	2.62701
1.86529	2.63476
1.85945	2.64383
1.8533	2.65316
1.84808	2.6628
1.84292	2.67221
1.8382	2.68164
1.83361	2.69163
1.82982	2.7007
1.82624	2.71012
1.82218	2.71824
1.81796	2.72612
1.8139	2.73312
1.8096	2.74041
1.80463	2.7474
1.79946	2.75449
1.79396	2.76215
1.78817	2.76966
1.78346	2.77737
1.77854	2.78537
1.77436	2.79397
1.77007	2.80263
1.76472	2.81201
1.75873	2.82043
1.75304	2.82882
1.74731	2.83664
1.74105	2.84345
1.73405	2.85036
1.72815	2.8577
1.72208	2.86417
1.71601	2.87023
1.70997	2.87662
1.70364	2.88358
1.69692	2.89051
1.68923	2.89705
1.68189	2.90458
1.67501	2.91243
1.66841	2.91918
1.66186	2.92567
1.65517	2.93232
1.64836	2.93848
1.6418	2.94453
1.63554	2.95047
1.63071	2.95768
1.62634	2.96464
1.62193	2.97112
1.61772	2.97794
1.61315	2.98461
1.60843	2.9916
1.60369	2.99875
1.5993	3.00488
1.59406	3.01165
1.58819	3.0196
1.58286	3.02757
1.5773	3.03682
1.57084	3.04537
1.56366	3.05301
1.55635	3.06064
1.54892	3.06814
1.541	3.07552
1.53297	3.08252
1.52486	3.08861
1.5153	3.09515
1.50585	3.10151
1.49649	3.10714
1.48798	3.11181
1.48003	3.11598
1.47227	3.11961
1.46434	3.1231
1.45655	3.12664
1.44845	3.12933
1.43963	3.13234
1.43064	3.13541
1.42142	3.13912
1.41165	3.14245
1.4002	3.14577
1.38925	3.14681
1.37844	3.14813
1.36838	3.14969
1.35925	3.15109
1.3501	3.15243
1.341	3.15379
1.3319	3.15558
1.32273	3.15698
1.3136	3.15836
1.3046	3.16011
1.29535	3.16163
1.28659	3.16318
1.27762	3.16484
1.26877	3.16701
1.26002	3.16869
1.25172	3.16973
1.24325	3.17078
1.23452	3.17171
1.22418	3.17214
1.21394	3.17256
1.20322	3.17191
1.18995	3.17083
1.17732	3.16981
1.16494	3.1706
1.15256	3.17075
1.14182	3.17095
1.13161	3.17156
1.12121	3.17161
1.11091	3.17166
1.10079	3.1713
1.09068	3.17034
1.08056	3.16942
1.0705	3.1685
1.05971	3.1681
1.04888	3.16809
1.03909	3.16747
1.02928	3.16683
1.02078	3.16535
1.01214	3.16377
1.00312	3.16216
0.993224	3.16096
0.983395	3.15969
0.973547	3.15851
0.965386	3.1565
0.956725	3.15356
0.947795	3.15106
0.938033	3.14877
0.928929	3.14645
0.92055	3.14319
0.912072	3.13986
0.90358	3.13656
0.895319	3.13327
0.885911	3.13
0.876007	3.12682
0.865588	3.12334
0.855838	3.11982
0.846034	3.11632
0.836228	3.11371
0.827837	3.11115
0.819544	3.1093
0.811644	3.10757
0.803613	3.10578
0.794541	3.10329
0.785487	3.10107
0.775821	3.09846
0.767662	3.09654
0.75916	3.09457
0.751009	3.09208
0.743276	3.09106
0.735187	3.09003
0.727031	3.08898
0.71683	3.08799
0.706663	3.08698
0.696704	3.08542
0.686713	3.08383
0.676792	3.08062
0.666688	3.07744
0.656761	3.07314
0.646501	3.0692
0.637088	3.06484
0.628177	3.06101
0.620058	3.05688
0.612262	3.05271
0.60544	3.04925
0.598668	3.04611
0.591545	3.04288
0.584101	3.03906
0.577743	3.03535
0.570824	3.03233
0.563574	3.02906
0.556205	3.02575
0.54891	3.02207
0.5416	3.01856
0.533486	3.01463
0.525246	3.01088
0.516717	3.00692
0.508762	3.00299
0.501624	2.99877
0.494461	2.99385
0.486547	2.98828
0.478722	2.98338
0.470598	2.97862
0.462423	2.97377
0.454253	2.96864
0.44668	2.96304
0.439757	2.95839
0.433147	2.95392
0.427463	2.9496
0.419666	2.94478
0.411513	2.9411
0.403216	2.93739
0.394858	2.93416
0.38639	2.93089
0.377886	2.92799
0.369283	2.92497
0.359668	2.92235
0.350502	2.91866
0.341886	2.91499
0.333598	2.91093
0.325225	2.9068
0.316999	2.90285
0.308633	2.89843
0.300001	2.89272
0.290233	2.88611
0.281658	2.88013
0.272726	2.87394
0.263894	2.86816
0.255037	2.86197
0.244801	2.85534
0.235253	2.84907
0.225246	2.84326
0.215347	2.83806
0.204815	2.83315
0.194789	2.82825
0.186142	2.82234
0.177061	2.81765
0.167559	2.81305
0.157296	2.80957
0.146551	2.80526
0.13651	2.80174
0.126093	2.79822
0.115732	2.79445
0.106308	2.79092
0.0964917	2.78774
0.0873739	2.78495
0.0782442	2.78231
0.0689164	2.77998
0.0599529	2.77864
0.0499613	2.77789
0.0399287	2.77748
0.0293456	2.77776
0.0198921	2.7778
0.0105187	2.77832
0.00199293	2.77957
-0.00673622	2.78081
-0.0154127	2.78187
-0.0244436	2.78234
-0.0341061	2.78325
-0.043698	2.78383
-0.0534218	2.78683
-0.0629202	2.78977
-0.0724856	2.79337
-0.0818539	2.79694
-0.0908963	2.80152
-0.099321	2.80566
-0.107772	2.80972
-0.115885	2.81439
-0.123866	2.81962
-0.131627	2.82503
-0.138567	2.83102
-0.145607	2.83704
-0.151537	2.84297
-0.158332	2.84847
-0.165106	2.85413
-0.17206	2.86058
-0.179044	2.86701
-0.186246	2.87343
-0.193411	2.87974
-0.200318	2.88705
-0.207	2.8944
-0.213696	2.90209
-0.220134	2.90953
-0.226458	2.91686
-0.232608	2.92412
-0.238334	2.93128
-0.243385	2.93938
-0.250436	2.94653
-0.257476	2.954
-0.264302	2.96144
-0.269717	2.96892
-0.275257	2.9774
-0.279276	2.98663
-0.283029	2.99576
-0.28758	3.00326
-0.292024	3.0106
-0.296271	3.01801
-0.301544	3.02454
-0.30677	3.03127
-0.312109	3.03943
-0.317206	3.0474
-0.322926	3.05509
-0.326992	3.06344
-0.330646	3.07193
-0.334145	3.0805
-0.336605	3.08885
-0.338127	3.09764
-0.337749	3.10595
-0.337817	3.11313
-0.337805	3.12047
-0.338494	3.1281
-0.340219	3.13568
-0.340926	3.14232
-0.341188	3.14983
-0.341274	3.15786
-0.341201	3.16618
-0.34062	3.17438
-0.340542	3.18306
-0.340643	3.1915
-0.341106	3.20009
-0.341482	3.20888
-0.341299	3.21697
-0.340557	3.22764
-0.34048	3.23851
-0.341251	3.24928
-0.341991	3.26011
-0.342103	3.26901
-0.341936	3.27674
-0.339915	3.28476
-0.337431	3.29244
-0.335031	3.30106
-0.332412	3.30976
-0.329664	3.31862
-0.326808	3.32864
-0.323951	3.33853
-0.321518	3.34894
-0.319061	3.35918
-0.316416	3.36927
-0.314607	3.37899
-0.313859	3.38686
-0.311598	3.39424
-0.308389	3.40237
-0.304253	3.41018
-0.301328	3.41821
-0.297674	3.42602
-0.293399	3.43358
-0.289084	3.4405
-0.284578	3.44754
-0.280267	3.45453
-0.276456	3.46286
-0.27259	3.47064
-0.26838	3.47856
-0.263225	3.48622
-0.256014	3.49352
-0.248928	3.50093
-0.241491	3.50796
-0.234699	3.51471
-0.22776	3.52142
-0.219714	3.52839
-0.211455	3.53576
-0.20326	3.54299
-0.194833	3.54854
-0.187002	3.55489
-0.180586	3.56166
-0.173917	3.56836
-0.167176	3.57523
-0.160557	3.58175
-0.153497	3.58854
-0.146774	3.59505
-0.141281	3.60277
-0.135284	3.61054
-0.129567	3.61727
-0.124224	3.62469
-0.118754	3.63187
-0.112966	3.63914
-0.107998	3.6465
-0.102463	3.65386
-0.0969035	3.66118
-0.0926322	3.66917
-0.0885085	3.67656
-0.0849059	3.6839
-0.0824845	3.69151
-0.0797335	3.69929
-0.0768071	3.70724
-0.0737494	3.71527
-0.0701815	3.72366
-0.0663952	3.73125
-0.0608608	3.73854
-0.055165	3.74583
-0.0492957	3.75313
-0.0427948	3.76113
-0.0365961	3.76899
-0.0295295	3.77616
-0.0225959	3.78264
-0.0160865	3.78947
-0.0091148	3.79654
-0.00343833	3.80438
0.00219138	3.81285
0.00766667	3.82092
0.0124811	3.82927
0.0164867	3.83768
0.0198653	3.84428
0.0236632	3.84932
0.0278021	3.85568
0.0320425	3.86047
0.0365595	3.86578
0.0412061	3.87146
0.0458612	3.87694
0.0510666	3.88357
0.0562771	3.8901
0.0605334	3.89661
0.0649748	3.90322
0.0694556	3.91009
0.0731233	3.91741
0.0767001	3.92473
0.080735	3.93285
0.0853295	3.94086
0.0895626	3.94933
0.0935674	3.95726
0.0973216	3.96526
0.100998	3.97335
0.104358	3.98162
0.107313	3.99025
0.110149	3.99927
0.112785	4.00767
0.115825	4.0162
0.119447	4.0252
0.123636	4.03395
0.127903	4.04266
0.131995	4.05155
0.135231	4.05957
0.138422	4.06783
0.141718	4.07665
0.14309	4.08529
0.144705	4.0942
0.146213	4.10321
0.147798	4.1122
0.149022	4.12161
0.149752	4.13095
0.15028	4.14036
0.150272	4.14922
0.149971	4.15847
0.1475	4.1664
0.144838	4.17449
0.141907	4.18239
0.138996	4.19119
0.136037	4.19972
0.131363	4.20863
0.127104	4.21783
0.123016	4.22568
0.118885	4.23362
0.114192	4.24158
0.109318	4.24956
0.104327	4.25753
0.100122	4.26502
0.0970392	4.2726
0.093943	4.28096
0.0906676	4.28838
0.0866353	4.29557
0.0824084	4.30304
0.0779325	4.31148
0.0737645	4.31923
0.069278	4.32632
0.0652616	4.33306
0.0609863	4.33999
0.0569609	4.34752
0.0524526	4.35589
0.0480488	4.36453
0.0435606	4.37315
0.0388967	4.3821
0.0341067	4.39182
0.0293458	4.40141
0.024222	4.41006
0.0189004	4.41986
0.0137076	4.43071
0.00820273	4.44097
0.00275613	4.45089
-0.00255245	4.4602
-0.00744661	4.47018
-0.0131036	4.48175
-0.0183989	4.49384
-0.024153	4.50537
-0.0298033	4.51689
-0.0356558	4.52778
-0.0411817	4.53813
-0.0463553	4.54867
-0.0515516	4.55865
-0.0554824	4.56864
-0.0590184	4.57918
-0.0623033	4.58952
-0.0652797	4.59887
-0.0683659	4.60809
-0.0714436	4.61759
-0.0751578	4.62709
-0.0779365	4.63673
-0.0802265	4.64604
-0.0817521	4.65532
-0.0831527	4.66276
-0.0840757	4.67023
-0.0846722	4.67816
-0.0862854	4.68531
-0.0877977	4.69248
-0.0890231	4.70026
-0.0900397	4.70888
-0.0901953	4.71772
-0.0900279	4.72751
-0.0898358	4.73748
-0.0893034	4.7466
-0.0878119	4.75515
-0.0858482	4.76239
-0.0836119	4.76985
-0.0812576	4.77756
-0.079216	4.78476
-0.0775212	4.79259
-0.0754234	4.79925
-0.0752433	4.80618
-0.074381	4.81407
-0.0734643	4.82258
-0.0724937	4.83133
-0.0709028	4.84052
-0.0694111	4.84909
-0.0679482	4.85733
-0.0664478	4.86613
-0.0649801	4.87506
-0.0632103	4.88369
-0.0614633	4.89242
-0.0595672	4.90114
-0.0577433	4.90959
-0.0557123	4.91801
-0.0535946	4.92687
-0.0512687	4.93572
-0.0492039	4.94337
-0.0469145	4.95126
-0.0442208	4.95833
-0.0404309	4.96669
-0.036477	4.97507
-0.032617	4.9847
-0.0298191	4.99457
-0.0280661	5.00515
-0.0262657	5.01531
-0.0244241	5.02569
-0.0230587	5.03508
-0.0216689	5.04393
-0.0201196	5.05294
-0.0192231	5.06214
-0.0184953	5.07168
-0.0185613	5.07935
-0.0192931	5.08691
-0.01799	5.09359
-0.0163335	5.1011
-0.0144598	5.10891
-0.0121629	5.1169
-0.00965532	5.12513
-0.00682419	5.13366
-0.00381764	5.14149
-0.000744554	5.14948
0.00245507	5.15762
0.00653216	5.16755
0.0114594	5.17692
0.0172746	5.18737
0.0231098	5.19731
0.0280216	5.20739
0.0324764	5.21666
0.03668	5.22638
0.0412791	5.236
0.045824	5.2459
0.0497742	5.25583
0.0533075	5.26565
0.05635	5.27529
0.058943	5.28539
0.0621743	5.29471
0.0654938	5.30497
0.0679692	5.31414
0.0703831	5.32317
0.0724926	5.33216
0.0742288	5.34168
0.0764039	5.35137
0.0792617	5.36084
0.0817418	5.36986
0.0838848	5.37885
0.0859927	5.38805
0.0880033	5.39689
0.0899892	5.40581
0.0920148	5.41438
0.0953786	5.42364
0.0985806	5.43283
0.101628	5.44196
0.105498	5.45268
0.107753	5.46236
0.109632	5.47246
0.110867	5.48224
0.111981	5.49175
0.113188	5.50074
0.114246	5.50982
0.115022	5.51855
0.116516	5.52745
0.117711	5.53674
0.118588	5.54693
0.119496	5.55742
0.119472	5.56678
0.119357	5.57627
0.118633	5.58645
0.11793	5.59641
0.117118	5.60587
0.116559	5.61538
0.115981	5.62428
0.115161	5.63342
0.114968	5.64167
0.114903	5.65137
0.11425	5.66124
0.113491	5.67103
0.112357	5.68069
0.110926	5.69004
0.109358	5.69952
0.108503	5.70903
0.107075	5.71891
0.10631	5.72873
0.104311	5.73824
0.102204	5.74746
0.100792	5.75733
0.09941	5.76733
0.0973159	5.77735
0.0951111	5.78727
0.0925348	5.79707
0.0895128	5.80647
0.0864259	5.81526
0.08373	5.82316
0.0807401	5.83047
0.0775053	5.83721
0.0734526	5.84382
0.0691405	5.8503
0.0643371	5.85633
0.0596628	5.86292
0.0542668	5.86935
0.0479831	5.87508
0.0413757	5.88067
0.0345715	5.88702
0.0284052	5.89244
0.0219978	5.89797
0.0152784	5.90373
0.008416	5.90951
0.000918213	5.91613
-0.00654029	5.92227
-0.0132634	5.92818
-0.0214838	5.9335
-0.029336	5.93915
-0.0369751	5.9446
-0.0456222	5.94959
-0.0537297	5.95467
-0.0614975	5.95909
-0.0689168	5.96355
-0.076626	5.96736
-0.0836974	5.97198
-0.091128	5.97669
-0.0987716	5.98092
-0.106181	5.98545
-0.113864	5.99037
-0.121426	5.99487
-0.128415	5.99887
-0.135525	6.00198
-0.142813	6.00505
-0.150017	6.00869
-0.157191	6.01248
-0.164635	6.0167
-0.172954	6.02108
-0.181171	6.02546
-0.190709	6.03029
-0.19963	6.03486
-0.208796	6.03968
-0.217845	6.04511
-0.226022	6.05102
-0.235642	6.05577
-0.243342	6.06145
-0.249836	6.06676
-0.255679	6.07205
-0.261026	6.07825
-0.265554	6.08478
-0.270208	6.09156
-0.27471	6.09888
-0.279514	6.10644
-0.284255	6.11397
-0.288248	6.12213
-0.291941	6.13074
-0.295866	6.13931
-0.29921	6.14904
-0.302387	6.15875
-0.305338	6.16854
-0.307931	6.17773
-0.310497	6.18634
-0.312824	6.19493
-0.3158	6.20426
-0.31791	6.21335
-0.319885	6.22225
-0.322549	6.23183
-0.325059	6.24141
-0.328243	6.25087
-0.331005	6.26182
-0.334315	6.27249
-0.33605	6.28387
-0.33733	6.29514
-0.338349	6.30565
-0.338958	6.31506
-0.340363	6.3246
-0.340694	6.33404
-0.342295	6.34341
-0.344076	6.35294
-0.345243	6.36294
-0.345654	6.37329
-0.345988	6.38338
-0.346043	6.3944
-0.345771	6.40605
-0.344015	6.41687
-0.34348	6.42826
-0.342628	6.4397
-0.34155	6.45117
-0.339007	6.46145
-0.336328	6.47207
-0.333677	6.48267
-0.331323	6.49319
-0.328906	6.5041
-0.326754	6.51399
-0.325479	6.5242
-0.324147	6.53507
-0.322445	6.54555
-0.320481	6.55628
-0.319431	6.5663
-0.317877	6.57641
-0.31621	6.58619
-0.314424	6.59595
-0.312431	6.60554
-0.310206	6.61456
-0.307893	6.6237
-0.305119	6.63302
-0.302235	6.64275
-0.300317	6.651
-0.297805	6.65783
-0.29497	6.66529
-0.292883	6.67255
-0.290158	6.67983
-0.287104	6.68712
-0.28381	6.69394
-0.281061	6.7005
-0.278019	6.707
-0.274616	6.71447
-0.26998	6.7217
-0.266083	6.72935
-0.261993	6.73703
-0.25796	6.74495
-0.253685	6.75247
-0.249328	6.76058
-0.244998	6.76841
-0.240289	6.77642
-0.235525	6.7845
-0.230446	6.79251
-0.225331	6.80101
-0.2197	6.8094
-0.214299	6.81956
-0.209214	6.82965
-0.204188	6.8399
-0.198564	6.84998
-0.192548	6.85997
-0.186656	6.86923
-0.181219	6.87929
-0.175805	6.88892
-0.170264	6.89838
-0.164323	6.9082
-0.158412	6.9172
-0.151641	6.92535
-0.145136	6.93321
-0.139281	6.94061
-0.133459	6.94939
-0.128413	6.95698
-0.122348	6.96406
-0.116559	6.97118
-0.110573	6.97844
-0.103717	6.98545
-0.0964366	6.99237
-0.0892653	6.99939
-0.0817629	7.00652
-0.0734152	7.01351
-0.0652276	7.02044
-0.0566673	7.02723
-0.0470227	7.03288
-0.0375079	7.03836
-0.028015	7.04378
-0.0188206	7.04963
-0.0105244	7.0551
-0.00241001	7.06029
0.00543917	7.06472
0.0132312	7.06922
0.0211751	7.07315
0.0292507	7.07702
0.0376255	7.08108
0.0460395	7.08534
0.0545275	7.08979
0.062726	7.09499
0.0718946	7.10051
0.0808209	7.10566
0.0895518	7.11115
0.0970752	7.11682
0.104002	7.12184
0.112024	7.12742
0.119912	7.13304
0.12767	7.13875
0.13466	7.14523
0.141226	7.15086
0.148263	7.15622
0.15575	7.1621
0.163156	7.16803
0.170572	7.17337
0.17886	7.17881
0.18705	7.18434
0.195763	7.18989
0.205039	7.195
0.214243	7.19969
0.223819	7.20427
0.233393	7.20785
0.242627	7.21156
0.251748	7.2151
0.262091	7.21869
0.272769	7.22331
0.282388	7.22958
0.291823	7.23611
0.300737	7.24141
0.309506	7.24635
0.318019	7.25127
0.326433	7.25615
0.334116	7.26248
0.341047	7.27032
0.347774	7.27802
0.354948	7.28658
0.361762	7.29512
0.36814	7.30414
0.37386	7.31286
0.378878	7.32134
0.383343	7.33001
0.387171	7.33892
0.391057	7.34856
0.394791	7.35812
0.39608	7.36809
0.397957	7.379
0.39881	7.38993
0.400884	7.39944
0.402604	7.40886
0.403662	7.41795
0.404548	7.42708
0.40611	7.43618
0.407514	7.44629
0.408914	7.45539
0.410182	7.46466
0.410785	7.47382
0.411261	7.48305
0.411666	7.4923
0.411628	7.5022
0.409848	7.51313
0.407701	7.5249
0.406288	7.53704
0.404892	7.54779
0.40329	7.55818
0.401585	7.56915
0.399865	7.57983
0.398023	7.59033
0.396713	7.60005
0.39466	7.60994
0.392399	7.61971
0.390035	7.62934
0.38638	7.6392
0.382755	7.64843
0.37834	7.6574
0.373774	7.66512
0.369991	7.67275
0.365219	7.6808
0.360718	7.68859
0.354739	7.69714
0.348796	7.70525
0.342813	7.71327
0.336824	7.72007
0.330119	7.72794
0.323402	7.73644
0.316979	7.74574
0.310427	7.75316
0.304973	7.76079
0.298925	7.76879
0.292324	7.77764
0.285172	7.78633
0.279735	7.79531
0.275022	7.80488
0.269195	7.81376
0.26347	7.82186
0.258448	7.83099
0.253954	7.83948
0.249875	7.84751
0.24597	7.8557
0.241955	7.8646
0.23719	7.87362
0.232226	7.88161
0.225951	7.89009
0.220129	7.89879
0.213859	7.90721
0.208176	7.91541
0.202255	7.92376
0.196212	7.93193
0.190436	7.93991
0.184237	7.94773
0.178087	7.95528
0.171061	7.96291
0.162916	7.96934
0.154616	7.97567
0.146892	7.98284
0.139545	7.98939
0.131834	7.99522
0.123651	8.0005
0.114725	8.00658
0.105859	8.01282
0.0965151	8.01933
0.0873685	8.02566
0.0785592	8.03133
0.0687565	8.03654
0.0604011	8.0421
0.052062	8.04745
0.0431939	8.05186
0.0339218	8.05588
0.0248655	8.05972
0.015985	8.06375
0.00805502	8.06805
-0.000858982	8.07317
-0.00956688	8.07813
-0.018074	8.08309
-0.0284555	8.08868
-0.0383976	8.09431
-0.0489774	8.09925
-0.0593651	8.10343
-0.0700178	8.10824
-0.0798785	8.11206
-0.0892922	8.11616
-0.0984371	8.12069
-0.108137	8.12613
-0.11722	8.13147
-0.126941	8.13609
-0.136472	8.14085
-0.14473	8.14618
-0.153523	8.15036
-0.161938	8.1549
-0.170129	8.15949
-0.177402	8.16363
-0.184126	8.16798
-0.191234	8.17257
-0.198543	8.17715
-0.206439	8.18206
-0.213392	8.18724
-0.219886	8.19288
-0.225358	8.19933
-0.2307	8.20428
-0.236487	8.20955
-0.242664	8.21568
-0.248186	8.22277
-0.254199	8.22954
-0.26089	8.23587
-0.268109	8.24186
-0.274915	8.24911
-0.281113	8.25552
-0.2872	8.26188
-0.293545	8.26796
-0.299909	8.27415
-0.306766	8.28037
-0.313224	8.28725
-0.318849	8.29381
-0.324393	8.30069
-0.329275	8.30747
-0.334169	8.31416
-0.339036	8.32132
-0.343684	8.32864
-0.348784	8.33545
-0.35387	8.34247
-0.358685	8.34961
-0.363171	8.35733
-0.367528	8.36524
-0.371884	8.37333
-0.376411	8.38137
-0.381221	8.38938
-0.38617	8.39703
-0.391052	8.40488
-0.395544	8.41313
-0.399236	8.42191
-0.401345	8.43069
-0.4033	8.43961
-0.404545	8.44676
-0.40565	8.45418
-0.408066	8.46134
-0.410901	8.46966
-0.412911	8.47779
-0.4152	8.48601
-0.417592	8.49421
-0.420638	8.50155
-0.423415	8.50832
-0.426124	8.51547
-0.427856	8.52305
-0.429519	8.53087
-0.430588	8.53955
-0.431512	8.54838
-0.431325	8.55736
-0.431378	8.56819
-0.431117	8.57928
-0.43053	8.59054
-0.429777	8.60147
-0.429635	8.61111
-0.429335	8.62048
-0.428923	8.63058
-0.427854	8.64081
-0.426445	8.65114
-0.424853	8.66125
-0.422611	8.67138
-0.419319	8.68042
-0.414769	8.68886
-0.410081	8.69709
-0.406634	8.70566
-0.403035	8.71426
-0.39938	8.7232
-0.396037	8.73238
-0.394413	8.742
-0.392698	8.75166
-0.390998	8.76138
-0.389109	8.77101
-0.386955	8.78046
-0.384278	8.78951
-0.381951	8.7983
-0.379456	8.80714
-0.377678	8.81644
-0.375427	8.82644
-0.373025	8.83621
-0.370502	8.84524
-0.367466	8.85466
-0.364163	8.86399
-0.360503	8.87312
-0.356954	8.88088
-0.353507	8.88886
-0.350029	8.89695
-0.346911	8.90484
-0.344088	8.91331
-0.340819	8.92272
-0.337338	8.9321
-0.332514	8.94009
-0.327572	8.94771
-0.323494	8.95412
-0.319504	8.96052
-0.31532	8.96711
-0.310724	8.97367
-0.305215	8.98016
-0.299423	8.9866
-0.292896	8.99349
-0.285322	9.00037
-0.278218	9.00705
-0.271788	9.01207
-0.265336	9.01767
-0.257871	9.02235
-0.249392	9.02677
-0.242546	9.02997
-0.235266	9.03297
-0.227709	9.03439
-0.218132	9.03636
-0.207654	9.03807
-0.197388	9.03973
-0.187007	9.04167
-0.177583	9.04254
-0.167602	9.04315
-0.158386	9.0435
-0.149436	9.04414
-0.140734	9.04465
-0.131501	9.04456
-0.120445	9.04543
-0.109591	9.04638
-0.0984122	9.04625
-0.087964	9.04612
-0.0790747	9.04498
-0.0701469	9.04395
-0.0615126	9.04234
-0.0533653	9.03882
-0.0451512	9.03555
-0.0364138	9.03263
-0.0275348	9.03016
-0.0178601	9.02678
-0.00772298	9.02435
0.00182412	9.02211
0.0109796	9.02011
0.0209421	9.01767
0.0302608	9.01519
0.0393456	9.01233
0.0486598	9.00964
0.0574751	9.00695
0.066584	9.00456
0.0753738	9.00169
0.0835162	8.99853
0.0921012	8.99556
0.100519	8.99206
0.109724	8.98865
0.119046	8.98505
0.128359	8.98161
0.13779	8.97782
0.146807	8.97368
0.155268	8.97058
0.164022	8.96606
0.172712	8.96277
0.182033	8.96048
0.191169	8.9581
0.200067	8.95554
0.209379	8.95357
0.218749	8.95169
0.228331	8.94991
0.238118	8.94837
0.247067	8.94602
0.255682	8.9436
0.264525	8.94121
0.273706	8.93859
0.28279	8.9366
0.289417	8.93557
0.295337	8.93379
0.300754	8.9322
0.306622	8.93138
0.313037	8.93046
0.319674	8.9295
0.326686	8.92762
0.333806	8.92614
0.340503	8.92428
0.348081	8.9232
0.356265	8.92105
0.364641	8.91872
0.372587	8.91785
0.380654	8.91647
0.38911	8.91472
0.397403	8.91321
0.405666	8.91118
0.414288	8.90906
0.424719	8.90704
0.434884	8.90505
0.444157	8.90178
0.453597	8.89907
0.462933	8.89663
0.471851	8.89348
0.480355	8.89038
0.488044	8.88629
0.495711	8.8821
0.502338	8.87851
0.508732	8.87543
0.515163	8.87172
0.521893	8.86801
0.529189	8.8643
0.536906	8.85968
0.544327	8.85436
0.552589	8.84841
0.561589	8.84231
0.57071	8.83575
0.579017	8.82901
0.58718	8.82197
0.595255	8.81511
0.603279	8.80793
0.61108	8.80036
0.618672	8.79298
0.626163	8.78578
0.63327	8.77838
0.63834	8.77211
0.643514	8.76585
0.649419	8.75933
0.655801	8.75223
0.661452	8.74537
0.666622	8.73826
0.669661	8.73246
0.672818	8.72622
0.676153	8.72023
0.679653	8.71356
0.682941	8.70649
0.686055	8.69945
0.689982	8.69123
0.692949	8.68316
0.69591	8.67458
0.698796	8.66589
0.70171	8.65541
0.704404	8.64513
0.706982	8.63556
0.709413	8.62603
0.71216	8.61715
0.714872	8.60783
0.716025	8.59832
0.717828	8.58899
0.719503	8.57891
0.720657	8.56872
0.721779	8.55784
0.723734	8.54741
0.725179	8.53669
0.725531	8.52569
0.725596	8.51507
0.725703	8.50461
0.725894	8.49348
0.726378	8.48414
0.726771	8.47482
0.727342	8.46526
0.727823	8.45548
0.727353	8.44565
0.72651	8.43581
0.725273	8.42532
0.723929	8.41487
0.722926	8.40423
0.721729	8.39371
0.720237	8.38386
0.719076	8.37395
0.719089	8.36397
0.718844	8.35444
0.718277	8.34492
0.7193	8.33474
0.720349	8.32458
0.72093	8.31429
0.72132	8.3041
0.721564	8.29402
0.722123	8.28473
0.723223	8.27567
0.724361	8.26669
0.725589	8.2577
0.72557	8.2495
0.725357	8.24115
0.725764	8.23225
0.725816	8.22283
0.725249	8.21302
0.724588	8.20322
0.724671	8.19349
0.724511	8.18347
0.723846	8.17346
0.724568	8.1647
0.725258	8.156
0.725818	8.14731
0.72608	8.13824
0.726034	8.12899
0.725768	8.11966
0.726372	8.10908
0.726322	8.09838
0.726171	8.08778
0.726448	8.07864
0.726508	8.06941
0.726549	8.06001
0.726921	8.0507
0.727039	8.04075
0.72712	8.03174
0.727245	8.02231
0.727528	8.01347
0.728103	8.00422
0.728828	7.9943
0.729616	7.98449
0.730794	7.97477
0.731785	7.96464
0.7328	7.95463
0.733302	7.94448
0.733736	7.93436
0.734118	7.92417
0.7346	7.91408
0.73379	7.90215
0.732243	7.89003
0.730623	7.87836
0.729955	7.86784
0.729487	7.85581
0.729115	7.84417
0.728828	7.83268
0.728877	7.82096
0.728775	7.80956
0.729278	7.79909
0.730426	7.78886
0.73173	7.77897
0.731856	7.76913
0.731777	7.75863
0.731666	7.74838
0.731644	7.73792
0.731676	7.72744
0.731795	7.71607
0.732009	7.7055
0.732336	7.69559
0.732789	7.68666
0.73316	7.67769
0.73352	7.66812
0.734116	7.65947
0.734723	7.65211
0.734777	7.64483
0.734244	7.63839
0.734101	7.63095
0.733478	7.62391
0.732803	7.61641
0.732636	7.60787
0.731964	7.59903
0.730473	7.59007
0.728575	7.58092
0.726334	7.57216
0.724218	7.56271
0.721737	7.55319
0.71922	7.54404
0.71749	7.534
0.715047	7.52422
0.712893	7.51467
0.710698	7.50551
0.708977	7.49716
0.707035	7.48844
0.705071	7.4797
0.702613	7.47166
0.699519	7.46328
0.696426	7.45501
0.693262	7.44669
0.689619	7.4379
0.68573	7.42835
0.682579	7.41888
0.678908	7.40937
0.674209	7.39969
0.670676	7.39013
0.666886	7.38165
0.663541	7.37289
0.660278	7.36425
0.655883	7.35641
0.651348	7.34942
0.646876	7.34435
0.642134	7.34023
0.636632	7.33629
0.630749	7.3321
0.624295	7.32739
0.619144	7.32331
0.614537	7.31934
0.609086	7.31559
0.603566	7.31124
0.597808	7.30697
0.590969	7.30182
0.583656	7.29598
0.576322	7.28984
0.568945	7.2844
0.56182	7.27891
0.555491	7.27266
0.547738	7.26656
0.540128	7.26029
0.53319	7.25336
0.525299	7.24621
0.517247	7.23927
0.508544	7.23269
0.499624	7.22707
0.490838	7.222
0.482061	7.21701
0.47389	7.21304
0.465276	7.20913
0.456544	7.20528
0.448152	7.20111
0.439491	7.19655
0.430604	7.19128
0.421416	7.18633
0.412983	7.18213
0.40507	7.17869
0.397098	7.17537
0.389326	7.17111
0.3804	7.16653
0.371893	7.16215
0.363675	7.15721
0.356125	7.1522
0.348516	7.14712
0.340348	7.14101
0.332913	7.13531
0.325671	7.12931
0.318388	7.12277
0.311204	7.11587
0.303185	7.10818
0.295265	7.10125
0.287624	7.09312
0.2804	7.08423
0.273775	7.07561
0.266062	7.06717
0.258794	7.05803
0.251945	7.04951
0.244511	7.0405
0.238073	7.03126
0.231654	7.02179
0.225059	7.01356
0.217837	7.00565
0.209755	6.99899
0.201726	6.99256
0.192815	6.98688
0.184487	6.98167
0.176001	6.97658
0.167691	6.97178
0.15921	6.96696
0.150968	6.96207
0.142949	6.95737
0.134633	6.95258
0.125462	6.94768
0.115882	6.94304
0.106255	6.93966
0.0967298	6.93673
0.0873156	6.93399
0.0786077	6.93098
0.0698833	6.92796
0.0611749	6.92518
0.05224	6.92281
0.0431507	6.9205
0.0357553	6.91775
0.0274428	6.91389
0.0186622	6.90995
0.00986308	6.9057
0.00103929	6.90318
-0.00830908	6.90045
-0.0173267	6.89752
-0.0263416	6.89497
-0.0354982	6.8929
-0.0444744	6.89074
-0.0534542	6.88905
-0.0630385	6.88686
-0.0725695	6.88452
-0.0822974	6.88186
-0.0923598	6.87944
-0.10158	6.87669
-0.109936	6.87276
-0.118359	6.86875
-0.126668	6.86471
-0.134947	6.86053
-0.143103	6.85634
-0.150516	6.85283
-0.156933	6.85013
-0.163672	6.84772
-0.170024	6.84443
-0.177578	6.84162
-0.186096	6.83757
-0.194416	6.83405
-0.20252	6.83032
-0.210555	6.82724
-0.219272	6.82345
-0.227853	6.81928
-0.23634	6.81505
-0.244065	6.81051
-0.251628	6.80577
-0.259627	6.80043
-0.268043	6.79543
-0.27781	6.79085
-0.288279	6.78651
-0.298766	6.78097
-0.309321	6.77581
-0.320538	6.77052
-0.331629	6.76549
-0.341929	6.76127
-0.351989	6.75691
-0.36249	6.75135
-0.372878	6.74598
-0.382469	6.7398
-0.392114	6.73375
-0.401453	6.72767
-0.410146	6.72062
-0.418183	6.71343
-0.428008	6.70623
-0.437403	6.69957
-0.444847	6.69357
-0.451179	6.68649
-0.457497	6.67874
-0.464038	6.67086
-0.470471	6.66291
-0.476448	6.65576
-0.481498	6.64851
-0.486554	6.64103
-0.490862	6.6331
-0.495653	6.6234
-0.499672	6.61427
-0.503668	6.60546
-0.507687	6.59688
-0.512051	6.5872
-0.516149	6.57779
-0.520487	6.56903
-0.524499	6.56051
-0.528519	6.55109
-0.531758	6.54221
-0.534961	6.53315
-0.538259	6.52528
-0.541829	6.51746
-0.544976	6.50962
-0.54787	6.50165
-0.551076	6.49458
-0.555065	6.48879
-0.559147	6.4826
-0.562401	6.47592
-0.565897	6.46927
-0.569364	6.46204
-0.572483	6.45427
-0.574298	6.44527
-0.576397	6.43593
-0.578127	6.42733
-0.579205	6.4187
-0.580323	6.41039
-0.581311	6.4019
-0.5828	6.39304
-0.584175	6.38428
-0.585434	6.37584
-0.586241	6.3658
-0.587026	6.35573
-0.587337	6.34652
-0.587493	6.33726
-0.587286	6.32809
-0.586707	6.31821
-0.586523	6.30969
-0.586772	6.30129
-0.586982	6.29179
-0.588313	6.28286
-0.590387	6.27438
-0.592365	6.26559
-0.594295	6.2567
-0.595883	6.24754
-0.597059	6.23796
-0.597635	6.22803
-0.59805	6.21817
-0.599443	6.20951
-0.600693	6.20072
-0.602269	6.19202
-0.604071	6.1837
-0.605192	6.17486
-0.606891	6.16608
-0.608458	6.15708
-0.611531	6.14858
-0.61443	6.13996
-0.617479	6.13065
-0.619678	6.12141
-0.622258	6.11178
-0.624407	6.1023
-0.62713	6.09295
-0.631264	6.08276
-0.63526	6.07229
-0.639181	6.06163
-0.642986	6.05166
-0.646603	6.04162
-0.648845	6.03088
-0.650603	6.02023
-0.652116	6.0098
-0.652147	5.99915
-0.650591	5.98818
-0.648982	5.97739
-0.647134	5.96646
-0.645397	5.95557
-0.643345	5.94455
-0.641574	5.93436
-0.640099	5.9239
-0.638196	5.91353
-0.636439	5.90289
-0.634652	5.8925
-0.633806	5.8821
-0.633189	5.87183
-0.63253	5.86141
-0.631647	5.85109
-0.630961	5.84003
-0.629798	5.82916
-0.628387	5.8185
-0.627292	5.80877
-0.626151	5.79913
-0.623946	5.78818
-0.621336	5.77805
-0.618475	5.76786
-0.615504	5.75785
-0.612142	5.74792
-0.608754	5.73802
-0.605734	5.72763
-0.602626	5.71747
-0.599506	5.70773
-0.596709	5.69873
-0.59368	5.68968
-0.591791	5.68065
-0.588828	5.67202
-0.586731	5.66428
-0.585424	5.65651
-0.581948	5.64688
-0.577805	5.63749
-0.573221	5.62847
-0.569019	5.61912
-0.565004	5.60876
-0.561309	5.5986
-0.557046	5.59006
-0.551585	5.58288
-0.546146	5.57588
-0.54132	5.56918
-0.53672	5.56215
-0.531771	5.55498
-0.526695	5.54778
-0.522363	5.54044
-0.517829	5.53293
-0.513456	5.52541
-0.5091	5.51774
-0.505268	5.51045
-0.501288	5.50298
-0.496321	5.49536
-0.490862	5.48765
-0.485689	5.48004
-0.481644	5.47344
-0.477206	5.46751
-0.472449	5.46129
-0.466909	5.45492
-0.460859	5.44903
-0.454445	5.44314
-0.448028	5.4373
-0.440491	5.43188
-0.433365	5.42585
-0.42648	5.41947
-0.419414	5.4131
-0.410283	5.4077
-0.400932	5.40238
-0.392497	5.39651
-0.384461	5.38996
-0.376498	5.38376
-0.368375	5.37669
-0.360766	5.36995
-0.354417	5.36258
-0.347796	5.35615
-0.341016	5.34996
-0.334039	5.3438
-0.326061	5.3372
-0.318106	5.33076
-0.310116	5.32452
-0.302095	5.31838
-0.29408	5.31309
-0.286338	5.30758
-0.279423	5.30189
-0.272294	5.29563
-0.265812	5.28839
-0.259024	5.2827
-0.251799	5.27696
-0.244977	5.27035
-0.236862	5.26282
-0.229803	5.25446
-0.222371	5.24727
-0.214985	5.24023
-0.207715	5.23352
-0.199651	5.22613
-0.192794	5.21891
-0.185755	5.21171
-0.178456	5.20425
-0.171015	5.19547
-0.163462	5.18704
-0.15607	5.17816
-0.148263	5.16924
-0.141193	5.16065
-0.133984	5.15226
-0.125908	5.14446
-0.117786	5.13641
-0.10966	5.12823
-0.100904	5.12008
-0.0919849	5.11124
-0.0832314	5.10277
-0.0752442	5.09495
-0.0664782	5.08685
-0.0576964	5.07864
-0.048712	5.07001
-0.0404848	5.06266
-0.033564	5.05436
-0.0267195	5.04627
-0.0204093	5.03777
-0.0130658	5.03024
-0.00581867	5.02213
0.00135379	5.01418
0.00753415	5.00689
0.0131717	4.9995
0.0185593	4.99197
0.0241344	4.98452
0.0301751	4.97582
0.0363811	4.96697
0.0441285	4.95823
0.0510869	4.94986
0.0576483	4.94151
0.0641434	4.93405
0.0704513	4.92596
0.0758437	4.91799
0.0817079	4.90963
0.0872871	4.90212
0.0933764	4.89384
0.0987288	4.8854
0.102577	4.87709
0.106385	4.86839
0.109127	4.86031
0.111533	4.85218
0.114579	4.84415
0.117635	4.83581
0.120717	4.82906
0.123823	4.82115
0.127308	4.81358
0.130895	4.8058
0.135708	4.79771
0.140321	4.78848
0.144625	4.77953
0.148277	4.76953
0.151729	4.75968
0.154643	4.74947
0.156999	4.7392
0.157934	4.72937
0.15888	4.71885
0.159426	4.70972
0.159452	4.69988
0.159141	4.6902
0.157401	4.68139
0.155916	4.67329
0.156219	4.66563
0.15615	4.65908
0.155828	4.65195
0.154887	4.64599
0.153311	4.639
0.151808	4.63185
0.150125	4.62444
0.147648	4.61745
0.144844	4.61027
0.142269	4.60189
0.139336	4.59316
0.136339	4.58392
0.133154	4.5742
0.130232	4.56475
0.125327	4.55617
0.120446	4.54716
0.115291	4.5394
0.109889	4.53125
0.104423	4.52333
0.0994103	4.51574
0.0935464	4.50654
0.0872007	4.49774
0.0810734	4.48907
0.0748319	4.48078
0.0687275	4.47247
0.0627135	4.46443
0.0569201	4.45679
0.0507706	4.44918
0.0454908	4.44154
0.0397471	4.43417
0.033228	4.4274
0.0263767	4.4214
0.0196809	4.41484
0.0129225	4.40833
0.00455332	4.4019
-0.00378263	4.39543
-0.0124781	4.38824
-0.0208234	4.38092
-0.0284942	4.37386
-0.0350615	4.36683
-0.0415361	4.35991
-0.0475279	4.35331
-0.0541173	4.34577
-0.0605144	4.3382
-0.0666944	4.33129
-0.0729305	4.32423
-0.0790069	4.3171
-0.0850344	4.30965
-0.0912443	4.30196
-0.0972979	4.2942
-0.101807	4.28622
-0.105663	4.27776
-0.110457	4.26903
-0.114001	4.25993
-0.11601	4.25026
-0.118337	4.24091
-0.120486	4.23154
-0.1224	4.22205
-0.124475	4.21426
-0.125205	4.20637
-0.125273	4.19854
-0.125243	4.19044
-0.125732	4.182
-0.12661	4.17325
-0.127743	4.16449
-0.128794	4.15505
-0.129818	4.14555
-0.131171	4.13701
-0.132373	4.1283
-0.133764	4.11901
-0.134327	4.10946
-0.136399	4.10002
-0.137541	4.08963
-0.139149	4.07936
-0.140937	4.07089
-0.141922	4.06224
-0.142013	4.0534
-0.141592	4.04521
-0.142358	4.03701
-0.142865	4.0284
-0.143652	4.01966
-0.145631	4.01165
-0.147814	4.00419
-0.149553	3.99763
-0.150807	3.99059
-0.151205	3.98311
-0.151197	3.9754
-0.151404	3.96737
-0.151399	3.95911
-0.151269	3.95064
-0.151559	3.94228
-0.152133	3.93367
-0.152598	3.92485
-0.152658	3.91643
-0.152467	3.908
-0.152294	3.89914
-0.152333	3.89052
-0.153367	3.88167
-0.154112	3.87263
-0.153975	3.86322
-0.153865	3.85253
-0.154717	3.84193
-0.155676	3.83093
-0.155864	3.82091
-0.156103	3.8118
-0.155955	3.80217
-0.155849	3.79194
-0.155453	3.78222
-0.15501	3.7726
-0.155806	3.76394
-0.156966	3.75521
-0.15861	3.74794
-0.160289	3.73964
-0.161921	3.73145
-0.163543	3.72308
-0.164226	3.7139
-0.164703	3.70463
-0.166484	3.69483
-0.168533	3.68483
-0.171828	3.67451
-0.174132	3.66406
-0.175989	3.65377
-0.177445	3.64418
-0.178565	3.6347
-0.179297	3.62555
-0.178951	3.61611
-0.178698	3.60696
-0.177897	3.5981
-0.175896	3.58827
-0.173672	3.57791
-0.171343	3.56892
-0.169279	3.55922
-0.166828	3.54988
-0.164061	3.54131
-0.161591	3.53246
-0.159309	3.52361
-0.156625	3.51512
-0.151538	3.50638
-0.146755	3.49794
-0.14211	3.48851
-0.138672	3.48096
-0.134727	3.47265
-0.130761	3.46485
-0.126371	3.45719
-0.121544	3.44887
-0.116029	3.43944
-0.11035	3.43002
-0.104654	3.4207
-0.0973596	3.412
-0.0908797	3.40338
-0.0848197	3.39463
-0.0789548	3.38621
-0.0746805	3.37785
-0.0701889	3.36966
-0.0664317	3.3619
-0.0619913	3.354
-0.0573162	3.34595
-0.0517405	3.3386
-0.0458532	3.33136
-0.0402738	3.32379
-0.0343172	3.31624
-0.0284636	3.30807
-0.0227771	3.2994
-0.0168096	3.29079
-0.0115294	3.28213
-0.00682101	3.27328
-0.00118471	3.26516
0.00477816	3.25744
0.0114144	3.24998
0.0176611	3.24282
0.0229219	3.2351
0.0297178	3.22896
0.0357953	3.22281
0.0417852	3.21693
0.0483147	3.21148
0.054824	3.20598
0.061269	3.20041
0.0677338	3.19491
0.0742291	3.18948
0.0810743	3.18307
0.0883519	3.17607
0.0953698	3.16907
0.101776	3.16327
0.107188	3.15809
0.112583	3.15252
0.118951	3.14651
0.125623	3.13947
0.132272	3.13192
0.137308	3.12339
0.141311	3.11544
0.145837	3.10758
0.150733	3.10019
0.156045	3.09098
0.161488	3.08087
0.166594	3.07102
0.171213	3.0613
0.175984	3.05249
0.180187	3.04395
0.184569	3.03535
0.189473	3.02749
0.193983	3.01877
0.197792	3.01052
0.200534	3.00224
0.203717	2.99392
0.206293	2.98579
0.208722	2.97807
0.211688	2.97096
0.214714	2.96259
0.218006	2.95379
0.220594	2.94503
0.223259	2.9369
0.224615	2.92864
0.225425	2.91975
0.225015	2.90996
0.224631	2.90024
0.224116	2.89052
0.222751	2.88111
0.221224	2.87143
0.219132	2.86203
0.217106	2.85229
0.215001	2.84272
0.21246	2.83241
0.210128	2.8228
0.207777	2.81322
0.205317	2.80497
0.20405	2.79668
0.202733	2.78835
0.200826	2.77921
0.198664	2.76873
0.196641	2.75832
0.194186	2.74715
0.192872	2.73729
0.19075	2.72703
0.188397	2.71614
0.186517	2.70557
0.183885	2.69567
0.180802	2.68519
0.177523	2.67433
0.173331	2.66411
0.169737	2.65451
0.165558	2.64576
0.161297	2.63689
0.157064	2.62793
0.151944	2.61838
0.147567	2.6085
0.142954	2.59877
0.139428	2.58954
0.135026	2.5806
0.129429	2.57179
0.123553	2.56292
0.118156	2.55395
0.113674	2.54585
0.108952	2.53754
0.104603	2.52911
0.100752	2.52005
0.096008	2.51118
0.0914277	2.50202
0.0869903	2.49368
0.0824462	2.48538
0.0779906	2.47779
0.0740507	2.46898
0.0693691	2.45966
0.0647377	2.4506
0.0602805	2.44158
0.0558075	2.43303
0.0521686	2.42444
0.0486795	2.41622
0.0451277	2.4079
0.0412927	2.39975
0.0372714	2.39244
0.0323454	2.38392
0.0274953	2.37537
0.0225643	2.36691
0.0174376	2.35862
0.0127831	2.35029
0.00786084	2.34222
0.0039776	2.33465
0.000864402	2.32676
-0.00242034	2.31872
-0.00543449	2.31045
-0.00836355	2.30174
-0.0110434	2.29359
-0.0134374	2.28486
-0.015363	2.27556
-0.018376	2.26777
-0.0198752	2.26031
-0.0197724	2.25217
-0.0198718	2.24427
-0.0196059	2.23608
-0.0199052	2.22793
-0.0200197	2.21949
-0.0203653	2.21074
-0.0198113	2.20322
-0.0194839	2.19478
-0.0191625	2.18617
-0.0187152	2.17752
-0.0182846	2.16826
-0.0176909	2.15895
-0.0143708	2.1492
-0.0110613	2.13936
-0.00778064	2.12922
-0.0039648	2.11844
-0.000252468	2.10703
0.00367435	2.0957
0.0075497	2.08477
0.0110819	2.07364
0.0144879	2.06317
0.0185659	2.05294
0.021685	2.04274
0.0245378	2.03257
0.0273058	2.02207
0.0298634	2.01177
0.032368	2.00139
0.0338296	1.99117
0.0340692	1.98114
0.0344267	1.9717
0.0345488	1.96211
0.0344916	1.95195
0.034509	1.94191
0.0347	1.93185
0.0356324	1.92211
0.0363651	1.91182
0.0368102	1.90177
0.0373036	1.89054
0.0376839	1.8791
0.0389524	1.86552
0.0400174	1.8526
0.0418595	1.84058
0.0436133	1.82882
0.0444375	1.81742
0.0448722	1.80606
0.0451264	1.79498
0.0452729	1.78412
0.0452364	1.77343
0.0444138	1.76294
0.0432334	1.75194
0.042063	1.74123
0.0406687	1.73076
0.0386925	1.72155
0.0358753	1.71241
0.0334958	1.70327
0.0308763	1.69405
0.0290993	1.68543
0.0266436	1.67681
0.0236091	1.66932
0.0197802	1.66183
0.0170383	1.65262
0.0142674	1.64427
0.0104303	1.63594
0.00725916	1.627
0.00364544	1.6176
0.000211077	1.6097
-0.00357129	1.60169
-0.00734539	1.59199
-0.0109042	1.58074
-0.014177	1.56982
-0.0180495	1.55818
-0.0217586	1.54625
-0.0252636	1.53443
-0.0276893	1.5225
-0.0309518	1.51164
-0.0343459	1.50143
-0.0369179	1.4925
-0.0393509	1.48342
-0.0411209	1.47417
-0.0436303	1.46508
-0.0442771	1.45634
-0.044998	1.44723
-0.045653	1.4383
-0.0463337	1.42973
-0.0473222	1.4209
-0.0480029	1.41191
-0.0477872	1.40273
-0.047022	1.39319
-0.045632	1.38327
-0.0449915	1.37422
-0.0442353	1.36528
-0.0430653	1.35578
-0.0413913	1.34694
-0.0395608	1.3382
-0.0375129	1.32945
-0.0346244	1.32233
-0.0315949	1.31505
-0.0283119	1.3074
-0.0238642	1.29916
-0.0184867	1.29042
-0.0134442	1.28143
-0.00920341	1.27313
-0.00473155	1.26459
0.00134377	1.25626
0.00768344	1.24816
0.0126877	1.23931
0.0174382	1.23039
0.0213088	1.22199
0.0251164	1.21315
0.0290281	1.2042
0.0327908	1.19524
0.0365363	1.18633
0.0398323	1.17682
0.0429258	1.16773
0.0469852	1.15772
0.0504685	1.14755
0.0542801	1.13711
0.0577381	1.12746
0.0606461	1.11616
0.0627797	1.10528
0.0647443	1.09463
0.065354	1.08445
0.065424	1.07459
0.0658769	1.0656
0.0662169	1.05628
0.0668554	1.04644
0.067458	1.03729
0.0675573	1.0287
0.0677265	1.01952
0.0677019	1.01013
0.0675069	0.999898
0.0660801	0.989665
0.064093	0.97986
0.0618725	0.971454
0.0608802	0.964482
0.0592287	0.957061
0.0570685	0.949504
0.0555023	0.941127
0.0537322	0.932613
0.0513113	0.922936
0.0483312	0.913792
0.0445726	0.904315
0.0412372	0.894959
0.0382676	0.884971
0.0342679	0.875161
0.0297121	0.8646
0.0255174	0.854766
0.0215247	0.845463
0.0176368	0.837007
0.013609	0.828578
0.00949542	0.819936
0.00625444	0.810367
0.00228847	0.800174
-0.00142553	0.790376
-0.00520802	0.780452
-0.00904268	0.771829
-0.012417	0.762483
-0.0151511	0.753184
-0.0179346	0.743645
-0.0204744	0.733456
-0.0215647	0.72389
-0.0225052	0.713846
-0.0221268	0.704427
-0.0215812	0.694984
-0.0219421	0.685446
-0.0206448	0.676315
-0.0194221	0.667287
-0.0175886	0.658274
-0.0155842	0.649217
-0.0133093	0.640192
-0.0115222	0.629869
-0.00965328	0.619657
-0.00776643	0.60922
-0.00539872	0.599082
-0.00304518	0.58915
-0.000366901	0.579955
0.00374182	0.57025
0.00780089	0.560574
0.0116236	0.55178
0.0157215	0.542848
0.0198702	0.532809
0.0219484	0.523113
0.0232812	0.513255
0.0244067	0.503451
0.0254591	0.493806
0.0266246	0.484387
0.0285698	0.474583
0.0308362	0.463657
0.0323892	0.452549
0.0344258	0.4422
0.0358374	0.432419
0.037159	0.423767
0.0378011	0.416016
0.0388608	0.407514
0.0399186	0.399316
0.0398041	0.389644
0.0406692	0.379047
0.0414028	0.368266
0.0419023	0.357714
0.0422962	0.347329
0.0428469	0.337756
0.0437625	0.3277
0.0444322	0.317702
0.0449817	0.308595
0.0463608	0.299659
0.0475269	0.290334
0.0468745	0.281639
0.0443577	0.273435
0.0421775	0.265226
0.0380539	0.255847
0.0327543	0.247699
0.0276249	0.239331
0.0226961	0.232371
0.0174835	0.224247
0.0116787	0.217608
0.00450811	0.21148
-0.00360887	0.205421
-0.0129842	0.199917
-0.0220495	0.194469
-0.0305834	0.189281
-0.0391948	0.184983
-0.0479789	0.180592
-0.0565486	0.176473
-0.0652342	0.172263
-0.0736575	0.168814
-0.0820265	0.165534
-0.0907724	0.162506
-0.0989707	0.158351
-0.107709	0.154538
-0.115934	0.150643
-0.123095	0.14708
-0.132314	0.143294
-0.141357	0.139532
-0.150239	0.135826
-0.159839	0.132728
-0.169014	0.129999
-0.179313	0.127625
-0.189727	0.125234
-0.20029	0.123132
-0.211209	0.120174
-0.221769	0.117444
-0.231657	0.114727
-0.241656	0.111679
-0.252196	0.10799
-0.262555	0.104364
-0.271947	0.101543
-0.279916	0.0981849
-0.288336	0.0959333
-0.29602	0.0939739
-0.303544	0.0907865
-0.31219	0.0877398
-0.321506	0.0850348
-0.330711	0.0825285
-0.339915	0.0800708
-0.348787	0.0761334
-0.358427	0.0717104
-0.367334	0.0668361
-0.377188	0.0625113
-0.38653	0.0587515
-0.396234	0.0552364
-0.406039	0.0516062
-0.414587	0.0478374
-0.423351	0.0439624
-0.431803	0.0413873
-0.440732	0.0380406
-0.449941	0.0345818
-0.458618	0.0304533
-0.466901	0.0258942
-0.475061	0.0210747
-0.48187	0.0164733
-0.489176	0.0116879
-0.496736	0.00661909
-0.504309	0.00239185
-0.51148	-0.00152536
-0.518077	-0.00622654
-0.524911	-0.0102177
-0.532295	-0.013104
-0.540366	-0.0167456
-0.549054	-0.0198997
-0.557656	-0.0229755
-0.567146	-0.0257142
-0.57603	-0.0292442
-0.584125	-0.0334121
-0.592208	-0.0378673
-0.599341	-0.0421612
-0.606425	-0.0470383
-0.613492	-0.0521448
-0.620399	-0.0574847
-0.627374	-0.0630058
-0.632803	-0.0689765
-0.638159	-0.0761787
-0.642944	-0.0841522
-0.64743	-0.0925254
-0.651774	-0.100965
-0.65596	-0.109464
-0.659795	-0.117724
-0.662246	-0.126528
-0.664466	-0.135628
-0.666532	-0.144633
-0.667731	-0.152629
-0.669034	-0.160822
-0.669796	-0.169776
-0.670419	-0.178747
-0.670686	-0.187664
-0.669798	-0.195395
-0.66848	-0.203266
-0.665687	-0.211298
-0.662692	-0.219604
-0.660467	-0.228677
-0.65804	-0.237154
-0.655421	-0.245723
-0.651868	-0.253719
-0.648167	-0.2618
-0.644167	-0.269934
-0.639393	-0.279736
-0.634635	-0.289365
-0.629916	-0.298726
-0.624811	-0.307748
-0.619754	-0.316464
-0.614695	-0.325075
-0.609546	-0.333822
-0.603931	-0.34165
-0.597901	-0.349619
-0.591767	-0.358303
-0.587061	-0.366721
-0.582359	-0.374699
-0.577132	-0.382159
-0.57181	-0.389942
-0.567463	-0.397997
-0.563468	-0.406318
-0.559907	-0.415109
-0.555322	-0.423711
-0.550669	-0.431809
-0.545353	-0.43983
-0.539451	-0.447474
-0.533338	-0.45561
-0.525949	-0.463808
-0.518284	-0.471071
-0.510698	-0.478309
-0.504179	-0.485277
-0.497822	-0.493082
-0.492076	-0.501177
-0.486069	-0.509051
-0.480006	-0.517002
-0.473824	-0.524915
-0.467662	-0.533462
-0.461327	-0.541428
-0.454918	-0.549982
-0.44981	-0.558976
-0.444906	-0.567552
-0.439567	-0.575792
-0.434262	-0.584057
-0.428094	-0.59236
-0.422061	-0.599258
-0.415859	-0.606132
-0.408715	-0.611865
-0.400537	-0.61782
-0.392191	-0.62271
-0.383442	-0.627229
-0.375304	-0.630568
-0.366336	-0.633758
-0.356821	-0.636384
-0.348405	-0.639005
-0.339793	-0.641645
-0.331668	-0.64342
-0.323638	-0.645155
-0.315333	-0.646856
-0.306639	-0.649053
-0.298371	-0.652623
-0.289923	-0.657053
-0.281413	-0.661448
-0.272044	-0.666531
-0.262768	-0.671474
-0.25318	-0.677303
-0.243891	-0.683372
-0.234692	-0.689214
-0.225927	-0.693975
-0.216635	-0.699237
-0.206959	-0.704062
-0.197136	-0.708924
-0.18749	-0.712693
-0.177912	-0.71638
-0.168505	-0.720507
-0.159195	-0.724448
-0.150105	-0.728817
-0.140883	-0.732652
-0.132018	-0.736617
-0.122642	-0.740566
-0.112952	-0.745121
-0.103135	-0.749392
-0.0935025	-0.753847
-0.0839297	-0.75816
-0.0751688	-0.762555
-0.0658014	-0.765645
-0.0562521	-0.76869
-0.0463573	-0.770408
-0.0367685	-0.771654
-0.0271282	-0.772973
-0.0176461	-0.774145
-0.00795567	-0.775004
0.00210069	-0.776032
0.012095	-0.776937
0.0217716	-0.777497
0.0306083	-0.778205
0.0386794	-0.777948
0.0470971	-0.776775
0.0559092	-0.775646
0.0646032	-0.774275
0.0741848	-0.773358
0.0840383	-0.772516
0.0946981	-0.772171
0.104889	-0.771854
0.114654	-0.772776
0.124875	-0.772876
0.134973	-0.773649
0.145456	-0.774971
0.154938	-0.775801
0.164155	-0.777227
0.1734	-0.778648
0.182634	-0.780796
0.192164	-0.783454
0.201521	-0.785548
0.210815	-0.787586
0.219871	-0.789462
0.228623	-0.791026
0.237992	-0.79304
0.247253	-0.795408
0.256101	-0.798084
0.265094	-0.800753
0.274185	-0.80372
0.283626	-0.80696
0.292974	-0.810357
0.301632	-0.8142
0.310787	-0.817849
0.320317	-0.820774
0.329231	-0.823607
0.33837	-0.826661
0.347796	-0.829393
0.357368	-0.831682
0.366223	-0.833834
0.375563	-0.835375
0.384722	-0.836538
0.39395	-0.837646
0.402969	-0.837248
0.412355	-0.837089
0.422966	-0.837354
0.43331	-0.837542
0.443348	-0.837659
0.453518	-0.837747
0.463496	-0.83785
0.473833	-0.837911
0.48399	-0.837965
0.493496	-0.838058
0.502839	-0.838469
0.511638	-0.837376
0.521567	-0.836241
0.531034	-0.834528
0.540469	-0.832659
0.550747	-0.830785
0.560576	-0.829178
0.570212	-0.827863
0.579828	-0.826637
0.589705	-0.825171
0.599255	-0.823164
0.608784	-0.821208
0.619166	-0.820265
0.628378	-0.819837
0.638082	-0.820176
0.648036	-0.820428
0.658143	-0.820489
0.668072	-0.821132
0.67754	-0.82128
0.687507	-0.821742
0.697639	-0.822142
0.708356	-0.823729
0.717363	-0.825009
0.727137	-0.826104
0.736861	-0.827308
0.746218	-0.829481
0.755265	-0.831239
0.763876	-0.83277
0.773327	-0.83409
0.783582	-0.835647
0.793761	-0.836649
0.803163	-0.837418
0.811415	-0.838598
0.819753	-0.838322
0.828315	-0.837249
0.837051	-0.836058
0.846257	-0.834739
0.855499	-0.832577
0.864246	-0.829774
0.873655	-0.827159
0.883553	-0.824706
0.893306	-0.821902
0.903783	-0.818949
0.912656	-0.816025
0.92189	-0.812967
0.930682	-0.809909
0.939171	-0.806048
0.947343	-0.802472
0.95638	-0.798875
0.96633	-0.795282
0.975716	-0.791346
0.984877	-0.789151
0.994765	-0.786987
1.00486	-0.785051
1.01451	-0.782787
1.02498	-0.778728
1.03565	-0.774904
1.04405	-0.771436
1.05191	-0.767568
1.05978	-0.765166
1.06796	-0.762438
1.0764	-0.75926
1.08454	-0.756414
1.09282	-0.753543
1.10142	-0.750619
1.11008	-0.747183
1.11887	-0.743839
1.12715	-0.740705
1.13556	-0.737542
1.14355	-0.734573
1.15101	-0.731725
1.15899	-0.728248
1.16701	-0.726905
1.17479	-0.725664
1.18278	-0.724362
1.19168	-0.722745
1.20078	-0.721642
1.20934	-0.719734
1.21874	-0.716944
1.22957	-0.71352
1.24006	-0.710115
1.24951	-0.705955
1.25832	-0.701771
1.26744	-0.69746
1.27655	-0.692845
1.28546	-0.688608
1.29436	-0.684453
1.30308	-0.680678
1.31126	-0.67613
1.31893	-0.670644
1.32654	-0.665561
1.3346	-0.660256
1.34215	-0.65366
1.34982	-0.646043
1.35677	-0.639696
1.36399	-0.632728
1.37131	-0.626328
1.37784	-0.619619
1.38383	-0.613122
1.38925	-0.605843
1.39464	-0.598707
1.39999	-0.591519
1.40532	-0.584077
1.41072	-0.576558
1.41471	-0.569717
1.41881	-0.562009
1.42334	-0.554108
1.43001	-0.545673
1.43652	-0.537066
1.44282	-0.528573
1.44987	-0.521021
1.45676	-0.512945
1.46297	-0.505
1.46939	-0.497921
1.47525	-0.491127
1.4812	-0.484359
1.48696	-0.477417
1.49326	-0.469076
1.49939	-0.461557
1.50558	-0.454159
1.51177	-0.446488
1.51839	-0.438738
1.52453	-0.43149
1.53039	-0.426403
1.53711	-0.421241
1.54301	-0.416158
1.54935	-0.410955
1.55564	-0.405699
1.56152	-0.40003
1.56777	-0.393761
1.57394	-0.386998
1.58018	-0.379561
1.58615	-0.371392
1.59109	-0.362113
1.59592	-0.35339
1.60093	-0.344109
1.60579	-0.334761
1.60996	-0.325302
1.61426	-0.31714
1.61957	-0.308783
1.62445	-0.300505
1.62937	-0.291643
1.63416	-0.282871
1.63862	-0.274269
1.64308	-0.265822
1.64817	-0.257192
1.65318	-0.248449
1.6578	-0.24109
1.66282	-0.233864
1.66855	-0.226732
1.67381	-0.220297
1.67906	-0.213654
1.68429	-0.207329
1.6892	-0.200676
1.6937	-0.19539
1.69856	-0.19099
1.70371	-0.186205
1.709	-0.179569
1.71401	-0.173333
1.71877	-0.166873
1.72426	-0.160161
1.72946	-0.153506
1.73462	-0.146653
1.73969	-0.139374
1.7446	-0.131961
1.74951	-0.124394
1.75507	-0.116844
1.76081	-0.109248
1.76669	-0.101653
1.77263	-0.0931765
1.77905	-0.0848312
1.78322	-0.0774264
1.78873	-0.0697296
1.79376	-0.0612587
1.79839	-0.0524063
1.80374	-0.0442956
1.8088	-0.0359933
1.81392	-0.0280908
1.81845	-0.0200386
1.82353	-0.0119266
1.82827	-0.00418204
1.83326	0.00305828
1.83841	0.0104009
1.8434	0.0178115
1.84808	0.0249326
1.85259	0.0321194
1.85721	0.0392166
1.86123	0.0468752
1.86388	0.0556543
1.86781	0.0642664
1.87163	0.0729386
1.87524	0.0816987
1.88165	0.0904373
1.88807	0.0988352
1.89358	0.106958
1.89824	0.114657
1.90347	0.122018
1.90903	0.129056
1.91473	0.135814
1.9201	0.14205
1.92557	0.148678
1.93136	0.155072
1.93734	0.162311
1.94276	0.16993
1.94862	0.17759
1.95388	0.186739
1.95916	0.196285
1.96353	0.204539
1.96824	0.212815
1.97311	0.220864
1.97774	0.229096
1.98275	0.235533
1.98895	0.242056
1.99522	0.248917
2.00142	0.255766
2.00703	0.262539
2.01278	0.269082
2.01798	0.275432
2.02349	0.281831
2.02956	0.287835
2.03565	0.293863
2.0416	0.30013
2.04777	0.306698
2.05426	0.313933
2.06068	0.32113
2.0668	0.328407
2.07213	0.335791
2.07773	0.343564
2.0835	0.352649
2.09039	0.360795
2.09623	0.369107
2.10203	0.376512
2.10766	0.383759
2.11265	0.393346
2.11702	0.40279
2.12119	0.412192
2.12473	0.421628
2.12836	0.430734
2.1317	0.439026
2.13449	0.448334
2.13738	0.457812
2.14096	0.468472
2.14421	0.479332
2.14754	0.489464
2.14971	0.499444
2.15188	0.509353
2.15418	0.518732
2.15656	0.528112
2.15889	0.537495
2.16181	0.547021
2.16442	0.555981
2.16779	0.564579
2.17217	0.571708
2.17516	0.580042
2.17792	0.587927
2.18087	0.596086
2.18394	0.604448
2.18701	0.613287
2.19088	0.621976
2.1973	0.630707
2.20298	0.638792
2.20879	0.646324
2.21493	0.653686
2.2227	0.660121
2.23109	0.66633
2.23918	0.671734
2.24844	0.678114
2.2574	0.684402
2.26574	0.691435
2.27387	0.698496
2.28171	0.705932
2.288	0.714394
2.29464	0.722095
2.30134	0.728924
2.30782	0.736317
2.31412	0.743755
2.32018	0.752356
2.32545	0.760562
2.33066	0.768708
2.33478	0.777101
2.33813	0.785735
2.3407	0.794363
2.34431	0.803107
2.34783	0.811891
2.35152	0.820136
2.35682	0.828375
2.36183	0.836828
2.36641	0.845186
2.37112	0.853837
2.37484	0.862932
2.37826	0.872909
2.38224	0.883542
2.38654	0.894259
2.39055	0.904647
2.395	0.914647
2.3984	0.924196
2.40129	0.93339
2.4044	0.941831
2.40735	0.950265
2.41014	0.958413
2.41279	0.96615
2.41513	0.974155
2.41644	0.982729
2.41783	0.991619
2.41828	1.00077
2.41858	1.00981
2.41932	1.01788
2.41984	1.02624
2.41972	1.03512
2.42034	1.04442
2.42092	1.05342
2.42067	1.06241
2.42072	1.07136
2.42076	1.08077
2.42083	1.09062
2.4203	1.10128
2.41895	1.11169
2.41699	1.122
2.41488	1.13257
2.41178	1.14228
2.40866	1.15166
2.40547	1.16123
2.40148	1.17056
2.39753	1.17999
2.39341	1.18927
2.3894	1.19808
2.3863	1.20746
2.38362	1.21603
2.38049	1.22478
2.3771	1.23339
2.37398	1.24164
2.37078	1.24918
2.36729	1.25743
2.36367	1.2657
2.36043	1.27317
2.3584	1.28118
2.35637	1.28936
2.35417	1.2977
2.35169	1.30619
2.34883	1.31481
2.34498	1.32244
2.34094	1.33034
2.33745	1.33842
2.33405	1.34579
2.32903	1.35395
2.32421	1.36174
2.31805	1.37002
2.31186	1.37829
2.30559	1.38498
2.29966	1.39148
2.29365	1.39793
2.28703	1.40541
2.28024	1.41275
2.27318	1.42075
2.26668	1.42767
2.26023	1.43398
2.25327	1.44066
2.24624	1.44725
2.24045	1.45283
2.2347	1.45755
2.22889	1.46235
2.22307	1.46788
2.21839	1.47306
2.21394	1.47891
2.20912	1.48481
2.20309	1.48949
2.19632	1.49478
2.18969	1.49987
2.1823	1.50513
2.17439	1.51102
2.16575	1.51636
2.15809	1.52336
2.15173	1.53263
2.14581	1.54166
2.13842	1.55022
2.12959	1.55776
2.12083	1.56466
2.11257	1.57137
2.10437	1.57713
2.09493	1.58317
2.08495	1.58756
2.07504	1.59175
2.06602	1.59645
2.05691	1.60149
2.04775	1.60659
2.03891	1.6111
2.0293	1.61614
2.01901	1.62065
2.00898	1.62533
1.99852	1.63018
1.98837	1.63454
1.97792	1.63994
1.96808	1.64411
1.95829	1.64794
1.94936	1.65212
1.94042	1.65639
1.93275	1.66099
1.92531	1.66624
1.91714	1.67146
1.90895	1.67661
1.90098	1.68165
1.89357	1.68712
1.88493	1.69231
1.87616	1.69735
1.86757	1.70222
1.85898	1.70703
1.85034	1.71167
1.84087	1.71682
1.82987	1.72309
1.81999	1.72938
1.80819	1.73546
1.79764	1.74242
1.78744	1.7491
1.77755	1.75547
1.76791	1.76204
1.75874	1.76739
1.74965	1.7726
1.74061	1.77768
1.73235	1.78191
1.72395	1.78615
1.71432	1.7912
1.70423	1.79696
1.69382	1.80211
1.68334	1.80666
1.67296	1.81115
1.66277	1.81433
1.6527	1.81655
1.64238	1.81854
1.63242	1.82082
1.62249	1.82368
1.6126	1.82634
1.60457	1.82956
1.59813	1.83321
1.59192	1.83641
1.58459	1.83867
1.57694	1.84104
1.56903	1.8436
1.56133	1.8457
1.55298	1.84744
1.54437	1.84877
1.53536	1.84893
1.52625	1.84915
1.51694	1.8493
1.50654	1.84893
1.49664	1.8492
1.48681	1.84936
1.47702	1.84853
1.46699	1.84816
1.4571	1.84775
1.4466	1.84703
1.43541	1.84605
1.4244	1.84519
1.41537	1.84516
1.4063	1.84383
1.39688	1.84244
1.3884	1.84082
1.38071	1.83766
1.37254	1.83469
1.36359	1.83169
1.35469	1.82881
1.34603	1.82635
1.33626	1.82441
1.32801	1.82211
1.31911	1.81984
1.30993	1.81749
1.30108	1.81506
1.29225	1.8121
1.28393	1.80972
1.27532	1.80706
1.26684	1.80509
1.25698	1.8033
1.24614	1.80297
1.23525	1.80128
1.22445	1.79961
1.21381	1.79726
1.20196	1.7947
1.19046	1.7917
1.18022	1.78887
1.17007	1.78606
1.16142	1.78111
1.15335	1.77616
1.14518	1.77123
1.13873	1.7666
1.13216	1.76172
1.12512	1.75655
1.11804	1.75131
1.11092	1.74589
1.10322	1.74139
1.09465	1.73591
1.08598	1.73071
1.07721	1.72575
1.06851	1.72055
1.05997	1.71548
1.05174	1.71127
1.04331	1.70698
1.03546	1.70236
1.02663	1.69697
1.01933	1.6912
1.01146	1.68478
1.00388	1.67863
0.99586	1.67178
0.9878	1.66452
0.979052	1.65748
0.970163	1.65138
0.960209	1.6452
0.951085	1.63926
0.942634	1.63355
0.934212	1.62794
0.926104	1.62322
0.917558	1.61823
0.909012	1.61331
0.900476	1.60823
0.891908	1.60318
0.883798	1.59713
0.875628	1.59112
0.868444	1.58459
0.861517	1.57759
0.854623	1.5699
0.848498	1.56175
0.843328	1.55336
0.838145	1.54512
0.832985	1.53565
0.827853	1.52681
0.823557	1.5178
0.819172	1.50885
0.813931	1.49981
0.808924	1.49098
0.80365	1.48244
0.798063	1.47404
0.79361	1.46555
0.788407	1.45638
0.78319	1.44738
0.778517	1.43858
0.772235	1.43086
0.76584	1.42321
0.759716	1.41576
0.753948	1.40866
0.747973	1.40146
0.740341	1.39458
0.732779	1.38769
0.725385	1.38094
0.717704	1.37415
0.710018	1.36746
0.703177	1.35983
0.696969	1.35207
0.690776	1.34442
0.68367	1.33617
0.676904	1.32748
0.670198	1.31909
0.663453	1.31086
0.656903	1.30257
0.650165	1.29394
0.643594	1.28541
0.636491	1.27676
0.629672	1.26811
0.622966	1.2597
0.616641	1.25199
0.611189	1.24403
0.605892	1.23642
0.600381	1.22891
0.595245	1.22169
0.590611	1.21394
0.58554	1.20665
0.58081	1.19943
0.575855	1.19274
0.570413	1.18554
0.564447	1.17801
0.558004	1.1704
0.552341	1.16353
0.546553	1.15657
0.541602	1.14966
0.536504	1.14274
0.531662	1.13652
0.526923	1.13014
0.521171	1.1238
0.515168	1.1175
0.508701	1.11132
0.502095	1.10509
0.495261	1.09883
0.488158	1.09277
0.48097	1.08673
0.473372	1.08035
0.466126	1.07489
0.460279	1.06943
0.4545	1.06302
0.44851	1.05637
0.442451	1.04941
0.436247	1.04237
0.430388	1.03589
0.424316	1.02915
0.417446	1.02136
0.41151	1.01211
0.405255	1.00244
0.399378	0.993153
0.393669	0.984456
0.388197	0.975347
0.382925	0.966954
0.377627	0.958686
0.37232	0.95266
0.367062	0.946412
0.361309	0.940861
0.354559	0.9342
0.347284	0.929112
0.339661	0.923893
0.3312	0.918602
0.322455	0.912707
0.313691	0.906471
0.306925	0.900604
0.300428	0.894958
0.293286	0.889594
0.286659	0.883532
0.279851	0.877425
0.272698	0.872633
0.266455	0.867717
0.260632	0.861861
0.254647	0.85622
0.248509	0.850514
0.241705	0.844681
0.234474	0.838395
0.227467	0.832418
0.21939	0.826073
0.21136	0.82017
0.203473	0.814538
0.195332	0.809016
0.187233	0.803555
0.179217	0.798233
0.171158	0.791545
0.164175	0.784448
0.157747	0.776863
0.150861	0.768778
0.143742	0.760301
0.135434	0.752393
0.127292	0.744801
0.120702	0.739702
0.113877	0.734503
0.106854	0.730035
0.0995118	0.725394
0.0930631	0.719243
0.086136	0.712706
0.0793152	0.705541
0.0724477	0.698369
0.0653293	0.690761
0.0584794	0.683657
0.0513605	0.67677
0.0444017	0.66972
0.0368017	0.661346
0.0293598	0.652884
0.0225389	0.645129
0.0175461	0.638106
0.012372	0.631028
0.00701963	0.623567
0.00148853	0.616174
-0.00416	0.608757
-0.00948432	0.601451
-0.0151818	0.594187
-0.0203215	0.586453
-0.0248615	0.579275
-0.0291375	0.571946
-0.0337408	0.564489
-0.038088	0.556637
-0.0426305	0.548732
-0.0465545	0.539734
-0.0502352	0.530703
-0.053352	0.520714
-0.055843	0.511128
-0.0579462	0.501637
-0.0603192	0.492816
-0.062138	0.483842
-0.0642313	0.475348
-0.0665412	0.466854
-0.0692122	0.458416
-0.0720335	0.449756
-0.0739464	0.44089
-0.075344	0.432831
-0.0762977	0.42502
-0.0767254	0.416886
-0.0765855	0.407835
-0.0765991	0.398656
-0.0764009	0.389373
-0.076036	0.380019
-0.0750065	0.369553
-0.0741191	0.360506
-0.0729525	0.351651
-0.071808	0.342544
-0.0707066	0.333132
-0.0698171	0.324143
-0.0688887	0.315576
-0.0675891	0.307427
-0.0660135	0.299773
-0.0640626	0.291538
-0.0612814	0.283564
-0.0579046	0.275841
-0.0535615	0.267867
-0.0488478	0.260116
-0.0439381	0.252407
-0.039637	0.244347
-0.0352287	0.236388
-0.030697	0.228134
-0.0258751	0.220994
-0.0207102	0.213186
-0.0153046	0.205291
-0.0102396	0.197304
-0.00460427	0.188538
0.00101205	0.179488
0.00683682	0.169146
0.0118903	0.159065
0.0167964	0.149132
0.021203	0.139639
0.0254388	0.130254
0.0293302	0.120941
0.0348589	0.112092
0.040268	0.102634
0.0455808	0.093348
0.0516158	0.0850493
0.0574718	0.0768077
0.0620399	0.0673653
0.0664053	0.0580558
0.0719672	0.0483288
0.0766162	0.0392162
0.0810867	0.0300757
0.0854297	0.0209623
0.0895409	0.0120426
0.0934799	0.00303613
0.097167	-0.00551874
0.100673	-0.0133203
0.1033	-0.0208915
0.106201	-0.0290754
0.108947	-0.0372029
0.111614	-0.0456041
0.11404	-0.0544756
0.11635	-0.0639984
0.118526	-0.0731365
0.12063	-0.0828486
0.123074	-0.0917625
0.126072	-0.100674
0.129432	-0.108651
0.13258	-0.116778
0.13606	-0.125306
0.138772	-0.133877
0.141002	-0.141883
0.143488	-0.150193
0.145235	-0.158549
0.147034	-0.16732
0.149139	-0.17574
0.15128	-0.184257
0.153971	-0.192857
0.155791	-0.201502
0.157921	-0.210595
0.159914	-0.219731
0.161487	-0.228284
0.162988	-0.237096
0.16342	-0.244714
0.163713	-0.251854
0.164921	-0.259646
0.166651	-0.267801
0.168208	-0.276288
0.169722	-0.284931
0.170989	-0.293928
0.172121	-0.303012
0.173421	-0.311487
0.174639	-0.320234
0.175971	-0.32945
0.176475	-0.338373
0.176368	-0.34803
0.176321	-0.359258
0.176547	-0.370715
0.176777	-0.3822
0.176439	-0.393865
0.176873	-0.404621
0.177221	-0.415276
0.176395	-0.425865
0.175559	-0.436275
0.173989	-0.446265
0.172323	-0.456171
0.170584	-0.466537
0.168989	-0.475205
0.167068	-0.484462
0.164239	-0.493683
0.160988	-0.503101
0.158137	-0.511741
0.155083	-0.520184
0.152565	-0.5286
0.149127	-0.536354
0.145517	-0.544338
0.141411	-0.552889
0.137306	-0.559994
0.132967	-0.567255
0.128147	-0.574305
0.12267	-0.581933
0.117344	-0.58923
0.112405	-0.594974
0.106284	-0.601424
0.100248	-0.607889
0.0941519	-0.614584
0.0867803	-0.622641
0.0795791	-0.630087
0.0715929	-0.637343
0.0622795	-0.643481
0.0532204	-0.649712
0.0450279	-0.657086
0.0382999	-0.664073
0.0320183	-0.671408
0.0261386	-0.679375
0.0202008	-0.687218
0.0141577	-0.694894
0.00843758	-0.702171
0.00459678	-0.708914
0.000549587	-0.715912
-0.00374384	-0.723372
-0.00937532	-0.730038
-0.0160043	-0.737088
-0.0221286	-0.744124
-0.0279927	-0.750978
-0.0337728	-0.758057
-0.0397387	-0.765463
-0.0455775	-0.772907
-0.0518261	-0.780436
-0.0583305	-0.789342
-0.0642014	-0.79849
-0.0697241	-0.808089
-0.075022	-0.81844
-0.0807665	-0.827965
-0.0851026	-0.837095
-0.0892307	-0.846568
-0.0936842	-0.855773
-0.0977092	-0.864816
-0.1017	-0.874468
-0.10472	-0.882696
-0.108548	-0.891749
-0.112951	-0.902574
-0.117977	-0.911957
-0.12196	-0.921236
-0.125765	-0.930469
-0.129166	-0.939531
-0.133408	-0.947724
-0.137102	-0.955706
-0.140801	-0.963079
-0.144536	-0.970614
-0.149198	-0.978925
-0.153582	-0.986869
-0.159117	-0.996352
-0.164539	-1.00582
-0.169813	-1.01555
-0.174987	-1.02599
-0.179882	-1.0363
-0.184195	-1.04625
-0.18826	-1.05605
-0.193394	-1.06341
-0.198458	-1.07095
-0.203889	-1.07841
-0.209594	-1.08591
-0.216413	-1.09371
-0.221555	-1.1021
-0.225538	-1.10833
-0.229548	-1.1153
-0.231657	-1.1214
-0.234129	-1.12763
-0.236868	-1.13499
-0.239672	-1.14233
-0.243504	-1.14974
-0.247271	-1.15712
-0.251467	-1.16455
-0.255559	-1.1719
-0.25871	-1.18017
-0.261521	-1.18887
-0.264282	-1.19767
-0.267817	-1.20691
-0.271167	-1.21557
-0.274482	-1.22455
-0.278265	-1.23353
-0.282553	-1.24201
-0.286796	-1.25043
-0.289988	-1.26005
-0.292781	-1.26987
-0.29537	-1.27964
-0.297967	-1.28934
-0.300002	-1.29938
-0.299897	-1.30924
-0.299758	-1.31941
-0.298474	-1.32925
-0.296863	-1.33861
-0.294182	-1.34797
-0.291253	-1.35677
-0.288307	-1.36582
-0.285131	-1.37506
-0.282422	-1.38445
-0.279613	-1.39372
-0.276804	-1.40294
-0.272767	-1.41142
-0.268856	-1.42076
-0.265772	-1.4304
-0.262151	-1.43999
-0.257608	-1.45006
-0.253255	-1.46015
-0.249669	-1.46958
-0.24774	-1.47894
-0.245337	-1.48821
-0.242812	-1.49776
-0.240254	-1.50716
-0.23845	-1.51625
-0.23608	-1.52454
-0.233538	-1.53272
-0.230468	-1.54143
-0.226232	-1.55078
-0.222068	-1.56037
-0.217771	-1.57014
-0.213224	-1.57975
-0.208864	-1.59069
-0.204438	-1.60136
-0.200666	-1.61078
-0.196786	-1.62008
-0.192642	-1.62921
-0.188398	-1.6382
-0.184668	-1.64685
-0.179984	-1.65545
-0.175106	-1.66355
-0.170049	-1.67219
-0.164974	-1.67964
-0.159739	-1.68708
-0.154408	-1.69448
-0.147934	-1.70256
-0.141728	-1.71064
-0.135848	-1.71886
-0.13012	-1.72692
-0.124921	-1.73498
-0.119444	-1.74243
-0.114543	-1.75075
-0.110215	-1.7597
-0.103739	-1.76707
-0.0970209	-1.77448
-0.0905114	-1.7819
-0.0830783	-1.78969
-0.0756628	-1.79732
-0.0689533	-1.80564
-0.0620984	-1.8136
-0.055791	-1.82101
-0.0498381	-1.82847
-0.0436758	-1.83658
-0.0371144	-1.84446
-0.0295156	-1.85168
-0.0224491	-1.85878
-0.0139609	-1.86442
-0.0054692	-1.86996
0.0029293	-1.8756
0.0112959	-1.88187
0.0194683	-1.88809
0.0278501	-1.89541
0.0357865	-1.90147
0.0433697	-1.90716
0.0510415	-1.9128
0.0591	-1.91818
0.067045	-1.92355
0.0750314	-1.92867
0.0829436	-1.93379
0.0908704	-1.93914
0.0985938	-1.9445
0.105947	-1.94973
0.11301	-1.95517
0.119398	-1.95947
0.126015	-1.96351
0.132477	-1.9682
0.139327	-1.97282
0.145725	-1.97783
0.151671	-1.98266
0.157968	-1.9876
0.164084	-1.99376
0.170199	-2.0003
0.176122	-2.00712
0.182275	-2.01423
0.187196	-2.0217
0.191322	-2.02878
0.195519	-2.03608
0.200512	-2.04376
0.205328	-2.05188
0.209685	-2.06045
0.213888	-2.0697
0.217843	-2.0788
0.221585	-2.08795
0.224933	-2.09664
0.228093	-2.10473
0.230887	-2.11339
0.234667	-2.12178
0.238041	-2.13022
0.240861	-2.13871
0.24336	-2.14711
0.246314	-2.15788
0.249155	-2.16851
0.251855	-2.17894
0.254385	-2.1893
0.25702	-2.20009
0.259374	-2.21022
0.260137	-2.22025
0.260764	-2.23021
0.261902	-2.24062
0.263376	-2.25083
0.266372	-2.26106
0.269208	-2.27137
0.273048	-2.28286
0.27685	-2.29424
0.281099	-2.30676
0.285594	-2.31846
0.289089	-2.33101
0.294561	-2.34162
0.299785	-2.35186
0.304651	-2.36188
0.307883	-2.37045
0.3114	-2.3786
0.314486	-2.38715
0.317436	-2.39599
0.319844	-2.40463
0.322675	-2.4138
0.325351	-2.42303
0.327515	-2.43203
0.329001	-2.44138
0.330412	-2.4508
0.331904	-2.46014
0.33247	-2.46922
0.33281	-2.47862
0.332962	-2.48824
0.334282	-2.49875
0.335572	-2.50702
0.337373	-2.51577
0.339059	-2.52466
0.340457	-2.53353
0.34224	-2.54227
0.344171	-2.55044
0.344223	-2.55878
0.343479	-2.56714
0.343078	-2.57533
0.342348	-2.58398
0.341991	-2.59383
0.341309	-2.6039
0.340043	-2.61324
0.338002	-2.62246
0.335148	-2.63063
0.332204	-2.63905
0.329425	-2.64781
0.327059	-2.65614
0.324685	-2.66426
0.321841	-2.67139
0.318825	-2.67884
0.315993	-2.68697
0.313672	-2.69498
0.31178	-2.70244
0.3095	-2.71135
0.305516	-2.72139
0.301037	-2.73201
0.296581	-2.74227
0.292058	-2.75216
0.286521	-2.76155
0.2815	-2.77063
0.276182	-2.78115
0.271449	-2.79138
0.266049	-2.80122
0.260214	-2.81105
0.253256	-2.82027
0.24717	-2.8294
0.240835	-2.83841
0.234678	-2.84747
0.228296	-2.85772
0.223263	-2.86795
0.218038	-2.87658
0.213067	-2.88407
0.208487	-2.89093
0.203983	-2.8985
0.199194	-2.90659
0.194174	-2.91471
0.188724	-2.92296
0.183294	-2.93073
0.177578	-2.9394
0.171762	-2.94786
0.165995	-2.9564
0.16012	-2.96495
0.154041	-2.97431
0.148099	-2.9838
0.141951	-2.99294
0.135695	-3.00104
0.129445	-3.00863
0.122737	-3.01627
0.116719	-3.02275
0.111532	-3.02952
0.105887	-3.03533
0.0997306	-3.03996
0.0931741	-3.04559
0.0858091	-3.05311
0.0783882	-3.06024
0.0711797	-3.06732
0.0633194	-3.07378
0.0537927	-3.08099
0.0442485	-3.08753
0.0351619	-3.09421
0.026675	-3.10108
0.0183282	-3.1078
0.00822267	-3.11376
-0.00155933	-3.11947
-0.01097	-3.12482
-0.0204497	-3.13055
-0.0305364	-3.13554
-0.0416767	-3.14024
-0.0497312	-3.14502
-0.0585782	-3.14945
-0.0670685	-3.1541
-0.0746705	-3.15945
-0.0811673	-3.16454
-0.0886648	-3.17059
-0.0962387	-3.17697
-0.103314	-3.18345
-0.110444	-3.19007
-0.11579	-3.19723
-0.120165	-3.20478
-0.125456	-3.2121
-0.131402	-3.21935
-0.136893	-3.22743
-0.142208	-3.23555
-0.147983	-3.24381
-0.154273	-3.25185
-0.160504	-3.26018
-0.166578	-3.26745
-0.172183	-3.27435
-0.177865	-3.28115
-0.183257	-3.28874
-0.188424	-3.2962
-0.194105	-3.30434
-0.198982	-3.31322
-0.204248	-3.32188
-0.209457	-3.33036
-0.214493	-3.33817
-0.219525	-3.34624
-0.224119	-3.35454
-0.228402	-3.36302
-0.233598	-3.37008
-0.238088	-3.37791
-0.242676	-3.38618
-0.247183	-3.39448
-0.252034	-3.40262
-0.257235	-3.41026
-0.263378	-3.41801
-0.269695	-3.42607
-0.276692	-3.43288
-0.284021	-3.43994
-0.290611	-3.44826
-0.295638	-3.45666
-0.301116	-3.46538
-0.307212	-3.47437
-0.312682	-3.48384
-0.31915	-3.4907
-0.324921	-3.49824
-0.330433	-3.50571
-0.335542	-3.51346
-0.340541	-3.52131
-0.345147	-3.52899
-0.350365	-3.53655
-0.355424	-3.54277
-0.360715	-3.54957
-0.365457	-3.55674
-0.370135	-3.56409
-0.373607	-3.5707
-0.376915	-3.5781
-0.379923	-3.58576
-0.383557	-3.59429
-0.387043	-3.6029
-0.389304	-3.61026
-0.391317	-3.61779
-0.393025	-3.62691
-0.394023	-3.6372
-0.394589	-3.64729
-0.394906	-3.65661
-0.395017	-3.6665
-0.395111	-3.67653
-0.39514	-3.68653
-0.394974	-3.6966
-0.395124	-3.70634
-0.39497	-3.71586
-0.394606	-3.72534
-0.393744	-3.73518
-0.392229	-3.74446
-0.389931	-3.75418
-0.387196	-3.76345
-0.383557	-3.77183
-0.380271	-3.78028
-0.37692	-3.78914
-0.37243	-3.79723
-0.365677	-3.80522
-0.359151	-3.81314
-0.352595	-3.82084
-0.345994	-3.82827
-0.339261	-3.83569
-0.332732	-3.84282
-0.326207	-3.84991
-0.318811	-3.858
-0.312262	-3.86545
-0.305444	-3.87284
-0.298907	-3.87888
-0.292119	-3.88448
-0.285277	-3.89026
-0.278079	-3.89606
-0.271003	-3.90247
-0.263359	-3.90865
-0.256194	-3.91437
-0.249666	-3.9196
-0.241626	-3.92464
-0.233613	-3.92954
-0.226634	-3.9331
-0.219886	-3.9371
-0.212821	-3.94114
-0.205394	-3.94489
-0.198011	-3.94828
-0.189605	-3.95066
-0.18105	-3.95308
-0.172367	-3.95455
-0.163324	-3.95597
-0.153299	-3.95716
-0.143279	-3.95859
-0.133212	-3.96
-0.12397	-3.96172
-0.113447	-3.96471
-0.103707	-3.96857
-0.0944469	-3.97228
-0.0853635	-3.97618
-0.0760155	-3.97936
-0.0661875	-3.98172
-0.0585931	-3.98455
-0.0516412	-3.98788
-0.0447028	-3.99183
-0.0390901	-3.99598
-0.0317999	-4.00026
-0.0255166	-4.00463
-0.0185955	-4.00895
-0.0120859	-4.01346
-0.00506105	-4.01831
0.00280618	-4.02218
0.0106165	-4.02592
0.0177239	-4.0292
0.0251949	-4.03344
0.0328292	-4.03719
0.0405545	-4.04054
0.0482964	-4.04377
0.0550305	-4.04713
0.0615882	-4.05137
0.0680489	-4.05549
0.0756891	-4.06032
0.0831687	-4.06559
0.0893238	-4.07088
0.0945763	-4.07748
0.0994169	-4.08472
0.104356	-4.09221
0.109574	-4.09969
0.115272	-4.10856
0.121182	-4.11771
0.127905	-4.12593
0.135548	-4.13432
0.142202	-4.14191
0.148413	-4.15031
0.154313	-4.15866
0.159281	-4.16689
0.164778	-4.17561
0.169931	-4.18419
0.174453	-4.19247
0.178881	-4.20086
0.183879	-4.20932
0.188984	-4.21791
0.193866	-4.22667
0.198679	-4.2354
0.20325	-4.24357
0.207596	-4.25188
0.212879	-4.26112
0.216622	-4.27008
0.219023	-4.2794
0.221353	-4.28896
0.224022	-4.29824
0.227141	-4.30796
0.22961	-4.3175
0.231923	-4.32701
0.234577	-4.33665
0.237642	-4.34699
0.242086	-4.35817
0.246393	-4.36908
0.250674	-4.37958
0.254496	-4.39031
0.257332	-4.40157
0.259052	-4.4119
0.261489	-4.4234
0.263858	-4.43368
0.265781	-4.44391
0.267646	-4.45387
0.26929	-4.46383
0.270892	-4.47361
0.272692	-4.48345
0.274248	-4.49337
0.275923	-4.50323
0.277707	-4.5131
0.278822	-4.52304
0.279627	-4.53363
0.279888	-4.54463
0.278684	-4.55607
0.277942	-4.56757
0.277209	-4.57839
0.275949	-4.59015
0.275241	-4.60223
0.275481	-4.61408
0.27649	-4.62637
0.27702	-4.63788
0.276449	-4.64836
0.275061	-4.65713
0.273866	-4.66654
0.271492	-4.6766
0.268708	-4.68684
0.265757	-4.69694
0.262682	-4.70618
0.259715	-4.71518
0.256418	-4.72474
0.253203	-4.73345
0.250997	-4.74201
0.248894	-4.75036
0.246396	-4.759
0.24544	-4.76724
0.244349	-4.77602
0.243049	-4.78489
0.241589	-4.79385
0.239624	-4.80372
0.23655	-4.81372
0.233334	-4.82317
0.229359	-4.83283
0.22538	-4.8428
0.221322	-4.8534
0.218341	-4.86347
0.21529	-4.87337
0.212315	-4.88276
0.208063	-4.89017
0.203529	-4.89769
0.199114	-4.90538
0.194732	-4.91391
0.190979	-4.92209
0.187738	-4.93004
0.184301	-4.93797
0.181205	-4.94646
0.177728	-4.95501
0.173562	-4.96335
0.169611	-4.97128
0.165959	-4.97981
0.162047	-4.98811
0.156363	-4.99607
0.151503	-5.00408
0.146549	-5.01207
0.141767	-5.0199
0.13781	-5.02689
0.133173	-5.03335
0.130097	-5.04027
0.126595	-5.04795
0.123613	-5.05656
0.120527	-5.06514
0.117529	-5.07352
0.113271	-5.0818
0.108709	-5.0905
0.104078	-5.09809
0.0991797	-5.10578
0.0943104	-5.1147
0.0893789	-5.12464
0.0848478	-5.13443
0.0803129	-5.14386
0.0757916	-5.15273
0.0728781	-5.16073
0.0700125	-5.16856
0.0669261	-5.17662
0.0629619	-5.18369
0.0587654	-5.19224
0.0540965	-5.20093
0.0488912	-5.21039
0.0436523	-5.21962
0.037368	-5.2283
0.0313934	-5.23657
0.0251983	-5.24449
0.0183118	-5.25257
0.0110069	-5.26032
0.00373664	-5.26832
-0.00401563	-5.27627
-0.0113862	-5.28404
-0.0182627	-5.29169
-0.0248229	-5.29967
-0.0304886	-5.30723
-0.0346939	-5.31505
-0.0385099	-5.32368
-0.04217	-5.33218
-0.0450628	-5.34165
-0.0475116	-5.35109
-0.0503429	-5.36113
-0.0535683	-5.3706
-0.0566831	-5.38
-0.0595985	-5.3894
-0.0620977	-5.39949
-0.0644142	-5.40932
-0.0672512	-5.41882
-0.0698905	-5.42856
-0.071592	-5.43814
-0.0732595	-5.44717
-0.0744689	-5.45626
-0.0756477	-5.46544
-0.0767639	-5.47559
-0.0778815	-5.48463
-0.0786572	-5.4936
-0.0794337	-5.50206
-0.0798568	-5.51108
-0.0798133	-5.52007
-0.0801748	-5.5295
-0.0809347	-5.53964
-0.0810157	-5.54957
-0.0810148	-5.5601
-0.0808991	-5.56996
-0.0821721	-5.58099
-0.0832996	-5.59177
-0.083938	-5.60226
-0.0843028	-5.61257
-0.0847493	-5.62283
-0.0856322	-5.63349
-0.0862181	-5.64396
-0.0858498	-5.65525
-0.0853086	-5.66607
-0.0848081	-5.67588
-0.084283	-5.68677
-0.0836123	-5.69744
-0.0830409	-5.70866
-0.0837154	-5.71862
-0.0857885	-5.7275
-0.0872221	-5.73743
-0.0885493	-5.74723
-0.0893693	-5.75738
-0.0897825	-5.76739
-0.0894608	-5.77633
-0.0882896	-5.78478
-0.0871507	-5.79268
-0.085213	-5.80088
-0.0825039	-5.80933
-0.0785494	-5.81687
-0.074549	-5.82436
-0.0710649	-5.8318
-0.0680134	-5.83981
-0.0644952	-5.84791
-0.0598991	-5.85648
-0.0552917	-5.86459
-0.0500821	-5.8714
-0.0445498	-5.8784
-0.0392331	-5.88568
-0.034258	-5.892
-0.0277586	-5.8983
-0.0210782	-5.90465
-0.0135404	-5.91208
-0.00709505	-5.91928
-0.000655554	-5.92653
0.0058756	-5.93373
0.0123755	-5.94074
0.0186099	-5.94872
0.0247547	-5.95748
0.032005	-5.96636
0.0384617	-5.97582
0.0444568	-5.98495
0.0502193	-5.99357
0.0559129	-6.00207
0.0614119	-6.0103
0.0667436	-6.01857
0.0724424	-6.02516
0.0786998	-6.03153
0.0850744	-6.0376
0.0915766	-6.04391
0.0979762	-6.04908
0.105996	-6.05398
0.113891	-6.05793
0.121573	-6.06206
0.129057	-6.06624
0.136899	-6.07055
0.144386	-6.07532
0.151355	-6.07993
0.157671	-6.0842
0.163425	-6.08861
0.169835	-6.09198
0.175978	-6.09618
0.183488	-6.10112
0.191024	-6.10537
0.19927	-6.1096
0.206715	-6.11324
0.214877	-6.11674
0.223377	-6.11918
0.232394	-6.12175
0.241203	-6.1242
0.249915	-6.1268
0.258825	-6.12993
0.268052	-6.13307
0.277104	-6.13622
0.28622	-6.13952
0.293365	-6.14261
0.300518	-6.14567
0.308011	-6.14906
0.315944	-6.15241
0.323958	-6.15677
0.331414	-6.16105
0.339143	-6.16547
0.347183	-6.16986
0.354374	-6.1745
0.362368	-6.17919
0.370357	-6.1845
0.378621	-6.18803
0.388309	-6.1913
0.398516	-6.19578
0.408546	-6.20054
0.418396	-6.20523
0.42828	-6.21009
0.438049	-6.21459
0.447246	-6.21917
0.456808	-6.22472
0.466115	-6.23124
0.4757	-6.2384
0.486331	-6.24589
0.496637	-6.25347
0.506145	-6.26117
0.51554	-6.268
0.525596	-6.2756
0.535268	-6.28279
0.544763	-6.2899
0.552841	-6.29822
0.559953	-6.30786
0.56724	-6.31711
0.573882	-6.32557
0.580002	-6.33338
0.586318	-6.34102
0.593073	-6.34846
0.598268	-6.35552
0.604289	-6.36261
0.609748	-6.36945
0.614385	-6.37626
0.618966	-6.38332
0.624187	-6.39109
0.630145	-6.3984
0.636373	-6.40611
0.642603	-6.41387
0.648632	-6.42233
0.655632	-6.4303
0.662516	-6.43879
0.668175	-6.44624
0.674138	-6.45361
0.680051	-6.46069
0.686232	-6.46733
0.691227	-6.47411
0.696071	-6.48112
0.700961	-6.48765
0.706782	-6.49404
0.713129	-6.50016
0.718453	-6.50699
0.724361	-6.51408
0.730276	-6.52091
0.736917	-6.52799
0.743605	-6.53534
0.749723	-6.54177
0.756944	-6.54879
0.764282	-6.55734
0.771223	-6.56564
0.777045	-6.57313
0.783084	-6.58045
0.789283	-6.58897
0.795332	-6.59745
0.801116	-6.60592
0.807173	-6.61269
0.813435	-6.6194
0.819352	-6.6262
0.825268	-6.63368
0.830356	-6.64157
0.834893	-6.64967
0.839552	-6.6581
0.843424	-6.66556
0.847256	-6.67313
0.850833	-6.6819
0.854509	-6.69074
0.858602	-6.69977
0.862638	-6.70845
0.866615	-6.71719
0.870397	-6.72595
0.874962	-6.73513
0.878904	-6.74415
0.883039	-6.75329
0.88739	-6.76148
0.891297	-6.77034
0.894387	-6.77886
0.896546	-6.78649
0.898602	-6.79439
0.900936	-6.80252
0.903945	-6.81074
0.906486	-6.8188
0.908988	-6.82727
0.911353	-6.83602
0.914409	-6.84599
0.918806	-6.85574
0.923841	-6.8654
0.929511	-6.87541
0.934512	-6.88564
0.939313	-6.89561
0.943009	-6.90633
0.946665	-6.91713
0.950147	-6.92761
0.954063	-6.93771
0.958607	-6.94766
0.962927	-6.9566
0.966985	-6.96548
0.970965	-6.974
0.974609	-6.98273
0.977556	-6.99186
0.980313	-7.00037
0.98288	-7.00913
0.98573	-7.01785
0.988742	-7.02619
0.991721	-7.03464
0.994036	-7.0435
0.996053	-7.05281
0.998109	-7.06225
0.999466	-7.07105
1.00163	-7.08002
1.00378	-7.08897
1.00526	-7.09809
1.00692	-7.10798
1.00842	-7.11775
1.00967	-7.12767
1.01006	-7.13812
1.01031	-7.14833
1.01066	-7.15777
1.01097	-7.16716
1.011	-7.1764
1.01032	-7.18546
1.00956	-7.19451
1.00837	-7.20378
1.0072	-7.21225
1.00638	-7.22083
1.00648	-7.22943
1.00652	-7.23813
1.0065	-7.247
1.00634	-7.25598
1.00567	-7.26531
1.00599	-7.27536
1.0056	-7.28462
1.00593	-7.29389
1.00558	-7.30303
1.00531	-7.31256
1.00488	-7.32232
1.00366	-7.33228
1.00233	-7.34195
1.00148	-7.35214
1.00075	-7.36209
1.00003	-7.37164
0.999316	-7.3803
0.998243	-7.38896
0.99667	-7.39766
0.995417	-7.40552
0.993652	-7.41363
0.991929	-7.42191
0.990116	-7.43043
0.988497	-7.44033
0.986788	-7.45008
0.984274	-7.45984
0.981861	-7.46945
0.979032	-7.47758
0.976716	-7.48639
0.973145	-7.49545
0.969517	-7.50452
0.966253	-7.51387
0.962225	-7.52175
0.958395	-7.5295
0.95407	-7.53864
0.949728	-7.54764
0.945207	-7.55609
0.941175	-7.56425
0.93722	-7.57304
0.933156	-7.58122
0.929395	-7.58941
0.926458	-7.59832
0.923524	-7.60792
0.9205	-7.6174
0.917382	-7.62699
0.913936	-7.6348
0.909926	-7.64253
0.905928	-7.65098
0.902658	-7.66025
0.899407	-7.66934
0.89587	-7.67851
0.892978	-7.68746
0.888887	-7.69523
0.886439	-7.70003
0.883704	-7.70552
0.880349	-7.70942
0.876163	-7.71438
0.871692	-7.71983
0.867734	-7.72557
0.864172	-7.73155
0.860677	-7.73732
0.857055	-7.7433
0.852271	-7.74972
0.84733	-7.75631
0.841177	-7.76327
0.834576	-7.76876
0.828007	-7.77371
0.821514	-7.77848
0.814811	-7.78352
0.807705	-7.78953
0.800572	-7.79535
0.792296	-7.8011
0.78291	-7.8081
0.773197	-7.81465
0.763329	-7.82087
0.75371	-7.82683
0.744156	-7.83311
0.734419	-7.83898
0.725232	-7.84473
0.716076	-7.85086
0.707997	-7.85753
0.70034	-7.86468
0.693409	-7.87163
0.687174	-7.87995
0.681138	-7.88825
0.675063	-7.89653
0.66874	-7.90506
0.664881	-7.91491
0.661029	-7.9248
0.657029	-7.93265
0.652613	-7.94142
0.648276	-7.95064
0.64317	-7.95992
0.637844	-7.96895
0.632136	-7.97755
0.626548	-7.9871
0.620814	-7.99739
0.616553	-8.00662
0.610946	-8.0158
0.605678	-8.02525
0.599909	-8.03491
0.593282	-8.04431
0.586556	-8.05363
0.580629	-8.06176
0.574089	-8.07002
0.567365	-8.07822
0.560528	-8.08632
0.553849	-8.09473
0.547042	-8.10306
0.539406	-8.1121
0.53196	-8.12078
0.524109	-8.12903
0.516292	-8.13681
0.508773	-8.14476
0.500959	-8.15303
0.494007	-8.1615
0.486575	-8.17024
0.479142	-8.17865
0.471319	-8.18712
0.464163	-8.1944
0.457205	-8.20082
0.450627	-8.20772
0.444046	-8.21466
0.43721	-8.2202
