###  Units are X_hat = 1.73cm.
0.1	0.1
0.106461	0.106219
0.111716	0.110698
0.115558	0.110351
0.0971983	0.112336
0.109687	0.117471
0.113867	0.122204
0.128878	0.122129
0.136778	0.119982
0.113967	0.118751
0.120099	0.123993
0.113726	0.130085
0.118394	0.139315
0.11532	0.160979
0.112616	0.16485
0.114992	0.161733
0.109929	0.152248
0.104188	0.15126
0.135389	0.165878
0.122544	0.171574
0.115264	0.165606
0.113925	0.174737
0.115674	0.146566
0.121418	0.150788
0.105171	0.155804
0.132906	0.163775
0.13012	0.157112
0.116192	0.149412
0.102898	0.126955
0.109987	0.138573
0.111695	0.128762
0.113205	0.13301
0.109829	0.153924
0.111354	0.153404
0.140779	0.165196
0.129372	0.161693
0.128035	0.158727
0.111727	0.151556
0.110624	0.15176
0.11575	0.143501
0.117953	0.144987
0.109902	0.166397
0.109968	0.136634
0.122042	0.132613
0.147753	0.114872
0.160556	0.112509
0.167294	0.118211
0.160655	0.103208
0.162883	0.0967446
0.161317	0.0941866
0.134085	0.0956123
0.143628	0.115997
0.121868	0.0908222
0.127081	0.0886686
0.140375	0.122129
0.13891	0.118033
0.143753	0.135915
0.140087	0.135645
0.132814	0.130492
0.118881	0.141106
0.128877	0.160281
0.148607	0.15147
0.145155	0.119935
0.146432	0.120522
0.138038	0.128959
0.127202	0.129759
0.14244	0.119742
0.144124	0.127408
0.142831	0.113036
0.138484	0.0912939
0.142124	0.087205
0.141559	0.10498
0.147255	0.102708
0.146154	0.111384
0.150802	0.0946212
0.172634	0.0988725
0.165561	0.0910732
0.16399	0.0639456
0.151097	0.0641861
0.154009	0.0812312
0.152216	0.078281
0.154188	0.0787965
0.151324	0.0752495
0.148432	0.0781513
0.140731	0.0660418
0.136118	0.0799232
0.141701	0.0812116
0.17419	0.0860973
0.166954	0.0645804
0.154395	0.0836698
0.148929	0.0946742
0.156169	0.100671
0.164039	0.11473
0.178915	0.147985
0.178717	0.141299
0.174414	0.118248
0.188139	0.095006
0.184658	0.0969108
0.176017	0.0879902
0.186661	0.0975096
0.169651	0.0955692
0.168669	0.0907327
0.175278	0.0850935
0.181691	0.0678474
0.185956	0.0667415
0.187831	0.0514817
0.191045	0.0526936
0.194388	0.0581645
0.197144	0.0628778
0.19307	0.0476701
0.216939	0.0557002
0.225404	0.0384749
0.239613	0.0384853
0.234686	0.037713
0.225119	0.0435262
0.213892	0.0438565
0.20956	0.0256789
0.221081	0.0139812
0.210833	0.0145022
0.203932	0.0224955
0.218468	0.0192334
0.203306	0.0355988
0.181852	0.0435477
0.174872	0.0501105
0.188531	0.0457608
0.22193	0.0487641
0.223289	0.0425026
0.217694	0.0395569
0.224255	0.0173878
0.21649	0.0293351
0.215965	0.0440532
0.214239	0.0459814
0.220217	0.0401568
0.212251	0.039235
0.210545	0.0568951
0.205904	0.0564398
0.203523	0.0478371
0.214442	0.0238642
0.208778	0.0246092
0.194563	0.0323243
0.193351	0.0357451
0.17169	0.0486841
0.161989	0.050467
0.173256	0.0317557
0.17721	0.0294498
0.175235	0.035099
0.191421	0.0105461
0.169791	0.0067495
0.177262	0.0117545
0.20247	-0.00303718
0.202521	-0.00179319
0.20137	-0.00290619
0.210573	0.00815305
0.187073	-0.0233048
0.189698	-0.0116902
0.193557	-0.0127761
0.189812	-0.0170811
0.15968	-0.0223557
0.164853	-0.0223202
0.171232	-0.00581448
0.17425	-0.00774775
0.1785	-0.00808607
0.146796	0.0257246
0.143829	0.0240448
0.15276	0.0264299
0.150715	0.024471
0.163801	0.00793205
0.14511	0.00525809
0.163834	0.0144644
0.163053	0.0419338
0.166627	0.0418375
0.200911	0.0366603
0.200048	0.0331565
0.198932	0.0354435
0.189099	0.032489
0.195238	0.0386019
0.174663	0.0447707
0.165063	0.0522879
0.147923	0.0473791
0.15082	0.0433525
0.165056	0.0336053
0.16515	0.0707894
0.179876	0.0549975
0.187562	0.0564651
0.210958	0.0333768
0.216036	0.0252068
0.214009	0.0225875
0.211748	0.0378076
0.195889	0.0354619
0.204596	0.0333433
0.202845	0.0390748
0.206981	0.0391218
0.203259	0.037226
0.202294	0.0335343
0.203123	0.0148078
0.199717	0.0316557
0.215333	0.0261034
0.219398	0.0331966
0.217222	0.0247681
0.211198	0.0203518
0.220292	0.028006
0.18349	0.0192582
0.189516	0.0137223
0.180196	0.00298765
0.174455	0.0117255
0.178305	0.0109303
0.171085	0.0128529
0.162551	0.00149073
0.167343	0.00116568
0.176482	0.0104254
0.177875	0.0227087
0.180951	0.0176162
0.190786	0.00885483
0.199253	0.012533
0.198794	0.0122984
0.198065	0.00725662
0.204532	0.0269099
0.201197	0.0228004
0.203887	0.0248477
0.192028	0.0466154
0.201127	0.0270952
0.205129	0.0265045
0.20073	0.0303084
0.200659	0.0210233
0.211577	-0.00736545
0.207374	-0.00928189
0.201356	-0.00761979
0.199589	-0.00988962
0.214948	0.0159547
0.194754	0.0296641
0.173602	0.0284845
0.177246	0.0307449
0.178758	0.0300333
0.195551	0.0308652
0.188911	0.023629
0.221211	0.0449644
0.18774	0.0701869
0.184289	0.0673997
0.181515	0.0739157
0.18249	0.0843026
0.1754	0.0891316
0.191652	0.0755007
0.21004	0.090768
0.201241	0.0758903
0.200037	0.0547758
0.199322	0.0544353
0.205226	0.05666
0.207979	0.057311
0.205697	0.0554108
0.237516	0.0756986
0.221438	0.0718015
0.213754	0.0680613
0.191648	0.0502717
0.19101	0.050175
0.201874	0.0557339
0.193954	0.0697865
0.176834	0.0773822
0.14396	0.0668042
0.162147	0.0304124
0.180181	0.0314688
0.184517	0.0296615
0.180703	0.0284706
0.191407	0.0265347
0.213441	0.0399404
0.211773	0.0280576
0.200878	-0.016038
0.226953	-0.0221914
0.228057	-0.00999769
0.231713	-0.0360093
0.220297	-0.0681919
0.216277	-0.0653723
0.208652	-0.0529626
0.205701	-0.0430267
0.19092	-0.0303142
0.191392	-0.030461
0.192236	-0.0396204
0.200991	-0.0384642
0.201558	-0.00630174
0.20727	0.00351408
0.171238	0.0264171
0.171004	0.0352129
0.204419	0.0421592
0.19541	0.0412283
0.202462	0.0462132
0.215074	0.0269588
0.166029	0.00524112
0.164947	0.000650915
0.163862	-0.00455578
0.182524	-0.0160585
0.186203	-0.0109084
0.18833	-0.00507404
0.195954	-0.0102899
0.199997	-0.0549638
0.20012	-0.056256
0.181551	-0.0671672
0.186014	-0.0691381
0.195196	-0.0662554
0.191918	-0.0685933
0.186314	-0.0759274
0.172174	-0.0678612
0.196577	-0.0594808
0.210382	-0.0536092
0.214638	-0.0486952
0.217061	-0.0470134
0.237411	-0.037852
0.20997	-0.0529867
0.203924	-0.0449268
0.20723	-0.0353293
0.199881	-0.0543221
0.196742	-0.038351
0.206354	-0.0290678
0.200432	-0.0274181
0.205892	-0.024892
0.212928	-0.0302389
0.214369	-0.0518406
0.199208	-0.050957
0.199051	-0.0583894
0.199583	-0.0590463
0.200209	-0.0580145
0.197299	-0.0592247
0.21851	-0.0698618
0.244247	-0.0381284
0.226422	-0.0396666
0.216601	-0.0203412
0.210951	-0.0213663
0.193671	-0.0177956
0.189999	-0.0134773
0.181402	-0.0177957
0.180502	-0.00498675
0.184852	-0.00429403
0.199215	-0.0103989
0.203389	0.0017087
0.207531	-0.00527267
0.21009	-0.00916895
0.216748	-0.0152334
0.203878	-0.0174612
0.202763	-0.0162263
0.203375	-0.0155348
0.202814	-0.0198249
0.183372	-0.019904
0.175333	-0.0205241
0.173467	-0.0133356
0.180463	0.00549824
0.17743	0.00863983
0.194085	0.00944303
0.191667	0.011313
0.197271	0.0013697
0.182487	-0.00487
0.161008	-0.0032792
0.172072	0.0149538
0.176306	0.0108338
0.178779	0.0113342
0.189573	0.00219795
0.20218	0.0233627
0.20181	0.0215307
0.223891	0.0143079
0.227812	0.0132698
0.222743	0.0185109
0.230949	0.0303153
0.250665	0.0173615
0.2528	0.0151607
0.234033	0.00950894
0.228048	0.00419096
0.217564	0.0114962
0.205402	0.0204598
0.187805	0.0292615
0.186929	0.0285308
0.182864	0.0495854
0.194503	0.0547058
0.189201	0.0674564
0.196369	0.05315
0.199931	0.0610075
0.200343	0.0584134
0.201806	0.0563195
0.199019	0.0577076
0.202652	0.0538593
0.201283	0.0518378
0.191207	0.0564206
0.185388	0.0502116
0.152224	0.0469192
0.159295	0.0292627
0.176808	0.0238108
0.187274	0.0174036
0.193992	0.0121563
0.208446	0.008605
0.190699	-0.00189837
0.189246	0.00161782
0.189721	-0.0053497
0.173894	-0.0298392
0.17183	-0.037076
0.187239	-0.0355256
0.177234	-0.045948
0.169387	-0.0462007
0.184047	-0.0351611
0.197026	-0.049613
0.198323	-0.0466247
0.20362	-0.0462003
0.198272	-0.0403237
0.199843	-0.0359877
0.207143	-0.0265392
0.206175	-0.0184662
0.206366	-0.0248591
0.183585	-0.0135529
0.18341	-0.0140008
0.20254	-0.045239
0.176995	-0.0250823
0.18904	-0.0239195
0.193026	0.0144213
0.205977	0.007151
0.218505	0.00215006
0.212712	0.00380425
0.213552	-0.0166428
0.225177	-0.0201443
0.234293	-0.0210417
0.23657	-0.0119414
0.211213	-0.0111862
0.200577	-0.0231136
0.197151	-0.0189381
0.197214	-0.0168215
0.207164	0.00613341
0.207762	-0.00137333
0.187084	-0.00218943
0.198225	0.00143369
0.197015	0.00317271
0.20136	0.014591
0.205552	-0.0113665
0.211259	-0.0111998
0.211293	-0.00857636
0.21753	-0.00521501
0.213718	0.00206035
0.194685	0.0142659
0.216679	0.00902538
0.24382	-0.00603972
0.239115	-0.00644136
0.220926	-0.0088711
0.205384	-0.00901057
0.225592	-0.0406557
0.203413	-0.0363962
0.195577	-0.0325481
0.177681	-0.0290383
0.197862	-0.0186774
0.180776	-0.0169982
0.183689	-0.0174701
0.178272	-0.00325163
0.181474	-0.00324713
0.18548	-0.00382551
0.193708	-0.0123988
0.198698	-0.0194365
0.208778	-0.0170883
0.19794	-0.0172334
0.184851	-0.0127652
0.195703	0.0029127
0.199434	0.00227876
0.201177	-0.00105913
0.206329	-0.0233014
0.199327	-0.03669
0.18958	-0.0350904
0.189339	-0.0389976
0.162556	-0.0334314
0.153175	-0.0293837
0.164418	-0.0328441
0.158873	-0.0344085
0.165152	-0.0291355
0.158493	-0.0161643
0.170654	-0.0255108
0.159799	-0.023756
0.174674	-0.0230015
0.171648	-0.0313116
0.187449	-0.0120164
0.182591	-0.0031224
0.192198	0.0171233
0.20352	0.0116427
0.193734	0.0151442
0.193687	0.0165597
0.195287	0.00128281
0.197475	0.00396434
0.18001	0.00802808
0.163923	0.0560915
0.175037	0.063059
0.159147	0.0605315
0.173067	0.0354097
0.170841	0.0337513
0.172973	0.0401372
0.16993	0.0575002
0.190658	0.050327
0.14505	0.0833298
0.149161	0.0853619
0.138035	0.0894785
0.142108	0.0628826
0.152106	0.0601668
0.154737	0.0599172
0.156117	0.0619398
0.146707	0.0746427
0.153484	0.0785769
0.183971	0.0969828
0.205618	0.087098
0.196002	0.096036
0.196006	0.0891706
0.206899	0.0792121
0.187215	0.0874767
0.189564	0.101919
0.193618	0.106546
0.213911	0.108653
0.217363	0.101297
0.218224	0.107641
0.215622	0.0999065
0.223962	0.101433
0.221996	0.0888821
0.212346	0.100359
0.216402	0.0692753
0.239867	0.073226
0.223153	0.0786611
0.216862	0.0756181
0.21187	0.0737817
0.215733	0.0640136
0.190398	0.057484
0.193897	0.0618831
0.193311	0.0610942
0.197103	0.0511172
0.206504	0.0749636
0.186758	0.0789751
0.198067	0.0768799
0.191373	0.07673
0.195596	0.0736216
0.192632	0.0847994
0.188778	0.0838556
0.163409	0.0662625
0.168632	0.063907
0.173893	0.0625775
0.154758	0.0799469
0.153271	0.0726859
0.158967	0.0719325
0.166426	0.0803514
0.163249	0.0824805
0.171091	0.0792713
0.167998	0.0944029
0.168181	0.0940275
0.163161	0.0888158
0.19253	0.0916343
0.209056	0.0838189
0.202584	0.069636
0.195727	0.063969
0.196554	0.0506852
0.189749	0.0397987
0.181216	0.0420281
0.182471	0.0414231
0.187705	0.0699359
0.182812	0.0611316
0.180843	0.0700073
0.189341	0.0649936
0.190955	0.0638697
0.170707	0.0593502
0.16841	0.059043
0.177228	0.0703951
0.1616	0.0665521
0.173017	0.0708836
0.193776	0.0798601
0.19793	0.0837466
0.191419	0.0822404
0.192713	0.0722219
0.197303	0.0740784
0.206175	0.0728375
0.197968	0.0775095
0.194491	0.0678586
0.188883	0.0744223
0.174453	0.0527931
0.173233	0.0299047
0.194567	0.0396465
0.188297	0.0504093
0.183881	0.0730798
0.185648	0.0535307
0.18379	0.0598758
0.171348	0.0375144
0.179651	0.0341547
0.170257	0.0297389
0.17404	0.0243255
0.175844	-0.0131773
0.17565	-0.0122461
0.176633	-0.0115701
0.211872	-0.028987
0.208356	-0.00794508
0.207425	-0.0155999
0.189517	0.0111568
0.194183	0.0101893
0.196666	0.026268
0.196034	0.0264333
0.193866	0.0234322
0.201098	0.0341693
0.209569	0.0372519
0.205005	0.0387329
0.199234	0.0438717
0.196638	0.048
0.174058	0.0299168
0.168972	0.0349769
0.166175	0.0127528
0.18299	0.0241577
0.179473	0.0291158
0.170601	0.0390356
0.17137	0.0450682
0.179776	0.0582355
0.184616	0.0716322
0.166109	0.0839461
0.189876	0.0643252
0.159251	0.0679426
0.176266	0.077861
0.172773	0.0768555
0.173762	0.0780526
0.192876	0.0983963
0.181103	0.0846531
0.181388	0.0710864
0.191594	0.0576315
0.182933	0.0583523
0.177805	0.0590339
0.188244	0.0795711
0.186342	0.0826528
0.178261	0.0790016
0.185015	0.0805278
0.186468	0.0652213
0.173458	0.074698
0.149975	0.0591605
0.153522	0.0594518
0.159505	0.0739571
0.17023	0.074936
0.170209	0.0757476
0.170654	0.0823592
0.174479	0.0810678
0.16547	0.0939684
0.167689	0.089511
0.157061	0.0706043
0.18289	0.0746912
0.176537	0.0536425
0.176955	0.0554763
0.174742	0.0598201
0.155203	0.0681702
0.158193	0.0706447
0.156071	0.0750974
0.16456	0.0685424
0.162643	0.0596621
0.159539	0.063623
0.160014	0.0800085
0.158371	0.083267
0.167504	0.0770574
0.155804	0.0697775
0.151258	0.0822571
0.158419	0.103238
0.153118	0.101526
0.154061	0.103591
0.164191	0.110367
0.177495	0.0801954
0.17812	0.0731597
0.177972	0.0708106
0.171207	0.0597969
0.167985	0.0671033
0.166093	0.0784302
0.164462	0.0783563
0.164804	0.0789158
0.153482	0.0655323
0.162962	0.0650752
0.164001	0.0666192
0.162961	0.0520392
0.174271	0.0462474
0.169358	0.048365
0.16903	0.0438174
0.14509	0.0403344
0.155593	0.0422202
0.145256	0.0453337
0.142441	0.0427238
0.141738	0.0360673
0.142187	0.039033
0.15907	0.0440556
0.174657	0.0331156
0.176109	0.0335683
0.176735	0.0349074
0.178356	0.041885
0.180148	0.0492422
0.181339	0.0449134
0.170243	0.0646882
0.15755	0.0825423
0.140008	0.0770795
0.11348	0.0547418
0.129238	0.0599368
0.121868	0.041474
0.117077	0.0301461
0.128751	0.0426465
0.137661	0.0463074
0.15731	0.0515193
0.154668	0.064952
0.143701	0.0737853
0.15372	0.0679052
0.159476	0.0540816
0.143084	0.0417224
0.144688	0.0555115
0.163987	0.0322074
0.165426	0.0302674
0.168352	0.0239291
0.176762	0.0138935
0.18	0.0250131
0.188606	0.0454883
0.183978	0.0401549
0.171573	0.00729835
0.170169	0.0227315
0.194533	0.0216004
0.190807	0.0196671
0.183996	0.0313
0.185214	0.0673517
0.145941	0.0696532
0.164833	0.0866918
0.143728	0.0858071
0.146625	0.0862098
0.146595	0.0893579
0.130342	0.0980485
0.135526	0.0891652
0.144913	0.0892564
0.139941	0.0930334
0.133823	0.0985554
0.145753	0.0709511
0.156469	0.0903447
0.157328	0.0919592
0.152124	0.0992502
0.144709	0.105058
0.175352	0.110162
0.195561	0.102976
0.183831	0.0762726
0.188802	0.0733977
0.178229	0.096968
0.174698	0.0982419
0.173037	0.0955911
0.169191	0.100071
0.140132	0.130888
0.14666	0.125282
0.154808	0.130293
0.140513	0.124534
0.140087	0.12304
0.142713	0.125321
0.144435	0.121661
0.140641	0.123697
0.139246	0.125377
0.136181	0.132389
0.146073	0.144556
0.110577	0.135382
0.0900772	0.131793
0.10024	0.144696
0.110021	0.151517
0.10239	0.158196
0.119225	0.158285
0.134714	0.160303
0.0853933	0.147969
0.0848296	0.152202
0.0859584	0.146178
0.0885482	0.165696
0.0904704	0.17054
0.0746445	0.180434
0.0786639	0.166418
0.108076	0.179716
0.102501	0.181132
0.107246	0.165793
0.118977	0.198281
0.125983	0.179564
0.131577	0.203022
0.129282	0.204268
0.122776	0.204977
0.115837	0.193396
0.116914	0.196988
0.111202	0.187276
0.112147	0.192986
0.102316	0.164705
0.125673	0.155571
0.127534	0.156659
0.12296	0.157537
0.120803	0.151258
0.117485	0.152997
0.127431	0.172746
0.11824	0.16926
0.123517	0.170091
0.117582	0.170014
0.0964044	0.189903
0.0694806	0.184691
0.072934	0.201028
0.034223	0.223556
0.0273013	0.222848
0.0210075	0.212281
0.0416641	0.211691
0.0520251	0.196621
0.0486106	0.203595
0.0531356	0.195206
0.0409335	0.181882
0.0408199	0.184892
0.0322596	0.198385
0.0299844	0.198578
0.0223592	0.183555
0.0419401	0.173094
0.0456438	0.166464
0.0484	0.162248
0.0617199	0.186467
0.0456455	0.178522
0.0217655	0.182379
0.0336108	0.166823
0.0284897	0.173781
0.0269883	0.176833
0.0321317	0.161501
0.0296839	0.152297
0.0187688	0.150775
0.00258084	0.160197
0.0291222	0.173669
0.0404443	0.17902
0.045707	0.188206
0.0432272	0.186359
0.044104	0.18834
0.0461136	0.185818
0.0434282	0.185439
0.0536004	0.179922
0.0434802	0.18249
0.0341389	0.200184
0.0416515	0.208252
0.0590692	0.198318
0.073394	0.241037
0.0754666	0.237534
0.0842283	0.205365
0.0520619	0.229847
0.0478889	0.222172
0.0574421	0.21508
0.0429548	0.209409
0.0307314	0.206525
0.0356719	0.20749
0.0434442	0.221723
0.0292118	0.231838
0.0217264	0.242413
0.027235	0.225232
0.0223785	0.219895
0.0132242	0.21578
-0.000546291	0.210127
-0.0215458	0.185457
-0.0388873	0.180293
-0.0419922	0.184687
-0.0458003	0.175906
-0.0501669	0.164308
-0.0563414	0.172696
-0.0719488	0.162652
-0.0994517	0.168614
-0.0976544	0.152114
-0.0925456	0.151306
-0.0822446	0.159314
-0.0904055	0.158084
-0.0981567	0.161628
-0.108997	0.165862
-0.110128	0.156126
-0.112004	0.155363
-0.108796	0.155253
-0.110616	0.157327
-0.113687	0.155125
-0.116787	0.181424
-0.122894	0.186501
-0.104397	0.192776
-0.103299	0.188315
-0.0942588	0.188576
-0.0918244	0.199709
-0.075933	0.18138
-0.0714434	0.188384
-0.0812277	0.162585
-0.0845197	0.157514
-0.0811324	0.140085
-0.0860589	0.145636
-0.0992791	0.139918
-0.103468	0.141731
-0.10997	0.153285
-0.115711	0.150117
-0.0942989	0.154231
-0.0984713	0.159963
-0.0834421	0.171951
-0.0859731	0.173192
-0.10684	0.187695
-0.119792	0.168476
-0.113816	0.167787
-0.114674	0.156307
-0.125269	0.13624
-0.139926	0.138163
-0.117944	0.146875
-0.121442	0.129249
-0.121414	0.121234
-0.120831	0.127932
-0.126553	0.139089
-0.134435	0.138564
-0.153865	0.130916
-0.146789	0.150587
-0.137543	0.157025
-0.131885	0.13487
-0.131132	0.129927
-0.133852	0.133016
-0.136053	0.123188
-0.131286	0.120875
-0.125203	0.118935
-0.0964961	0.144145
-0.0875581	0.139181
-0.08818	0.129648
-0.0840676	0.136462
-0.0914611	0.133325
-0.0944107	0.139874
-0.0947509	0.142979
-0.0878991	0.122464
-0.104652	0.135429
-0.117593	0.158943
-0.10654	0.159506
-0.111177	0.185038
-0.129101	0.170888
-0.14367	0.152824
-0.14612	0.152604
-0.148603	0.150055
-0.158393	0.147617
-0.16072	0.140037
-0.162128	0.121752
-0.191257	0.13074
-0.189077	0.12728
-0.187155	0.112631
-0.170074	0.0933784
-0.159124	0.0833409
-0.155171	0.0725263
-0.158546	0.0698345
-0.155796	0.0709066
-0.162107	0.0537702
-0.176352	0.0602459
-0.179783	0.0612311
-0.184324	0.0742752
-0.195549	0.0666075
-0.229017	0.0664926
-0.218848	0.0207053
-0.21636	0.026354
-0.201029	0.0312961
-0.182717	0.0279202
-0.182931	0.0268736
-0.182	0.0271352
-0.18201	0.035729
-0.18335	0.0280562
-0.182698	0.0276425
-0.17989	0.0349384
-0.18507	0.030497
-0.175175	0.0308996
-0.179339	0.033222
-0.177161	0.0434048
-0.174993	0.0335682
-0.165866	0.0209484
-0.169522	0.0208768
-0.174524	0.0186642
-0.206875	0.00858248
-0.204772	0.00840342
-0.214353	-0.0129607
-0.265524	-0.0216586
-0.252442	-0.0203427
-0.247629	0.0156656
-0.247688	0.00309866
-0.214822	0.0040785
-0.2042	0.0120422
-0.207852	0.00111962
-0.206126	0.00100156
-0.20242	-0.0072792
-0.202221	-0.0190841
-0.202259	-0.0185165
-0.201212	-0.0183594
-0.215882	-0.00804952
-0.216478	-0.000151016
-0.195908	-0.0124649
-0.196139	-0.0128202
-0.169945	-0.0294766
-0.172925	-0.0316848
-0.180308	-0.0321559
-0.197975	-0.0240945
-0.196583	-0.025265
-0.196962	-0.0236769
-0.163223	-0.0402168
-0.173201	-0.0587872
-0.178617	-0.0499299
-0.195226	-0.0458852
-0.182095	-0.0462771
-0.167577	-0.0653156
-0.169553	-0.0665245
-0.16984	-0.0661333
-0.165216	-0.0657921
-0.188167	-0.065329
-0.198083	-0.0635064
-0.208373	-0.0696125
-0.194995	-0.0704968
-0.196089	-0.0700673
-0.19611	-0.0522031
-0.167838	-0.0511246
-0.165853	-0.0369519
-0.157996	-0.0347013
-0.160618	-0.0357459
-0.181441	-0.0497086
-0.181074	-0.0444157
-0.193327	-0.0522812
-0.163181	-0.0383019
-0.170035	-0.0394504
-0.163016	-0.0498653
-0.154663	-0.0204258
-0.161787	-0.0204361
-0.163124	-0.0211444
-0.20402	-0.0197038
-0.203343	-0.0202507
-0.199165	-0.031136
-0.199825	-0.0319151
-0.198422	-0.0641199
-0.202075	-0.0636989
-0.198545	-0.0859573
-0.205205	-0.0788483
-0.188264	-0.0870371
-0.178218	-0.0766349
-0.162378	-0.0825616
-0.155909	-0.0835654
-0.136441	-0.0690978
-0.135444	-0.0628012
-0.142467	-0.0645464
-0.148872	-0.0765418
-0.127169	-0.0741704
-0.138376	-0.0603146
-0.144998	-0.0654193
-0.147377	-0.0661978
-0.145895	-0.0735408
-0.146214	-0.0702901
-0.162269	-0.0785427
-0.164806	-0.0751169
-0.170579	-0.0791043
-0.159099	-0.0787012
-0.142758	-0.0843608
-0.143269	-0.0983609
-0.158269	-0.111468
-0.156502	-0.0979119
-0.162492	-0.0952619
-0.163482	-0.0969977
-0.163402	-0.102629
-0.151461	-0.111897
-0.138457	-0.0929687
-0.132213	-0.089429
-0.11368	-0.086416
-0.155931	-0.0963994
-0.163059	-0.0735928
-0.165943	-0.0741772
-0.167164	-0.0645738
-0.16935	-0.0655776
-0.170086	-0.0578217
-0.172055	-0.0605142
-0.192308	-0.0523598
-0.183327	-0.0739006
-0.172303	-0.0733859
-0.165763	-0.0811634
-0.167462	-0.0826371
-0.16452	-0.0789345
-0.167326	-0.088319
-0.172638	-0.114364
-0.195353	-0.132212
-0.171498	-0.119454
-0.178648	-0.123762
-0.176637	-0.115764
-0.17714	-0.123808
-0.20473	-0.132534
-0.190952	-0.125286
-0.200133	-0.116272
-0.197997	-0.104073
-0.210625	-0.0981212
-0.200527	-0.0979939
-0.172946	-0.11824
-0.181617	-0.0938131
-0.190035	-0.0919149
-0.205265	-0.0696262
-0.214888	-0.0861961
-0.200832	-0.0703588
-0.208341	-0.0705601
-0.207215	-0.0752352
-0.188486	-0.0707722
-0.196321	-0.0634603
-0.182356	-0.0559522
-0.182592	-0.0527546
-0.186558	-0.046586
-0.17927	-0.0268212
-0.199831	-0.0149158
-0.200653	-0.00818463
-0.211661	0.00561412
-0.18907	0.000742634
-0.187467	0.0104629
-0.170516	0.0250163
-0.174583	0.0246319
-0.173529	0.0212708
-0.180618	0.00940549
-0.193251	0.0181879
-0.191838	0.0115583
-0.194475	0.0600572
-0.189969	0.0588827
-0.191308	0.0718985
-0.187365	0.0715172
-0.180848	0.091416
-0.168495	0.0828747
-0.169012	0.0811269
-0.162274	0.093464
-0.159605	0.104656
-0.155227	0.108114
-0.138792	0.119892
-0.140807	0.120393
-0.118592	0.118507
-0.135913	0.110077
-0.135479	0.113135
-0.139075	0.128997
-0.139675	0.128562
-0.144041	0.128583
-0.143307	0.126074
-0.138146	0.14618
-0.133629	0.147132
-0.133934	0.153788
-0.128745	0.148776
-0.126492	0.146647
-0.122992	0.145122
-0.114526	0.143269
-0.101022	0.161918
-0.141011	0.142943
-0.140795	0.149429
-0.13653	0.148876
-0.108292	0.149468
-0.110808	0.169659
-0.0803815	0.184642
-0.0750481	0.182669
-0.0910222	0.149866
-0.0888779	0.146858
-0.0849387	0.148295
-0.10547	0.130414
-0.104517	0.134693
-0.106781	0.163229
-0.101942	0.159358
-0.114389	0.153792
-0.0813378	0.166992
-0.0730718	0.169885
-0.0699857	0.17135
-0.0491962	0.166965
-0.0304435	0.175874
0.00755846	0.166211
-0.00135768	0.143467
0.000244789	0.146889
-0.0137758	0.15266
-0.0345078	0.151489
-0.0141289	0.132886
-0.00524868	0.150051
-0.00172264	0.16063
0.00145422	0.166497
0.0116222	0.163927
0.00157255	0.173557
-0.00202515	0.168816
-0.00925181	0.171877
-0.00753123	0.175874
0.00365882	0.161691
0.0148468	0.21346
0.00154281	0.217299
-0.0154329	0.215454
-0.014801	0.216576
-0.00222358	0.177984
0.00333335	0.154617
0.0404138	0.160455
0.0496858	0.153551
0.0479979	0.17235
0.0523907	0.17415
0.054947	0.177105
0.0571304	0.200366
0.0571267	0.197879
0.0486672	0.208188
0.0491375	0.204797
0.0528935	0.201757
0.0361876	0.194401
0.0149531	0.157411
0.0452207	0.147725
0.0641821	0.162459
0.0827287	0.156199
0.0585044	0.160723
0.0730675	0.156204
0.0855097	0.151076
0.0862951	0.138385
0.0901275	0.140793
0.0862197	0.139894
0.0762167	0.166626
0.077315	0.1556
0.0841982	0.158382
0.103099	0.153099
0.144214	0.146064
0.141738	0.148238
0.148739	0.140593
0.135842	0.134979
0.138775	0.134167
0.160907	0.139452
0.165194	0.147331
0.163905	0.144684
0.168539	0.110895
0.156618	0.126987
0.128307	0.13549
0.133385	0.133982
0.134818	0.137324
0.132382	0.130391
0.141205	0.135872
0.134448	0.130206
0.109862	0.154321
0.119947	0.155556
0.114333	0.134471
0.106866	0.148395
0.109408	0.1437
0.115749	0.145426
0.0993694	0.147127
0.110694	0.147312
0.111189	0.146342
0.0854259	0.159704
0.0824742	0.147852
0.0720523	0.146713
0.0484283	0.152327
0.0550192	0.155556
0.0585276	0.158954
0.0611551	0.160691
0.0713579	0.167701
0.0757255	0.151938
0.110688	0.1458
0.113916	0.145673
0.117386	0.146132
0.130019	0.159925
0.123972	0.157214
0.141334	0.143451
0.13867	0.129547
0.13019	0.136634
0.139433	0.14135
0.113529	0.156851
0.112594	0.16929
0.109506	0.161421
0.0962882	0.166979
0.0801134	0.168246
0.0675707	0.132061
0.0759587	0.100764
0.0827781	0.127128
0.0848076	0.0958484
0.0903401	0.106205
0.0929327	0.113617
0.0931005	0.109503
0.104109	0.13269
0.10421	0.130669
0.0851258	0.130096
0.0888271	0.132261
0.089616	0.137297
0.0733538	0.146437
0.0715364	0.146488
0.0806993	0.162282
0.0918898	0.16029
0.0846614	0.169329
0.0800953	0.158596
0.0750836	0.16008
0.0735368	0.161777
0.0671832	0.165405
0.0591037	0.172652
0.0567259	0.180373
0.0527247	0.168023
0.0607953	0.170573
0.0724399	0.180037
0.0837856	0.174942
0.0853251	0.174106
0.0818533	0.177911
0.0647059	0.160325
0.0638227	0.165223
0.0659352	0.176459
0.027422	0.172786
0.0323098	0.178193
0.0301603	0.180117
0.031706	0.179841
0.0244659	0.18823
0.0146096	0.186847
0.0105553	0.188109
-0.000160536	0.177342
-0.0060189	0.184977
-0.0494213	0.158613
-0.0532366	0.161733
-0.0586208	0.157984
-0.0582235	0.176003
-0.0591671	0.17066
-0.0934792	0.178187
-0.0851799	0.183878
-0.0817696	0.157121
-0.0826138	0.158684
-0.0938656	0.159291
-0.0974887	0.159487
-0.0998059	0.159415
-0.0841151	0.149942
-0.0616461	0.151567
-0.061925	0.167215
-0.065507	0.148329
-0.0806476	0.143745
-0.0845377	0.149534
-0.0895167	0.168722
-0.0833614	0.155013
-0.0897297	0.141801
-0.0803282	0.134781
-0.0855046	0.138617
-0.0805079	0.150695
-0.0901665	0.167281
-0.0880756	0.172805
-0.0897641	0.172399
-0.0932794	0.179123
-0.0957995	0.194242
-0.0952175	0.19184
-0.102476	0.173032
-0.106431	0.196008
-0.103858	0.217073
-0.110097	0.205083
-0.108932	0.198429
-0.106172	0.186129
-0.0978833	0.199604
-0.113139	0.231507
-0.105906	0.24174
-0.115083	0.230583
-0.113005	0.230408
-0.11705	0.217887
-0.110517	0.207001
-0.103473	0.210769
-0.103925	0.199556
-0.0786167	0.199751
-0.0707203	0.21087
-0.0656981	0.20675
-0.0595282	0.187094
-0.0617237	0.184309
-0.0615529	0.190006
-0.0742851	0.190014
-0.0555736	0.192853
-0.0457999	0.186086
-0.0305117	0.185689
-0.0280124	0.148827
-0.0184605	0.149372
-0.011929	0.158508
-0.0322637	0.143055
-0.0302476	0.143513
-0.0245065	0.155531
-0.0203325	0.172447
-0.00311162	0.176704
0.00334795	0.195871
0.00384236	0.199354
0.0106474	0.182458
0.0298296	0.170915
0.0392732	0.144812
0.0447273	0.149253
0.0470851	0.154106
0.0408332	0.143966
0.033895	0.156712
0.041956	0.133219
0.00360164	0.138484
0.0172467	0.157798
0.0183337	0.170211
0.019412	0.175078
0.0318176	0.183778
0.0298343	0.17132
0.029259	0.164987
0.0300069	0.17596
0.0293546	0.178492
0.035395	0.172701
0.0349418	0.174502
0.0379204	0.174396
0.0364782	0.168984
0.0406201	0.168411
0.0423536	0.17727
0.0465187	0.17701
0.0412964	0.153028
0.0457883	0.157709
0.0538741	0.141406
0.0757964	0.167282
0.0790797	0.167497
0.0771997	0.192569
0.0559567	0.197569
0.0350603	0.211502
0.0360082	0.203239
0.0368333	0.207676
0.0273068	0.187609
0.0277972	0.177032
0.030985	0.180332
0.0179304	0.18398
0.014555	0.190848
-0.00131961	0.153399
-0.0146362	0.151074
0.026063	0.13356
0.0331291	0.15021
0.0374749	0.156231
0.0459378	0.159767
0.0501512	0.164616
0.0566226	0.170715
0.060131	0.156558
0.0614617	0.159732
0.0639924	0.162899
0.0815419	0.19862
0.098544	0.187301
0.116305	0.209046
0.116703	0.198772
0.0982362	0.201552
0.0890971	0.185426
0.0840723	0.194507
0.0919821	0.192222
0.0908966	0.19814
0.0790046	0.198578
0.0706668	0.196361
0.0608491	0.19279
0.0518609	0.202108
0.0646249	0.186287
0.0663901	0.205248
0.0495091	0.183404
0.0482763	0.180536
0.0421915	0.179796
0.0347241	0.190457
0.0435021	0.193741
0.0571558	0.189548
0.0496017	0.180288
0.0428596	0.179866
0.0421583	0.18388
0.0402107	0.176877
0.0397195	0.178491
0.0405121	0.171372
0.0672746	0.185167
0.0640402	0.183698
0.0609485	0.182586
0.0774059	0.214385
0.0451	0.193685
0.0375819	0.202101
0.0246895	0.195538
0.0222802	0.190125
0.0241364	0.179853
0.0211615	0.181534
0.0155233	0.174711
0.0298879	0.177885
0.0239021	0.185921
0.0175216	0.2038
0.0181717	0.20983
-0.000478686	0.187027
-0.00229652	0.189862
-0.0144827	0.203702
-0.0140649	0.199139
-0.0162416	0.189212
-0.0111847	0.190232
-0.0115476	0.177885
-0.0164135	0.182787
-0.00385179	0.165147
-0.00130539	0.193864
-0.0130517	0.197457
-0.015173	0.195702
-0.0226808	0.193202
-0.028633	0.187183
-0.0313522	0.189591
-0.0171026	0.190042
-0.0285569	0.197619
-0.0153054	0.196466
-0.0399779	0.190199
-0.0421337	0.184332
-0.0282423	0.197373
-0.0276448	0.200111
-0.0418821	0.200366
-0.0440964	0.198462
-0.0515255	0.195858
-0.0604407	0.188029
-0.0617383	0.175857
-0.0539171	0.15809
-0.059797	0.146194
-0.0646978	0.134692
-0.081054	0.132251
-0.0862407	0.129575
-0.0960677	0.120641
-0.0934876	0.131845
-0.107919	0.128548
-0.125674	0.114491
-0.132148	0.111834
-0.136085	0.127116
-0.123325	0.10831
-0.128149	0.110563
-0.134387	0.115269
-0.137249	0.115546
-0.149956	0.13253
-0.14917	0.122662
-0.134463	0.118296
-0.164406	0.10639
-0.157044	0.112928
-0.152783	0.109019
-0.172942	0.0998858
-0.16215	0.101604
-0.155355	0.0882527
-0.148386	0.0892831
-0.154185	0.0762611
-0.141428	0.0923103
-0.148611	0.0941599
-0.152873	0.0846939
-0.14819	0.0905602
-0.153659	0.0984831
-0.151247	0.0899941
-0.139774	0.0800018
-0.142195	0.0620761
-0.145771	0.0613645
-0.144077	0.0728853
-0.14347	0.0757205
-0.148881	0.0844709
-0.166385	0.0875742
-0.164336	0.0876705
-0.19077	0.0964904
-0.178407	0.0915595
-0.183319	0.0963572
-0.180991	0.108631
-0.163542	0.118085
-0.192396	0.0950799
-0.154	0.113562
-0.129875	0.106162
-0.116866	0.105859
-0.106941	0.124057
-0.0905656	0.130528
-0.0930739	0.135645
-0.0900426	0.146383
-0.0960659	0.151165
-0.0948379	0.150702
-0.0798509	0.163135
-0.0738626	0.172078
-0.0784935	0.171564
-0.0668771	0.194519
-0.0635403	0.194264
-0.0590266	0.195698
-0.0518649	0.183847
-0.0513221	0.17214
-0.0465318	0.171843
-0.0595225	0.186542
-0.0421898	0.181954
-0.039518	0.177976
-0.0532614	0.191635
-0.0502054	0.191493
-0.0636767	0.189238
-0.0552528	0.218997
-0.0661989	0.213292
-0.0346858	0.227749
-0.0256182	0.225261
-0.0203741	0.210289
-0.0121768	0.188257
-0.0281027	0.190724
-0.00662561	0.188721
-0.0320039	0.187564
-0.0356307	0.190544
-0.023338	0.199917
-0.00821498	0.206974
-0.00669361	0.201882
-0.00109026	0.220465
0.00544373	0.23298
0.0351177	0.216445
0.0107002	0.227795
0.0170386	0.228736
0.0215533	0.229443
0.0508567	0.205635
0.0535889	0.212313
0.0530169	0.212038
0.0470926	0.210311
0.0483298	0.218317
0.0430466	0.197795
0.0255029	0.204212
0.0266281	0.217407
0.03404	0.209428
0.0392778	0.214768
0.0210154	0.200314
0.0310786	0.202278
0.0333224	0.195621
0.0357382	0.195192
0.039844	0.191784
0.0445111	0.180286
0.0462658	0.182844
0.0554671	0.186454
0.0576786	0.194456
0.0383613	0.165167
0.0502501	0.13647
0.0567008	0.149239
0.0417236	0.145186
0.0545121	0.145531
0.0610668	0.145912
0.065897	0.136289
0.0549725	0.131305
0.0608329	0.129947
0.0680617	0.149531
0.0927172	0.144552
0.0779418	0.152977
0.0818118	0.153488
0.0806464	0.158486
0.0855094	0.150443
0.0871424	0.162125
0.0865892	0.156615
0.0941855	0.160322
0.095283	0.161556
0.101586	0.160094
0.102283	0.170038
0.112634	0.167725
0.108009	0.203262
0.101715	0.201792
0.100503	0.205081
0.112479	0.201489
0.120335	0.199782
0.117845	0.185212
0.108731	0.201235
0.108277	0.192649
0.110829	0.189172
0.118813	0.196368
0.118226	0.180018
0.135419	0.162945
0.130099	0.157288
0.117088	0.147952
0.11644	0.175577
0.100929	0.151955
0.121306	0.141443
0.115782	0.142536
0.119718	0.145105
0.137109	0.140149
0.145615	0.138414
0.143425	0.140475
0.150049	0.142497
0.166953	0.13996
0.163753	0.138596
0.171204	0.135802
0.192894	0.112879
0.190296	0.109597
0.189857	0.108433
0.183889	0.116933
0.165924	0.109483
0.162287	0.103822
0.156984	0.088571
0.15584	0.0899167
0.158879	0.0786084
0.161511	0.0774842
0.167495	0.0811326
0.16828	0.0852604
0.16976	0.0889457
0.16397	0.104162
0.183373	0.110295
0.178526	0.103088
0.174618	0.109744
0.150468	0.113433
0.138544	0.100279
0.160432	0.11171
0.157754	0.112312
0.155173	0.114289
0.139798	0.12957
0.131305	0.112557
0.14074	0.107256
0.14974	0.117553
0.148131	0.118592
0.148326	0.106792
0.165757	0.108844
0.163791	0.110666
0.174268	0.110992
0.18551	0.102212
0.184081	0.0936337
0.191526	0.0915907
0.191476	0.0716874
0.184684	0.0742209
0.182429	0.0707906
0.206861	0.0717415
0.213543	0.0924786
0.192389	0.125322
0.188704	0.130607
0.178275	0.105992
0.175377	0.0989203
0.170261	0.0983671
0.16828	0.0975829
0.153666	0.126637
0.138621	0.156718
0.134544	0.154017
0.143478	0.171224
0.136271	0.170837
0.127573	0.180382
0.114386	0.17439
0.100367	0.169586
0.0893065	0.173299
0.0765607	0.178339
0.0777133	0.192773
0.0746859	0.191115
0.0257689	0.199519
0.0375479	0.218223
0.0170582	0.218468
0.0414727	0.19025
0.0343984	0.188413
0.0211555	0.181853
0.0177364	0.182558
0.0312409	0.182
0.0280765	0.202126
0.0279986	0.182114
0.0253521	0.185414
0.0120715	0.183084
0.00950675	0.184631
0.00811027	0.184938
-0.000763925	0.198077
-0.0355898	0.218538
-0.0429458	0.235558
-0.0282609	0.242703
-0.0279239	0.214953
-0.0320483	0.207782
-0.0340925	0.219462
-0.0344061	0.213674
-0.0368361	0.209854
-0.0261911	0.194456
-0.0410698	0.197924
-0.0452136	0.195392
-0.0472769	0.19249
-0.0730988	0.197207
-0.0725157	0.184603
-0.0882929	0.179359
-0.0913201	0.154547
-0.0756576	0.15241
-0.0954487	0.161152
-0.0900101	0.155746
-0.119581	0.171004
-0.118852	0.162177
-0.119675	0.160386
-0.119783	0.136106
-0.134101	0.157384
-0.13433	0.170017
-0.128457	0.18596
-0.131051	0.148401
-0.109065	0.152617
-0.120967	0.159983
-0.132013	0.176929
-0.143052	0.173791
-0.10874	0.179577
-0.0942515	0.191474
-0.116539	0.177619
-0.114504	0.161993
-0.100446	0.182508
-0.0898776	0.169792
-0.0815836	0.16062
-0.0780982	0.163883
-0.0802998	0.177976
-0.0953	0.1803
-0.0992833	0.159932
-0.125486	0.169544
-0.116449	0.174011
-0.125391	0.168439
-0.113663	0.164017
-0.118417	0.166936
-0.120858	0.163508
-0.115527	0.159411
-0.123979	0.156444
-0.123006	0.151065
-0.140514	0.152538
-0.162901	0.128723
-0.166001	0.126572
-0.154475	0.143429
-0.146939	0.131018
-0.154222	0.11642
-0.163665	0.105718
-0.178509	0.12153
-0.177335	0.124787
-0.186871	0.130182
-0.182933	0.12672
-0.176186	0.113344
-0.196053	0.104303
-0.167107	0.111145
-0.166783	0.10689
-0.177362	0.0882451
-0.185441	0.0803543
-0.181126	0.0768035
-0.17761	0.0806071
-0.1586	0.0859935
-0.17828	0.102553
-0.174158	0.0991223
-0.170142	0.0992729
-0.207631	0.111742
-0.198841	0.11259
-0.211595	0.0988487
-0.207755	0.0835555
-0.213054	0.0961083
-0.197214	0.0764755
-0.188274	0.0819861
-0.182897	0.0905148
-0.194003	0.108986
-0.18165	0.10666
-0.194425	0.092551
-0.190621	0.0951156
-0.165155	0.106594
-0.17586	0.0835179
-0.168311	0.090881
-0.163811	0.0918882
-0.145472	0.0826954
-0.134466	0.0870768
-0.142162	0.0916747
-0.146191	0.0916136
-0.157919	0.0982718
-0.139049	0.103495
-0.129891	0.112785
-0.109435	0.12906
-0.106835	0.0990512
-0.11574	0.105291
-0.123541	0.12273
-0.110447	0.1417
-0.120259	0.135463
-0.133816	0.126597
-0.144377	0.119883
-0.13613	0.14482
-0.123954	0.128298
-0.12173	0.127117
-0.126913	0.121601
-0.127276	0.123958
-0.137141	0.124234
-0.129165	0.137611
-0.112484	0.131354
-0.110882	0.137444
-0.0976409	0.135767
-0.0978942	0.133782
-0.0973415	0.143083
-0.0929482	0.146416
-0.102008	0.136278
-0.101721	0.140292
-0.0962997	0.142878
-0.0897083	0.154453
-0.0871483	0.158132
-0.0871226	0.161863
-0.0905299	0.160728
-0.0962046	0.160225
-0.0989828	0.152913
-0.0976359	0.157131
-0.0898315	0.165007
-0.0738499	0.175512
-0.0421832	0.175649
-0.0390902	0.178342
-0.0248984	0.142964
-0.0221136	0.148453
-0.0483104	0.143291
-0.0566988	0.166319
-0.040196	0.162691
-0.0457839	0.164291
-0.0478441	0.163932
-0.0609224	0.146863
-0.0555294	0.135391
-0.0541837	0.142972
-0.0346482	0.15175
-0.0332653	0.15628
-0.0213701	0.173586
-0.0184881	0.176654
0.00375317	0.179533
-0.00106322	0.216717
0.00521346	0.221731
0.0117488	0.225128
0.0150536	0.218596
0.0028403	0.192885
0.00600114	0.187444
0.00824147	0.202031
0.0213709	0.204619
0.0281944	0.206515
0.0318297	0.202132
0.0448468	0.202565
0.0658399	0.18081
0.091004	0.168975
0.0937479	0.164577
0.0689365	0.171234
0.0719794	0.172102
0.0731152	0.178788
0.0668572	0.183644
0.0324841	0.192374
0.0342813	0.193245
0.0340148	0.194435
0.0377743	0.192513
0.0430794	0.189059
0.0535465	0.18091
0.0465344	0.175848
0.0499032	0.176843
0.0355617	0.186023
0.0450063	0.199897
0.0480505	0.195469
0.0504559	0.180541
0.0607324	0.188341
0.0660595	0.186667
0.0731822	0.182581
0.0709921	0.155219
0.0689293	0.1596
0.0695689	0.161732
0.0623548	0.157913
0.0564591	0.1693
0.0653852	0.188293
0.06962	0.187493
0.0964872	0.159782
0.0988249	0.152524
0.0815658	0.128131
0.0797985	0.127967
0.083676	0.13188
0.0919221	0.13125
0.11019	0.129758
0.115833	0.128851
0.130542	0.137798
0.151484	0.137427
0.142082	0.133606
0.128585	0.100457
0.129047	0.112121
0.149295	0.0936156
0.169577	0.0882337
0.136939	0.0639968
0.145599	0.0600738
0.151139	0.0284142
0.191537	0.0393786
0.209551	0.0341234
0.205325	0.0332934
0.20761	0.0386921
0.188496	0.0174944
0.199606	0.0121011
0.184332	0.00710071
0.178996	0.012723
0.174037	0.0102836
0.184666	-0.00180698
0.221125	0.0173603
0.217072	0.0190617
0.223575	-0.0026474
0.208964	-0.00259187
0.177786	-0.0227694
0.178556	-0.0205321
0.172685	-0.032187
0.162945	-0.0704483
0.164282	-0.0654519
0.174747	-0.0584262
0.177581	-0.0493123
0.193494	-0.0676778
0.202743	-0.0485282
0.190942	-0.0448509
0.18311	-0.0399902
0.199249	-0.0487623
0.186376	-0.0495804
0.181694	-0.0572094
0.186284	-0.0539455
0.176307	-0.0536517
0.182177	-0.0479362
0.175796	-0.057351
0.162847	-0.0632326
0.171701	-0.0592649
0.168353	-0.0699999
0.184099	-0.0682352
0.186444	-0.0720158
0.186258	-0.0688758
0.188621	-0.0757163
0.180334	-0.0827601
0.169226	-0.0621161
0.175086	-0.09028
0.173805	-0.06587
0.186413	-0.0457605
0.182715	-0.0475656
0.177959	-0.0512288
0.186254	-0.0395407
0.187387	-0.0375527
0.191651	-0.0354709
0.195734	-0.0309147
0.178969	-0.0469303
0.172301	-0.0484059
0.176873	-0.0477619
0.183615	-0.0524797
0.181682	-0.0397032
0.132541	-0.020699
0.118399	-0.0355698
0.108346	-0.0318116
0.117352	-0.0163782
0.128302	-0.0184558
0.132735	-0.019162
0.140237	-0.0375206
0.142407	-0.0296304
0.13394	-0.0373152
0.151555	-0.0214724
0.163677	-0.0429899
0.167524	-0.0466581
0.158932	-0.0174223
0.16134	-0.0275223
0.169104	-0.0350089
0.165874	-0.0302946
0.165264	-0.0405853
0.172438	-0.0423698
0.208612	-0.0404808
0.203303	-0.039812
0.18545	-0.065305
0.188804	-0.0541377
0.186728	-0.0488397
0.178356	-0.0630619
0.170082	-0.0619106
0.153785	-0.0819065
0.153337	-0.0837499
0.132529	-0.0717385
0.127882	-0.0617643
0.128634	-0.0741511
0.13459	-0.0740698
0.145919	-0.0742677
0.154349	-0.0923763
0.148407	-0.106355
0.165251	-0.11917
0.180002	-0.121842
0.182423	-0.131274
0.166125	-0.134899
0.163273	-0.14064
0.161494	-0.13733
0.160488	-0.143504
0.156017	-0.151347
0.15184	-0.147782
0.149814	-0.14399
0.14215	-0.147899
0.101392	-0.125395
0.103479	-0.125282
0.118096	-0.130255
0.127641	-0.142081
0.113016	-0.137178
0.103406	-0.142246
0.060781	-0.115994
0.0631415	-0.124822
0.0666955	-0.119857
0.0700011	-0.133302
0.0657589	-0.141383
0.0622913	-0.140871
0.0785321	-0.164333
0.0593429	-0.161432
0.0592068	-0.171674
0.0577202	-0.173642
0.0582867	-0.209725
0.0538846	-0.20553
0.0515525	-0.191418
0.0486247	-0.19068
0.0549429	-0.177533
0.0542362	-0.186439
0.0230686	-0.190101
0.0360502	-0.186654
0.033498	-0.201649
0.0230877	-0.203665
0.0224473	-0.217669
0.0390914	-0.208629
0.0288964	-0.21437
0.00705118	-0.219947
0.0012953	-0.21255
0.00213961	-0.209099
0.00380788	-0.222545
0.0096854	-0.186963
0.00786543	-0.186339
0.01141	-0.191158
0.00963529	-0.195556
-0.0094019	-0.196572
-0.0168593	-0.196872
-0.0247414	-0.209876
-0.026893	-0.209005
-0.0200469	-0.212811
-0.0239366	-0.210409
-0.0298427	-0.19701
-0.0232206	-0.198011
0.000247547	-0.199608
-0.004902	-0.190695
-0.0113352	-0.190396
0.0204702	-0.203501
0.0209647	-0.203201
0.0116386	-0.205868
0.00779789	-0.203764
0.00487728	-0.201612
0.0111852	-0.185752
0.021988	-0.181281
0.0227591	-0.179534
0.024562	-0.179781
-0.000387693	-0.164156
-0.00424961	-0.167024
0.00813755	-0.17784
0.00103635	-0.18844
-0.0113354	-0.19624
-0.0132255	-0.196014
0.00167243	-0.194575
-0.00319692	-0.200502
-0.0133077	-0.200093
0.0144292	-0.175119
0.0138167	-0.174152
0.0112022	-0.173809
0.00523114	-0.181261
-0.000921721	-0.185
-0.0053095	-0.186703
0.012071	-0.211473
-0.0010055	-0.214117
-0.00300637	-0.211891
0.00554027	-0.182825
0.00118506	-0.184608
0.000829948	-0.188083
0.00744133	-0.186246
0.0023473	-0.198836
0.00163293	-0.180349
0.00250135	-0.188439
0.00564897	-0.176822
0.0115077	-0.185015
0.0145062	-0.198436
0.0157407	-0.196314
0.0235759	-0.194409
0.0198152	-0.202508
0.0203021	-0.200194
0.0100287	-0.202951
0.00868576	-0.202378
0.00763548	-0.203946
0.00964937	-0.201729
-0.016212	-0.238645
-0.0309396	-0.242442
-0.0323989	-0.233397
-0.0133497	-0.210365
-0.00936386	-0.240507
-0.0074438	-0.232815
-0.00574043	-0.229874
0.000981677	-0.234436
-0.00202656	-0.227889
0.0100602	-0.209506
0.0229437	-0.204535
0.0260952	-0.197874
0.00250541	-0.196698
-0.00158043	-0.210021
-0.00221081	-0.20494
-0.000445637	-0.209192
0.000643942	-0.209681
0.00238845	-0.227468
0.00427488	-0.211407
0.00652672	-0.198159
0.00905997	-0.178512
0.00743477	-0.179365
0.00720079	-0.191536
0.0119146	-0.172983
0.0121314	-0.147138
0.00109221	-0.145626
-0.0106712	-0.12872
-0.00285544	-0.148918
-0.0124619	-0.140724
-0.0134893	-0.149952
-0.00334567	-0.170865
-0.0134436	-0.17673
-0.0298136	-0.179306
-0.0379597	-0.182963
-0.0448277	-0.175202
-0.0423244	-0.188962
-0.0496152	-0.190458
-0.0503302	-0.183077
-0.034599	-0.200716
-0.0488696	-0.195636
-0.0430771	-0.191048
-0.0438967	-0.183125
-0.0344202	-0.16694
-0.0388409	-0.17442
-0.0392837	-0.174833
-0.0491547	-0.160878
-0.0618801	-0.167514
-0.0618697	-0.165453
-0.0632785	-0.166286
-0.0728632	-0.175874
-0.077768	-0.190943
-0.0630161	-0.189396
-0.0734315	-0.190231
-0.0939775	-0.193663
-0.0706548	-0.191241
-0.0758059	-0.169434
-0.0668956	-0.175213
-0.065264	-0.172789
-0.0879054	-0.156903
-0.0906875	-0.139815
-0.0894557	-0.101325
-0.0948282	-0.0824078
-0.11004	-0.078902
-0.117672	-0.0837599
-0.129074	-0.094106
-0.103024	-0.0816882
-0.0921386	-0.0793338
-0.109009	-0.0751339
-0.110404	-0.0868393
-0.115164	-0.0854738
-0.136771	-0.10295
-0.146268	-0.11688
-0.146686	-0.122737
-0.147527	-0.108771
-0.142511	-0.109949
-0.12658	-0.124895
-0.155046	-0.122068
-0.152208	-0.125366
-0.138765	-0.138546
-0.157819	-0.143058
-0.161041	-0.138854
-0.174053	-0.131484
-0.178409	-0.1124
-0.175719	-0.101377
-0.175542	-0.0997969
-0.163404	-0.0794124
-0.172281	-0.0783213
-0.174643	-0.0770127
-0.167836	-0.0832329
-0.173224	-0.0912548
-0.177743	-0.105342
-0.183751	-0.0991359
-0.168662	-0.0840232
-0.158269	-0.0686418
-0.159442	-0.0663956
-0.155428	-0.0853806
-0.178537	-0.0915261
-0.170137	-0.0875178
-0.164361	-0.0989027
-0.151003	-0.100231
-0.152177	-0.101482
-0.163356	-0.122273
-0.148689	-0.113891
-0.144842	-0.119993
-0.145658	-0.130884
-0.143694	-0.137971
-0.160381	-0.153894
-0.158391	-0.138583
-0.152813	-0.162509
-0.144491	-0.177808
-0.132499	-0.172484
-0.154259	-0.168843
-0.145356	-0.182737
-0.136979	-0.170376
-0.148676	-0.180253
-0.128766	-0.184681
-0.128375	-0.189445
-0.131918	-0.16464
-0.144422	-0.158217
-0.161639	-0.133248
-0.160591	-0.128536
-0.178222	-0.11357
-0.166555	-0.104207
-0.16973	-0.101804
-0.166182	-0.0960248
-0.169637	-0.0963279
-0.164825	-0.0978858
-0.16038	-0.0939618
-0.166319	-0.095849
-0.183437	-0.0979796
-0.191598	-0.0928372
-0.192531	-0.067486
-0.190507	-0.0586138
-0.188283	-0.0548189
-0.174159	-0.0602578
-0.174488	-0.0603089
-0.174169	-0.0556257
-0.178697	-0.0473285
-0.181787	-0.0463111
-0.147908	-0.0550732
-0.166251	-0.077073
-0.175612	-0.07879
-0.175982	-0.0851219
-0.176476	-0.0503588
-0.186967	-0.0545667
-0.180353	-0.0584998
-0.180297	-0.0510576
-0.183132	-0.0415319
-0.179526	-0.0430245
-0.179596	-0.0339486
-0.191686	-0.0436848
-0.190618	-0.0469445
-0.194559	-0.0530112
-0.201249	-0.0484009
-0.184401	-0.0551842
-0.167124	-0.0785117
-0.168468	-0.0801439
-0.166168	-0.0807975
-0.165578	-0.0837159
-0.163129	-0.0836888
-0.148253	-0.0701799
-0.128339	-0.0540907
-0.134792	-0.0482211
-0.127032	-0.065766
-0.151072	-0.0562334
-0.170362	-0.080882
-0.166409	-0.070505
-0.162067	-0.0746564
-0.160717	-0.0615239
-0.174336	-0.0757117
-0.171614	-0.0835285
-0.169738	-0.0844707
-0.154501	-0.0908016
-0.151253	-0.0949087
-0.159996	-0.106766
-0.16831	-0.100018
-0.195334	-0.0915214
-0.209389	-0.0868992
-0.20975	-0.110849
-0.211091	-0.103108
-0.224337	-0.105727
-0.221822	-0.100679
-0.206002	-0.0843843
-0.201191	-0.0872237
-0.210034	-0.111137
-0.20776	-0.10747
-0.191805	-0.123509
-0.192912	-0.121076
-0.18677	-0.121562
-0.17387	-0.140945
-0.160738	-0.143906
-0.196495	-0.144023
-0.187907	-0.133166
-0.14887	-0.119943
-0.126643	-0.141644
-0.126358	-0.155009
-0.13083	-0.15765
-0.128659	-0.159017
-0.119546	-0.142935
-0.100986	-0.144907
-0.101121	-0.149665
-0.0861675	-0.158539
-0.0958159	-0.194062
-0.0803873	-0.182599
-0.079914	-0.176313
-0.0803767	-0.171555
-0.0872811	-0.193655
-0.081969	-0.188029
-0.0867508	-0.175191
-0.0802541	-0.170423
-0.0803913	-0.188503
-0.064776	-0.177556
-0.0640673	-0.181201
-0.0659561	-0.157331
-0.0714057	-0.156494
-0.0629273	-0.156797
-0.0578833	-0.159432
-0.0641323	-0.141283
-0.0797687	-0.115859
-0.0816394	-0.12385
-0.065087	-0.133647
-0.0699184	-0.132858
-0.0693442	-0.144688
-0.06237	-0.155363
-0.0363018	-0.179933
-0.0419844	-0.186787
-0.0345935	-0.172022
-0.021556	-0.172732
-0.0223715	-0.166041
-0.0197551	-0.16995
-0.0297726	-0.177062
-0.0275112	-0.175368
-0.0251795	-0.168777
-0.0161456	-0.200671
-0.0156996	-0.201561
-0.00620467	-0.184005
-0.00313535	-0.185212
0.0041492	-0.183538
0.0115875	-0.197585
0.00367752	-0.170358
-0.00499636	-0.167994
-0.00418896	-0.189927
-0.0266127	-0.178652
-0.0414823	-0.169571
-0.039558	-0.175878
-0.0386107	-0.177691
-0.0317609	-0.183325
-0.0235168	-0.191495
-0.0115142	-0.198645
-0.0082982	-0.1973
-0.0278611	-0.173039
-0.0250035	-0.175846
-0.0315286	-0.174107
-0.0360262	-0.16626
-0.0224343	-0.176959
-0.0339796	-0.175466
-0.0313438	-0.179965
-0.0614517	-0.170007
-0.0579712	-0.172459
-0.0609955	-0.186264
-0.0439652	-0.184657
-0.0516007	-0.192617
-0.0429784	-0.189675
-0.0544728	-0.187004
-0.0826751	-0.203845
-0.079912	-0.209313
-0.0784313	-0.213171
-0.0760924	-0.199407
-0.0723439	-0.200869
-0.0448485	-0.214883
-0.0351427	-0.212963
-0.030262	-0.208536
-0.000620175	-0.212921
0.0311204	-0.219555
0.0321801	-0.215723
0.0369574	-0.2186
0.0347395	-0.217801
0.0410284	-0.220458
0.0354206	-0.203658
0.0295078	-0.209296
0.0380685	-0.207439
0.0351215	-0.212762
0.0357416	-0.207797
0.0169209	-0.207923
0.012355	-0.205481
0.0131763	-0.208443
0.0176574	-0.206359
0.0137219	-0.221178
0.0232624	-0.21747
0.0282093	-0.213196
0.0219096	-0.194558
0.0228174	-0.19272
0.0441027	-0.219
0.0521923	-0.202633
0.0572275	-0.203935
0.0594086	-0.200043
0.0672368	-0.198753
0.0677743	-0.197864
0.0603885	-0.207889
0.0621676	-0.203193
0.062403	-0.194843
0.055933	-0.179962
0.0605787	-0.18095
0.0377752	-0.180518
0.0592667	-0.172622
0.0419454	-0.154883
0.0261344	-0.15548
0.0695184	-0.192601
0.0828543	-0.187748
0.0916838	-0.180393
0.0840474	-0.187057
0.0802921	-0.20714
0.0739131	-0.203227
0.0852459	-0.170664
0.109223	-0.143748
0.108788	-0.139961
0.0965077	-0.13399
0.0920043	-0.140638
0.0989874	-0.143254
0.10152	-0.144102
0.0866287	-0.146749
0.0906813	-0.150161
0.0874605	-0.150381
0.0871161	-0.153401
0.0766553	-0.145868
0.0795998	-0.149353
0.0993264	-0.152469
0.109191	-0.15411
0.103455	-0.152313
0.0809061	-0.131988
0.0887505	-0.118642
0.0951418	-0.124318
0.1108	-0.127341
0.12101	-0.117847
0.128267	-0.117918
0.128348	-0.116821
0.150733	-0.108364
0.142528	-0.1206
0.137703	-0.12748
0.141319	-0.127415
0.182607	-0.10803
0.187017	-0.106427
0.1687	-0.117364
0.16073	-0.130927
0.159253	-0.124009
0.162473	-0.141412
0.152183	-0.134782
0.126971	-0.147588
0.132427	-0.12853
0.1356	-0.123817
0.139534	-0.123089
0.159562	-0.132134
0.159104	-0.128712
0.159793	-0.12476
0.160414	-0.122781
0.160312	-0.105847
0.154841	-0.110284
0.138292	-0.113794
0.142578	-0.125081
0.129648	-0.144818
0.135754	-0.113836
0.144507	-0.114848
0.136437	-0.132123
0.162303	-0.150552
0.141177	-0.167244
0.148633	-0.143952
0.147722	-0.140758
0.145405	-0.134085
0.161273	-0.147889
0.137147	-0.144287
0.140776	-0.144004
0.14598	-0.149206
0.148813	-0.175662
0.151074	-0.16869
0.147836	-0.177444
0.156135	-0.178456
0.141404	-0.171797
0.144172	-0.167856
0.161531	-0.155927
0.162443	-0.161125
0.162505	-0.163481
0.175123	-0.162947
0.178388	-0.176976
0.17507	-0.169288
0.159745	-0.156362
0.175318	-0.161971
0.175637	-0.164227
0.179687	-0.17259
0.164544	-0.147016
0.138417	-0.165969
0.13689	-0.161827
0.126205	-0.170011
0.14687	-0.15067
0.144942	-0.162257
0.143449	-0.15892
0.123607	-0.145801
0.112751	-0.147819
0.107752	-0.150571
0.111501	-0.148984
0.120815	-0.174071
0.124119	-0.176889
0.154949	-0.174961
0.139167	-0.1673
0.131228	-0.166924
0.129902	-0.149249
0.126158	-0.161788
0.107847	-0.159379
0.117285	-0.167355
0.111584	-0.150124
0.121785	-0.165688
0.107048	-0.168704
0.0769718	-0.166242
0.0761511	-0.173941
0.0548326	-0.161613
0.0481256	-0.162667
0.060931	-0.16046
0.0611215	-0.166926
0.0616301	-0.13489
0.0621172	-0.158264
0.0697104	-0.151414
0.071732	-0.155558
0.0962624	-0.161773
0.092261	-0.184723
0.0860684	-0.178967
0.073053	-0.199968
0.0690343	-0.19698
0.0582789	-0.204302
0.0471291	-0.205323
0.0186916	-0.19658
0.0189142	-0.210407
0.0109347	-0.182638
0.000519913	-0.196709
-0.00622415	-0.193714
-0.0347976	-0.176056
-0.0297109	-0.162001
0.00606315	-0.153296
-0.00136714	-0.131037
-0.00644001	-0.142463
-0.0188391	-0.11932
-0.031507	-0.139812
-0.0300702	-0.143014
-0.0336631	-0.148131
-0.0495346	-0.13973
-0.0560667	-0.143613
-0.0515019	-0.16772
-0.058665	-0.174641
-0.0599507	-0.184631
-0.0636914	-0.194523
-0.0584483	-0.188881
-0.0980872	-0.171639
-0.0976214	-0.180165
-0.103108	-0.155189
-0.108029	-0.16315
-0.109321	-0.158326
-0.100258	-0.151807
-0.117279	-0.183988
-0.126914	-0.176061
-0.122546	-0.173301
-0.124831	-0.165878
-0.122086	-0.166133
-0.12028	-0.160747
-0.115869	-0.152833
-0.12299	-0.152213
-0.105595	-0.152836
-0.114876	-0.147379
-0.130381	-0.135427
-0.137026	-0.120022
-0.133918	-0.131115
-0.135166	-0.130341
-0.167384	-0.128582
-0.166719	-0.129366
-0.173909	-0.143854
-0.166907	-0.146326
-0.153416	-0.141195
-0.131346	-0.140583
-0.129492	-0.138419
-0.119837	-0.131968
-0.131787	-0.15074
-0.127941	-0.151516
-0.123601	-0.138226
-0.124722	-0.141056
-0.121529	-0.142746
-0.12055	-0.149036
-0.124198	-0.153765
-0.121071	-0.15514
-0.0901822	-0.159582
-0.0771118	-0.169216
-0.095889	-0.17464
-0.0708891	-0.181882
-0.0401684	-0.193476
-0.0465417	-0.187012
-0.0429733	-0.187373
-0.0382944	-0.189783
-0.0414831	-0.155821
-0.0146088	-0.157868
-0.00136316	-0.156589
0.000610044	-0.161921
-0.00977927	-0.168757
-0.0175641	-0.175174
-0.0226689	-0.175051
-0.0210202	-0.188924
-0.020483	-0.18996
-0.0270504	-0.170792
-0.0240412	-0.174133
-0.0278116	-0.185942
-0.0112673	-0.190934
-0.041446	-0.188747
-0.0228291	-0.207833
-0.0321756	-0.205346
-0.0357592	-0.16952
-0.0196848	-0.172961
-0.0018336	-0.176831
0.00841718	-0.163765
-0.0153133	-0.163994
-0.010131	-0.172131
-0.0157471	-0.174875
-0.0395857	-0.160236
-0.0436462	-0.149036
-0.0347928	-0.131313
-0.0250728	-0.140799
-0.00795816	-0.149575
0.00016488	-0.154202
-0.00414588	-0.16068
0.000104525	-0.165081
0.00258803	-0.169488
-0.005788	-0.167214
-0.011484	-0.172142
-0.00931178	-0.176391
-0.0011985	-0.16847
0.0038267	-0.168476
0.00345627	-0.177183
-0.00076684	-0.172512
-0.0206931	-0.177044
-0.0149045	-0.180655
0.00273913	-0.188215
0.00221967	-0.213918
-0.0170532	-0.211979
-0.0191726	-0.219907
-0.003755	-0.200481
-0.00478325	-0.182082
0.00295602	-0.192702
0.00212485	-0.20449
0.00790917	-0.194516
0.00885567	-0.192307
-0.0159061	-0.173209
-0.0231984	-0.174751
-0.0328846	-0.145284
-0.0335922	-0.165984
-0.0326336	-0.163887
-0.0324385	-0.167263
-0.0136594	-0.183749
-0.00954748	-0.185398
-0.0356149	-0.19596
-0.0409737	-0.199957
-0.0658947	-0.206396
-0.0460856	-0.209051
-0.0371348	-0.205809
-0.0291355	-0.191835
-0.0224022	-0.189562
-0.0146217	-0.182972
0.00690769	-0.188807
0.00506871	-0.183044
0.0160226	-0.177147
0.0400225	-0.196647
0.0444679	-0.20715
0.0465903	-0.179828
0.0412771	-0.193926
0.0490198	-0.18682
0.0553421	-0.171487
0.0493933	-0.176954
0.0456385	-0.176906
0.0536803	-0.169853
0.101744	-0.174849
0.0956586	-0.168866
0.0928948	-0.188586
0.0687649	-0.150868
0.0789012	-0.166234
0.0793264	-0.156031
0.0877999	-0.153108
0.0965392	-0.16647
0.110291	-0.188701
0.11358	-0.188358
0.113928	-0.186378
0.14588	-0.174077
0.129598	-0.172235
0.121201	-0.175053
0.117299	-0.168408
0.0854846	-0.167137
0.0898332	-0.163814
0.0751441	-0.155181
0.0888067	-0.158041
0.0935024	-0.16099
0.111515	-0.147115
0.117745	-0.144691
0.111588	-0.151471
0.119131	-0.150993
0.117072	-0.163395
0.11373	-0.173365
0.11935	-0.172162
0.105604	-0.17318
0.0941685	-0.177139
0.112726	-0.162367
0.119258	-0.154296
0.132725	-0.149299
0.124934	-0.143168
0.105217	-0.154441
0.135916	-0.122718
0.121551	-0.123064
0.119798	-0.117633
0.130589	-0.108883
0.130186	-0.110078
0.128901	-0.11138
0.129296	-0.109977
0.129906	-0.108661
0.136904	-0.128198
0.145553	-0.140064
0.140357	-0.140007
0.128122	-0.115953
0.10824	-0.10361
0.107899	-0.111274
0.127354	-0.120279
0.133449	-0.140734
0.132989	-0.151026
0.100716	-0.170619
0.0800632	-0.158925
0.0905052	-0.157371
0.0979171	-0.147714
0.106257	-0.184265
0.108846	-0.202043
0.102117	-0.197061
0.0923932	-0.194438
0.095415	-0.17621
0.084054	-0.170846
0.0876478	-0.171856
0.098077	-0.157367
0.0901959	-0.174342
0.0761779	-0.164912
0.0548529	-0.16558
0.0636646	-0.166533
0.0515119	-0.162463
0.0485869	-0.154427
0.0593144	-0.142208
0.0605116	-0.167552
0.0658508	-0.175881
0.0517659	-0.175316
0.0532804	-0.162503
0.0271257	-0.165295
0.016196	-0.17777
-0.00819031	-0.195818
-0.00767567	-0.194234
-0.0103118	-0.194394
-0.0272846	-0.18831
-0.0305532	-0.193651
-0.0418293	-0.187949
-0.0405185	-0.194771
-0.0421048	-0.191492
-0.0508214	-0.206025
-0.0466408	-0.192216
-0.0470213	-0.191598
-0.0491935	-0.164979
-0.0253507	-0.165904
-0.0263264	-0.166633
-0.0381594	-0.182752
-0.043226	-0.209635
-0.0404557	-0.208195
-0.0491035	-0.223371
-0.026293	-0.197279
-0.0424382	-0.205187
-0.0470468	-0.217693
-0.0376098	-0.211392
-0.0526367	-0.198008
-0.0616549	-0.209727
-0.0655862	-0.217208
-0.0838488	-0.204378
-0.0718687	-0.192009
-0.0835829	-0.174858
-0.0852266	-0.177503
-0.0846546	-0.179249
-0.102389	-0.190846
-0.0875586	-0.197577
-0.0922479	-0.194784
-0.070523	-0.184414
-0.0880465	-0.1788
-0.111929	-0.176212
-0.117529	-0.177408
-0.107944	-0.179477
-0.0896402	-0.161934
-0.0944345	-0.166301
-0.0869743	-0.168629
-0.0770308	-0.181171
-0.0948705	-0.177383
-0.0916062	-0.183197
-0.0887481	-0.166689
-0.0908828	-0.166086
-0.0891111	-0.151794
-0.0787988	-0.176286
-0.0936303	-0.186382
-0.0926284	-0.1811
-0.0891439	-0.180473
-0.08946	-0.170954
-0.0727778	-0.171833
-0.0697834	-0.16446
-0.0710345	-0.166374
-0.076701	-0.162956
-0.0804264	-0.146125
-0.0985197	-0.170553
-0.0970023	-0.170861
-0.0986185	-0.169276
-0.102535	-0.165843
-0.0930888	-0.166471
-0.0984458	-0.161562
-0.0776648	-0.151406
-0.0622639	-0.157625
-0.0656948	-0.160783
-0.0602829	-0.165428
-0.0585813	-0.174344
-0.0535968	-0.162845
-0.0478804	-0.174751
-0.0385116	-0.186007
-0.0602611	-0.155768
-0.0299825	-0.149167
0.00205549	-0.162794
-0.00198875	-0.157935
0.00531952	-0.163806
-0.00598627	-0.163106
-0.00229153	-0.168678
-0.00691164	-0.175116
0.0110805	-0.150315
0.00654883	-0.168783
0.00642769	-0.172262
0.00894614	-0.173053
0.00861156	-0.185145
0.0118733	-0.186137
0.0664024	-0.195077
0.0661903	-0.196779
0.065613	-0.202877
0.0763168	-0.215428
0.0742465	-0.228229
0.0785363	-0.22659
0.0775071	-0.218698
0.0706436	-0.22262
0.0681197	-0.209348
0.0815617	-0.204694
0.0623817	-0.203941
0.0570563	-0.203355
0.0553584	-0.210045
0.0511524	-0.205942
0.0500914	-0.207706
0.0292331	-0.204357
0.00479222	-0.200645
0.00715035	-0.188715
0.00244081	-0.191804
-0.0011439	-0.203221
0.000348276	-0.200814
0.00382059	-0.201146
0.0186481	-0.194911
0.0146524	-0.205721
0.00890235	-0.200896
0.00986838	-0.224759
0.00760653	-0.228745
0.0253703	-0.271638
0.0212988	-0.258369
0.0368423	-0.240321
0.0350768	-0.23526
0.0164826	-0.227942
0.00869548	-0.227181
0.00508337	-0.221667
0.00293078	-0.217206
-0.00073055	-0.213732
-0.0164512	-0.209774
-0.0236088	-0.22008
-0.0234076	-0.214205
-0.0278868	-0.209456
-0.0395242	-0.1842
-0.0563433	-0.182848
-0.0475897	-0.182716
-0.0523906	-0.184316
-0.0355405	-0.172511
-0.0491141	-0.172402
-0.0606893	-0.149753
-0.0765771	-0.149852
-0.0548394	-0.184135
-0.0554176	-0.167084
-0.0767414	-0.166516
-0.0634234	-0.178857
-0.0722744	-0.18805
-0.0686872	-0.157948
-0.0756473	-0.160114
-0.075482	-0.194047
-0.0711772	-0.22494
-0.0654545	-0.218556
-0.0774506	-0.232687
-0.0741822	-0.238677
-0.0700993	-0.236356
-0.0485155	-0.238518
-0.0652483	-0.217336
-0.0678828	-0.204118
-0.0514393	-0.178714
-0.0486605	-0.181531
-0.0353998	-0.184952
-0.0501887	-0.18179
-0.0129353	-0.174859
-0.014419	-0.182222
-0.0130983	-0.178604
-0.0136146	-0.171272
-0.0197705	-0.176759
-0.0136146	-0.179808
0.00431564	-0.183562
0.0153035	-0.190662
0.0278006	-0.198475
0.0128093	-0.18109
0.0151228	-0.178795
0.0234003	-0.189882
0.0334808	-0.176753
0.0366101	-0.174816
0.0409578	-0.175155
0.0577709	-0.142253
0.0605882	-0.145747
0.0656606	-0.1529
0.0889548	-0.164885
0.10755	-0.174651
0.100849	-0.179926
0.0848165	-0.165967
0.0894372	-0.170886
0.121506	-0.166403
0.126793	-0.162117
0.100086	-0.176995
0.0950087	-0.178427
0.0774136	-0.16788
0.0761506	-0.176878
0.0782337	-0.178949
0.0752541	-0.179352
0.0749102	-0.178146
0.0659198	-0.190134
0.0618704	-0.181834
0.0811889	-0.20019
0.0696645	-0.203488
0.0762338	-0.20869
0.0691594	-0.192968
0.0581591	-0.226115
0.0426731	-0.217511
0.0392921	-0.213024
0.0121926	-0.203584
0.00140103	-0.197227
0.00905675	-0.17977
0.00680086	-0.186372
0.0127703	-0.19679
0.0120524	-0.183113
0.00198564	-0.171681
0.0033829	-0.183586
-0.000491448	-0.18783
-0.00390008	-0.204697
-0.0285362	-0.204647
-0.0397414	-0.196113
-0.0444098	-0.168112
-0.0198465	-0.139445
-0.0330301	-0.148411
-0.0432045	-0.151135
-0.0313229	-0.167549
-0.0354032	-0.170279
-0.0484166	-0.193541
-0.0596025	-0.182881
-0.0751725	-0.189536
-0.0667078	-0.18712
-0.0593916	-0.199759
-0.0799934	-0.1962
-0.0911174	-0.211233
-0.0838935	-0.196669
-0.0798545	-0.186073
-0.0777573	-0.169119
-0.0805554	-0.168566
-0.0822722	-0.172848
-0.0648196	-0.191369
-0.0793194	-0.203871
-0.0742799	-0.195959
-0.0756498	-0.198486
-0.0766933	-0.172446
-0.0674865	-0.186918
-0.0546821	-0.185983
-0.0556704	-0.19078
-0.0507952	-0.203791
-0.0218068	-0.191315
-0.0188095	-0.200887
0.0075682	-0.188374
0.010912	-0.188866
-0.0072177	-0.190745
0.0259455	-0.182635
0.0244545	-0.180563
0.0366698	-0.180252
0.0400882	-0.181138
0.0454976	-0.180502
0.0357417	-0.206451
0.0373788	-0.20425
0.0377371	-0.20873
0.0473541	-0.202764
0.0470707	-0.198652
0.0535657	-0.183891
0.0821744	-0.194093
0.0811815	-0.193531
0.0764546	-0.175873
0.0819576	-0.178635
0.0829733	-0.200794
0.0415645	-0.193916
0.0266557	-0.197166
0.0225115	-0.196064
0.0210474	-0.192904
0.0233098	-0.188378
0.0389033	-0.196088
0.0453277	-0.218521
0.0310608	-0.222165
0.0407319	-0.206964
0.0282327	-0.19562
0.0264312	-0.173054
0.012843	-0.155022
0.0211934	-0.170039
0.0211568	-0.163949
-0.00229159	-0.193454
0.0173025	-0.21193
0.0146722	-0.215618
0.0099909	-0.211041
0.00787768	-0.207703
0.0110127	-0.191464
0.0183125	-0.201122
0.013394	-0.199943
0.0109911	-0.182142
0.0275811	-0.17873
0.0233217	-0.186501
-0.0130477	-0.173894
-0.0503353	-0.16408
-0.0436043	-0.164176
-0.0824728	-0.187593
-0.105991	-0.162944
-0.102589	-0.167362
-0.0985762	-0.139204
-0.104252	-0.162483
-0.116095	-0.132776
-0.143413	-0.122573
-0.16234	-0.121162
-0.187507	-0.110079
-0.181305	-0.108967
-0.170678	-0.103764
-0.172228	-0.0859582
-0.175682	-0.0878116
-0.171394	-0.0823832
-0.173712	-0.0842012
-0.168464	-0.0689835
-0.167381	-0.0655965
-0.174917	-0.060556
-0.163966	-0.0831038
-0.174776	-0.0762711
-0.1645	-0.0778874
-0.143219	-0.0712722
-0.184373	-0.0757091
-0.180852	-0.0752438
-0.177646	-0.0741158
-0.192002	-0.0619555
-0.183508	-0.0545909
-0.205963	-0.0474724
-0.208288	-0.0478287
-0.211256	-0.0420298
-0.218392	-0.0591678
-0.211201	-0.0546093
-0.197749	-0.0543402
-0.199991	-0.0609405
-0.210788	-0.0737808
-0.207183	-0.0725273
-0.187847	-0.0564124
-0.159377	-0.0671715
-0.168394	-0.0450307
-0.15369	-0.0391885
-0.150477	-0.063748
-0.172919	-0.0609352
-0.186311	-0.0540983
-0.184112	-0.0501273
-0.184076	-0.0491541
-0.177434	-0.0787471
-0.192811	-0.0884602
-0.178137	-0.0974859
-0.197076	-0.0864971
-0.186849	-0.0751955
-0.19406	-0.0703022
-0.196109	-0.072603
-0.170967	-0.0753766
-0.175269	-0.0774996
-0.169041	-0.0515013
-0.178589	-0.0669343
-0.184168	-0.0691758
-0.173554	-0.0825716
-0.165648	-0.0911805
-0.163196	-0.0963906
-0.136194	-0.0920273
-0.146118	-0.0957081
-0.151192	-0.101377
-0.151466	-0.0845448
-0.143414	-0.0783442
-0.131953	-0.0940237
-0.136665	-0.0798228
-0.147678	-0.0577264
-0.161428	-0.072831
-0.173762	-0.0630822
-0.172043	-0.0615162
-0.189801	-0.0547741
-0.177679	-0.070601
-0.161901	-0.0833571
-0.161657	-0.0891039
-0.142665	-0.0858782
-0.141677	-0.0975424
-0.141336	-0.102129
-0.138139	-0.106798
-0.139506	-0.110423
-0.108577	-0.119413
-0.107128	-0.144045
-0.0956804	-0.159469
-0.0897204	-0.167464
-0.08689	-0.168797
-0.0837279	-0.169977
-0.0766892	-0.165201
-0.0490242	-0.176078
-0.0444079	-0.181997
-0.0413185	-0.180103
-0.0239719	-0.159913
-0.0260667	-0.16387
-0.0152404	-0.179074
-0.0124534	-0.179423
-0.00534613	-0.178332
0.0177743	-0.154619
0.0263597	-0.157429
0.0558564	-0.16063
0.0598868	-0.166131
0.0445128	-0.181463
0.0485332	-0.169542
0.052391	-0.171365
0.0710507	-0.159918
0.0740171	-0.161636
0.0800015	-0.162674
0.0954879	-0.196033
0.0951635	-0.192594
0.0943689	-0.187207
0.102095	-0.180437
0.101144	-0.174322
0.101192	-0.172221
0.10298	-0.174945
0.112293	-0.156561
0.120597	-0.159379
0.12269	-0.173679
0.0941045	-0.168356
0.0940402	-0.15957
0.104556	-0.149186
0.106432	-0.15566
0.0869375	-0.161104
0.0798955	-0.166427
0.0712178	-0.175827
0.0917009	-0.17203
0.0930702	-0.161969
0.106318	-0.160403
0.118037	-0.152884
0.122254	-0.162721
0.147788	-0.16397
0.153297	-0.145257
0.151732	-0.144765
0.130361	-0.139357
0.127143	-0.156088
0.114924	-0.161907
0.120143	-0.157483
0.121261	-0.159011
0.123645	-0.15827
0.123239	-0.170933
0.126683	-0.159319
0.128182	-0.171077
0.102175	-0.179894
0.0980744	-0.171524
0.106776	-0.164785
0.106095	-0.165315
0.123361	-0.166057
0.120657	-0.137954
0.124055	-0.137474
0.142866	-0.114669
0.16357	-0.119094
0.166917	-0.0977959
0.174978	-0.090396
0.162765	-0.0667657
0.17935	-0.0638128
0.19031	-0.0525076
0.168328	-0.0524233
0.172222	-0.0527925
0.162517	-0.0355092
0.160594	-0.0347019
0.166107	-0.0340256
0.173872	-0.043932
0.165366	-0.0714067
0.16896	-0.0886008
0.170198	-0.0878978
0.187369	-0.101648
0.185521	-0.0988669
0.191768	-0.116573
0.185779	-0.121379
0.183977	-0.116843
0.175295	-0.0952254
0.185849	-0.105245
0.193517	-0.096488
0.196453	-0.0972446
0.192928	-0.0753785
0.191561	-0.0737483
0.188139	-0.082544
0.186196	-0.0788025
0.181794	-0.0873863
0.184439	-0.0767043
0.1773	-0.0792999
0.187533	-0.0789852
0.193791	-0.091083
0.196349	-0.0854302
0.192644	-0.0891031
0.191456	-0.0862625
0.175218	-0.0878841
0.187348	-0.0618053
0.190987	-0.0609038
0.197896	-0.0343627
0.191775	-0.0249203
0.192807	-0.0263874
0.189642	-0.0234295
0.193809	-0.0171752
0.201127	-0.0205679
0.199886	-0.0180981
0.193532	-0.0111928
0.176734	-0.0141738
0.161422	0.00514588
0.168356	0.0234568
0.176242	0.0225878
0.17388	0.0274181
0.191631	0.0183366
0.197071	0.0168382
0.213195	0.00691264
0.203813	0.00633897
0.195308	-0.0184531
0.204412	-0.0019996
0.20197	-0.0154556
0.209662	-0.0264493
0.189638	-0.0165867
0.184343	-0.0285211
0.184899	-0.0284295
0.184668	-0.04295
0.190611	-0.053171
0.187125	-0.0418693
0.185894	-0.0407691
0.181117	-0.0375157
0.175041	-0.0312746
0.187369	-0.0402923
0.185235	-0.0473454
0.176949	-0.0535324
0.179872	-0.0533716
0.181808	-0.0593404
0.188835	-0.0648071
0.186951	-0.0679331
0.173164	-0.0768626
0.183093	-0.0729729
0.1906	-0.0585127
0.178291	-0.0566616
0.182764	-0.0610686
0.188519	-0.0546332
0.191445	-0.0457942
0.177109	-0.0430293
0.186791	-0.0308214
0.183189	-0.0232709
0.184564	-0.02216
0.180376	0.00795872
0.187717	0.00318434
0.21222	-0.00529438
0.206874	-0.00375909
0.20076	-0.00233894
0.203401	-0.00176558
0.199564	-0.00205803
0.206735	-0.0012239
0.203137	-0.00107416
0.190131	-0.00185946
0.186855	-0.00822695
0.175984	0.0218643
0.198573	0.0226987
0.189346	0.0342653
0.188694	0.0373693
0.205561	0.0374861
0.196581	0.0321323
0.192724	0.0263021
0.192311	0.0245281
0.197548	0.0293099
0.191002	0.0401408
0.190579	0.0391274
0.207636	0.0188523
0.184236	0.00857542
0.194087	-0.00679098
0.19907	-0.00502975
0.202143	-0.00123345
0.198577	-0.0128456
0.189376	-0.00296766
0.199336	-0.0092344
0.202642	-0.00800085
0.214339	-0.031751
0.180127	-0.0255964
0.195497	-0.0219013
0.194462	-0.0240735
0.187146	-0.0434701
0.180946	-0.0351544
0.172227	-0.0306288
0.189013	-0.0263908
0.205089	-0.0311333
0.20359	-0.0200495
0.188041	-0.0153789
0.165039	-0.0235996
0.166766	0.00551651
0.17123	0.021466
0.174727	0.0238256
0.184125	0.0263763
0.184824	0.0432403
0.174938	0.056067
0.188187	0.0522836
0.197953	0.0490578
0.195079	0.0560887
0.20954	0.0590614
0.177454	0.0584709
0.184685	0.0611682
0.175836	0.0611589
0.169784	0.07723
0.163423	0.0715132
0.180753	0.0719305
0.19899	0.0718687
0.187724	0.0787105
0.183228	0.0439003
0.19775	0.0432813
0.201992	0.0387358
0.192956	0.0452761
0.209256	0.0811819
0.213489	0.076468
0.167918	0.0693648
0.157303	0.0773509
0.157452	0.0480444
0.163632	0.0545558
0.168667	0.0635777
0.162889	0.0569082
0.165494	0.0574267
0.172116	0.0584706
0.173125	0.0687159
0.175783	0.066892
0.165628	0.0626775
0.168253	0.063256
0.159825	0.0593838
0.149206	0.0569526
0.15952	0.0695455
0.160321	0.0268644
0.155724	0.0248253
0.159725	0.0260227
0.177969	0.0323476
0.182091	0.0220701
0.171196	0.0381614
0.18804	0.0557862
0.21658	0.068488
0.20984	0.0681055
0.188826	0.0831835
0.176369	0.0836941
0.182267	0.0862062
0.182333	0.0923033
0.178074	0.0847415
0.178124	0.0831009
0.174309	0.0755039
0.16356	0.0909644
0.153488	0.10972
0.152118	0.101662
0.161288	0.106095
0.151038	0.13192
0.153254	0.152335
0.139016	0.126942
0.144386	0.139368
0.146413	0.127985
0.130652	0.134194
0.119769	0.129928
0.108414	0.145579
0.10774	0.142715
0.107077	0.143764
0.106617	0.148854
0.108065	0.15037
0.0796374	0.136816
0.082142	0.154174
0.09045	0.158007
0.133552	0.168714
0.130084	0.17213
0.126079	0.169861
0.141055	0.151042
0.137622	0.161517
0.124226	0.158908
0.128478	0.141579
0.117102	0.135879
0.118989	0.135362
0.115328	0.138836
0.125936	0.166815
0.122551	0.150373
0.123811	0.147962
0.12379	0.15342
0.132443	0.155012
0.122802	0.144957
0.117272	0.10173
0.134371	0.103258
0.118087	0.101652
0.12668	0.104052
0.125853	0.105119
0.117642	0.113385
0.124863	0.125391
0.12354	0.135249
0.124638	0.148738
0.119514	0.163387
0.0988162	0.185581
0.0966456	0.174451
0.100166	0.185617
0.0970918	0.186963
0.0834741	0.189191
0.0859377	0.163228
0.106216	0.167149
0.0975571	0.16555
0.0985289	0.177254
0.0957279	0.175433
0.0891153	0.17205
0.0893201	0.168927
0.101707	0.172605
0.100195	0.174854
0.092386	0.147189
0.100432	0.144521
0.114586	0.142626
0.105312	0.128706
0.104988	0.132862
0.104575	0.126501
0.0982647	0.133059
0.0898862	0.105711
0.0972142	0.0879986
0.102976	0.095705
0.105764	0.132721
0.10028	0.124721
0.0951831	0.129196
0.10982	0.134248
0.104073	0.133096
0.103082	0.137058
0.10141	0.145589
0.0982361	0.148258
0.0981195	0.151346
0.111268	0.150997
0.114724	0.151913
0.117652	0.151902
0.11883	0.169528
0.12847	0.166907
0.0833326	0.148096
0.110213	0.153936
0.100569	0.169419
0.0926359	0.177047
0.106977	0.162214
0.101124	0.166047
0.102523	0.158049
0.090545	0.161044
0.101681	0.162241
0.0948258	0.154891
0.0998124	0.144807
0.102943	0.146852
0.0997067	0.148212
0.0937284	0.142422
0.0902134	0.143736
0.092268	0.141945
0.0803812	0.153171
0.0529755	0.175582
0.0787297	0.172243
0.0763342	0.173444
0.0721971	0.175202
0.1282	0.174771
0.128501	0.167958
0.11003	0.162459
0.0932405	0.153976
0.104734	0.147222
0.111199	0.140757
0.113955	0.135153
0.107332	0.12473
0.109381	0.132562
0.115818	0.127874
0.11969	0.144787
0.108444	0.152377
0.117063	0.153196
0.105325	0.18298
0.10551	0.190921
0.0874431	0.165091
0.0941724	0.165517
0.0973365	0.160969
0.0927037	0.164655
0.100065	0.128723
0.124122	0.130469
0.12527	0.137225
0.124143	0.136975
0.112114	0.135462
0.115078	0.13086
0.103988	0.126988
0.110261	0.127992
0.121406	0.120076
0.121669	0.120558
0.119081	0.125341
0.123397	0.131371
0.129679	0.144697
0.128497	0.143938
0.12245	0.145537
0.106523	0.147682
0.111997	0.155464
0.115476	0.181702
0.137733	0.162905
0.116719	0.166246
0.115995	0.148106
0.112701	0.144938
0.0997178	0.191732
0.0874763	0.188893
0.0833987	0.188039
0.0708336	0.188721
0.0725662	0.182119
0.0668609	0.165827
0.0557477	0.186162
0.0577256	0.189563
0.0716311	0.213196
0.0650508	0.217199
0.0666368	0.202654
0.0434347	0.199583
0.0432225	0.198192
0.0461542	0.187574
0.0474895	0.187599
0.0467227	0.187663
0.0583709	0.190518
0.0521247	0.179208
0.0674558	0.171956
0.0876564	0.14257
0.0596884	0.166697
0.0552749	0.15769
0.0590258	0.163176
0.0613348	0.167245
0.0612882	0.176781
0.0775272	0.173775
0.128438	0.174617
0.113567	0.161703
0.116136	0.150642
0.122868	0.147234
0.155462	0.128699
0.167611	0.124186
0.161832	0.108073
0.185313	0.127611
0.179114	0.125758
0.166786	0.140665
0.162636	0.141205
0.156874	0.148738
0.125683	0.169228
0.132823	0.154034
0.134059	0.136569
0.129542	0.147858
0.126042	0.148765
0.121144	0.172022
0.105537	0.164117
0.104184	0.162919
0.0823529	0.167854
0.067018	0.172683
0.0513389	0.172561
0.0722	0.174894
0.0703187	0.175664
0.0739074	0.164907
0.106007	0.164782
0.100145	0.169055
0.0915658	0.167163
0.09435	0.173025
0.0743856	0.181893
0.0683857	0.199544
0.0795359	0.212652
0.0860344	0.214344
0.0802638	0.207767
0.0888252	0.199996
0.0681423	0.190974
0.0578098	0.183893
0.0620816	0.168812
0.0591512	0.168671
0.0556704	0.162969
0.0530868	0.154745
0.0466897	0.16009
0.0262338	0.171488
0.027823	0.177788
0.00895741	0.182975
0.00611231	0.180866
0.01472	0.161374
0.0104652	0.167276
-0.00253376	0.177581
0.012535	0.186056
0.0114646	0.179923
-0.00501182	0.179845
0.0010522	0.178921
0.000894712	0.188216
0.00130209	0.19702
-0.0106377	0.213148
-0.0269121	0.20825
-0.039186	0.206121
-0.0422072	0.211394
-0.0619978	0.194218
-0.0623738	0.187705
-0.0638846	0.191336
-0.0797637	0.186671
-0.0790253	0.188609
-0.0822956	0.185516
-0.0802636	0.176135
-0.0620235	0.187666
-0.0535528	0.171508
-0.0626068	0.174981
-0.0677323	0.172055
-0.0625161	0.16501
-0.0639326	0.150843
-0.069911	0.164977
-0.0724281	0.165502
-0.064655	0.149245
-0.0406535	0.160335
-0.0405694	0.163495
-0.0439834	0.16678
-0.0495589	0.169954
-0.0572402	0.172248
-0.0771173	0.152605
-0.0808208	0.157991
-0.0696754	0.161597
-0.0681306	0.147488
-0.100228	0.163292
-0.0964566	0.155742
-0.123242	0.16565
-0.123796	0.165339
-0.12533	0.133763
-0.118567	0.129953
-0.120305	0.12911
-0.132328	0.149484
-0.13591	0.146879
-0.141147	0.159888
-0.130014	0.138536
-0.128998	0.126232
-0.139196	0.133487
-0.140669	0.131766
-0.115787	0.111612
-0.114969	0.0945193
-0.116153	0.0959354
-0.116427	0.11069
-0.0935809	0.103605
-0.0890149	0.116959
-0.096307	0.118018
-0.120774	0.0935475
-0.135232	0.105832
-0.13271	0.101837
-0.14785	0.10508
-0.158043	0.117899
-0.172935	0.106691
-0.153151	0.140111
-0.127179	0.185241
-0.118398	0.180792
-0.147837	0.171163
-0.176486	0.15066
-0.175239	0.138028
-0.165198	0.134336
-0.164138	0.11507
-0.188769	0.120873
-0.199465	0.0878289
-0.19818	0.0837881
-0.180524	0.0940559
-0.182157	0.100747
-0.183246	0.101988
-0.176858	0.0901466
-0.192085	0.100767
-0.205816	0.0903447
-0.200523	0.0935838
-0.209213	0.096847
-0.203053	0.0872416
-0.209001	0.107962
-0.196902	0.0835554
-0.195807	0.0765463
-0.17855	0.0836716
-0.178731	0.0853838
-0.153458	0.0918714
-0.148819	0.104976
-0.163265	0.104542
-0.163869	0.102834
-0.159455	0.100826
-0.148239	0.109526
-0.172762	0.103822
-0.175439	0.100659
-0.171724	0.0974589
-0.17189	0.0961501
-0.172798	0.0928798
-0.189376	0.103045
-0.219907	0.125241
-0.197692	0.125918
-0.235893	0.121621
-0.211006	0.139127
-0.203976	0.133529
-0.197798	0.127531
-0.192964	0.131396
-0.183325	0.10701
-0.181755	0.104118
-0.180824	0.101606
-0.165217	0.0845858
-0.167984	0.0848971
-0.192635	0.101006
-0.201855	0.115065
-0.208119	0.103175
-0.20954	0.0908637
-0.207557	0.0899265
-0.20398	0.0634512
-0.201355	0.0445419
-0.20637	0.0396406
-0.199091	0.0456535
-0.198756	0.0572667
-0.197712	0.0530626
-0.16071	0.0644521
-0.128713	0.0729607
-0.124261	0.0641528
-0.146566	0.0451635
-0.152943	0.0473183
-0.158249	0.0511771
-0.153996	0.0420651
-0.166958	0.0348043
-0.172196	0.0265412
-0.180199	0.00334099
-0.182263	0.0042809
-0.186211	0.0029912
-0.20794	-0.00736913
-0.198061	0.00534629
-0.196505	0.0031813
-0.19576	-0.0164167
-0.200789	-0.00747738
-0.197611	-0.00813179
-0.210125	-0.0143952
-0.223809	-0.0195975
-0.220194	-0.0172095
-0.180563	-0.000746954
-0.181425	-0.0266146
-0.18846	-0.0277244
-0.169557	-0.0324445
-0.153764	-0.0631202
-0.163377	-0.0594011
-0.179094	-0.0599743
-0.177913	-0.0576108
-0.173127	-0.0492175
-0.195488	-0.0389264
-0.164952	-0.0459082
-0.178049	-0.0453895
-0.183599	-0.0470311
-0.177065	-0.0486631
-0.176597	-0.0592066
-0.166254	-0.0474124
-0.172237	-0.0531914
-0.169611	-0.039545
-0.197299	-0.0357637
-0.216786	-0.00652149
-0.217793	-0.0338741
-0.215864	-0.0334667
-0.212867	-0.0468349
-0.236953	-0.0512448
-0.230101	-0.0599623
-0.204723	-0.0567815
-0.202987	-0.0561248
-0.173116	-0.0989195
-0.161406	-0.0990347
-0.163282	-0.0987055
-0.129004	-0.0926156
-0.131491	-0.0975564
-0.140692	-0.103428
-0.141667	-0.104763
-0.142434	-0.108294
-0.153929	-0.0900812
-0.171532	-0.109505
-0.173384	-0.104011
-0.175377	-0.0993223
-0.173981	-0.103941
-0.170664	-0.101409
-0.164784	-0.0842409
-0.168455	-0.0857132
-0.157066	-0.0924661
-0.17666	-0.107799
-0.145958	-0.115309
-0.15737	-0.128521
-0.151564	-0.123043
-0.160445	-0.136849
-0.161189	-0.145347
-0.174963	-0.140619
-0.177791	-0.122157
-0.199071	-0.123534
-0.182486	-0.118796
-0.169011	-0.114245
-0.168453	-0.112115
-0.162151	-0.0944334
-0.170915	-0.0998004
-0.170931	-0.0984791
-0.170719	-0.101497
-0.171348	-0.101057
-0.162214	-0.120927
-0.163392	-0.120258
-0.14369	-0.130551
-0.138536	-0.140089
-0.137874	-0.153822
-0.122506	-0.162968
-0.103401	-0.167846
-0.103664	-0.164669
-0.103194	-0.189526
-0.102643	-0.176753
-0.0859256	-0.180213
-0.0876868	-0.178943
-0.104816	-0.180718
-0.100141	-0.176759
-0.105479	-0.170643
-0.11174	-0.168007
-0.089064	-0.169907
-0.104055	-0.183414
-0.104347	-0.180034
-0.0934629	-0.175923
-0.125629	-0.154413
-0.127919	-0.153004
-0.122462	-0.14904
-0.115377	-0.142032
-0.119493	-0.143936
-0.152636	-0.137577
-0.151237	-0.137871
-0.147878	-0.13495
-0.153631	-0.135821
-0.153721	-0.133704
-0.136805	-0.152693
-0.124166	-0.155222
-0.123871	-0.152954
-0.142119	-0.16507
-0.135309	-0.173686
-0.134124	-0.16786
-0.134908	-0.164538
-0.131001	-0.165766
-0.13475	-0.172666
-0.131429	-0.170683
-0.142048	-0.172931
-0.136392	-0.172915
-0.134103	-0.16836
-0.126507	-0.154146
-0.109042	-0.159198
-0.105934	-0.152207
-0.110227	-0.150251
-0.102724	-0.144262
-0.0926801	-0.154953
-0.101411	-0.145927
-0.0946117	-0.144435
-0.0990967	-0.133669
-0.108832	-0.143995
-0.11933	-0.150723
-0.128858	-0.152169
-0.113259	-0.137327
-0.115752	-0.139181
-0.0990146	-0.138295
-0.101977	-0.138388
-0.0968287	-0.124358
-0.09478	-0.127611
-0.115039	-0.126887
-0.120067	-0.125959
-0.129341	-0.12358
-0.132126	-0.124539
-0.136681	-0.125336
-0.142052	-0.12112
-0.143767	-0.120737
-0.151956	-0.127635
-0.144923	-0.109248
-0.116941	-0.109127
-0.115575	-0.12817
-0.1198	-0.133051
-0.121183	-0.139234
-0.124077	-0.140815
-0.117174	-0.129517
-0.121449	-0.134824
-0.137401	-0.155791
-0.11871	-0.185053
-0.125096	-0.193389
-0.117539	-0.185738
-0.114186	-0.173942
-0.10944	-0.182184
-0.105437	-0.167865
-0.105957	-0.16536
-0.106149	-0.120517
-0.105168	-0.124959
-0.115057	-0.111025
-0.134995	-0.133207
-0.145502	-0.101756
-0.152456	-0.104384
-0.16923	-0.105833
-0.1749	-0.117889
-0.17528	-0.124732
-0.135311	-0.117321
-0.129934	-0.11292
-0.142844	-0.107283
-0.132543	-0.121239
-0.136157	-0.122147
-0.143067	-0.0958501
-0.124859	-0.0983107
-0.11645	-0.117129
-0.119698	-0.11281
-0.122773	-0.114117
-0.136068	-0.116656
-0.144634	-0.125733
-0.140138	-0.119529
-0.161543	-0.12691
-0.160595	-0.118053
-0.157744	-0.112648
-0.162818	-0.110442
-0.161986	-0.109219
-0.160303	-0.106434
-0.161181	-0.133754
-0.139659	-0.141955
-0.128561	-0.151692
-0.137724	-0.161693
-0.142381	-0.169551
-0.166157	-0.158164
-0.162855	-0.151837
-0.131798	-0.101966
-0.13649	-0.103996
-0.140456	-0.0893442
-0.146851	-0.0928357
-0.128973	-0.12301
-0.138543	-0.130754
-0.136415	-0.143283
-0.137351	-0.143449
-0.142369	-0.152156
-0.136997	-0.142072
-0.142377	-0.137743
-0.139177	-0.141014
-0.152	-0.167471
-0.148838	-0.169238
-0.136417	-0.155107
-0.0998556	-0.140448
-0.103482	-0.141563
-0.107048	-0.149226
-0.110622	-0.147861
-0.112971	-0.148338
-0.106486	-0.146127
-0.11395	-0.145271
-0.102795	-0.154675
-0.0908001	-0.143568
-0.0855195	-0.14658
-0.0920652	-0.14914
-0.0869436	-0.157034
-0.09085	-0.158111
-0.0784804	-0.179955
-0.0736143	-0.18062
-0.062336	-0.19979
-0.0498204	-0.191705
-0.0420629	-0.189833
-0.0474618	-0.17641
-0.0363749	-0.179481
-0.0418653	-0.169874
-0.0461983	-0.169891
-0.0534207	-0.168757
-0.0564256	-0.173192
-0.0382574	-0.177334
-0.0279532	-0.161168
-0.0190735	-0.156219
-0.00855408	-0.162679
0.00279798	-0.181027
-0.000271492	-0.183587
0.00396444	-0.185663
0.0072978	-0.187075
0.0205902	-0.209313
0.0177467	-0.180934
0.0233316	-0.177116
0.0228912	-0.182138
0.0220271	-0.188239
0.0177914	-0.179777
0.0185672	-0.17134
0.025991	-0.162975
0.0315129	-0.153088
0.0390187	-0.164689
0.055624	-0.159488
0.0675343	-0.154468
0.0868622	-0.159474
0.0942738	-0.155011
0.0981944	-0.154193
0.0860228	-0.161195
0.0881653	-0.159178
0.0906338	-0.165084
0.0964387	-0.142789
0.103298	-0.156174
0.108113	-0.157899
0.101299	-0.15973
0.112707	-0.175333
0.112326	-0.180993
0.116495	-0.206835
0.10107	-0.201614
0.0981216	-0.198667
0.0881318	-0.189865
0.0847162	-0.187698
0.0778274	-0.186269
0.110575	-0.176968
0.10818	-0.189168
0.106257	-0.185715
0.120699	-0.165974
0.117121	-0.164834
0.0913608	-0.188847
0.0873087	-0.18619
0.111237	-0.194542
0.092981	-0.182252
0.0894088	-0.182808
0.086861	-0.182268
0.082223	-0.178395
0.0787817	-0.180129
0.0737413	-0.171097
0.0701203	-0.156032
0.0525383	-0.151424
0.05802	-0.163678
0.0549306	-0.16255
0.0533344	-0.168025
0.0485127	-0.177429
0.0461996	-0.190457
0.0435163	-0.182761
0.042094	-0.194243
0.0488833	-0.178279
0.059945	-0.178231
0.067198	-0.159539
0.062959	-0.162531
0.0695996	-0.170577
0.0542425	-0.171418
0.0446157	-0.160109
0.0497012	-0.166199
0.0349431	-0.167135
0.0359795	-0.175417
0.0421166	-0.168385
0.0428124	-0.170341
0.0538103	-0.171997
0.0364125	-0.172905
0.0425884	-0.181857
0.0398671	-0.182721
0.0314565	-0.171068
0.0300178	-0.176239
0.00864677	-0.152353
0.00586204	-0.142805
0.0241573	-0.155835
0.0346004	-0.16311
0.0311321	-0.169747
0.0302888	-0.172854
0.0253311	-0.179939
0.0226541	-0.181677
0.0259956	-0.169499
0.0243548	-0.174948
0.0266506	-0.184305
0.0100778	-0.178465
-0.00215543	-0.193151
-0.000934651	-0.224548
0.00452895	-0.229142
0.00459976	-0.229701
-0.0067596	-0.233304
0.00866911	-0.215115
0.00696908	-0.213104
-0.0165178	-0.211775
-0.0167313	-0.208202
-0.0313996	-0.199792
-0.0333117	-0.198136
-0.0347795	-0.207317
-0.0319123	-0.173365
-0.0384061	-0.185122
-0.0565886	-0.18443
-0.0650202	-0.18835
-0.0570246	-0.172804
-0.0610698	-0.168868
-0.0503702	-0.168322
-0.0687602	-0.155069
-0.0721835	-0.159679
-0.0821362	-0.171031
-0.0821013	-0.142103
-0.0867621	-0.145221
-0.0964102	-0.140988
-0.10954	-0.152558
-0.106512	-0.14595
-0.0987951	-0.114879
-0.122402	-0.128997
-0.120735	-0.129294
-0.121916	-0.133897
-0.147432	-0.161139
-0.144024	-0.148929
-0.159723	-0.145115
-0.186268	-0.122775
-0.181183	-0.124608
-0.16385	-0.147475
-0.134559	-0.139738
-0.125633	-0.146712
-0.117593	-0.159343
-0.118758	-0.156856
-0.120861	-0.153521
-0.114402	-0.145536
-0.076816	-0.134863
-0.0809438	-0.139967
-0.0858684	-0.149201
-0.11263	-0.133312
-0.132579	-0.140997
-0.122487	-0.140715
-0.117281	-0.137077
-0.115602	-0.141582
-0.119318	-0.14813
-0.116777	-0.148887
-0.124972	-0.150578
-0.130089	-0.178107
-0.117416	-0.182973
-0.110455	-0.191968
-0.105958	-0.207033
-0.114891	-0.190495
-0.0867205	-0.182604
-0.0825625	-0.18946
-0.0890713	-0.184084
-0.0804992	-0.180871
-0.0798166	-0.193038
-0.0604032	-0.164559
-0.0765646	-0.181052
-0.088043	-0.216516
-0.100522	-0.18766
-0.0796683	-0.185572
-0.0761041	-0.184663
-0.0680066	-0.181239
-0.0848557	-0.163859
-0.0738702	-0.159648
-0.0739814	-0.14746
-0.0746944	-0.15069
-0.0932529	-0.166216
-0.0876806	-0.15889
-0.110699	-0.189651
-0.108423	-0.189269
-0.10548	-0.194708
-0.103494	-0.208757
-0.0978938	-0.20626
-0.0862623	-0.198955
-0.0813093	-0.195949
-0.102672	-0.147284
-0.101282	-0.150685
-0.108623	-0.14925
-0.114103	-0.149958
-0.136374	-0.156117
-0.102839	-0.167736
-0.0796559	-0.124567
-0.0802076	-0.139542
-0.0421777	-0.121929
-0.0494352	-0.124655
-0.0547891	-0.147156
-0.0560653	-0.146802
-0.076639	-0.148267
-0.0753391	-0.147482
-0.0839304	-0.148592
-0.0818351	-0.146971
-0.0630246	-0.165378
-0.0562099	-0.174078
-0.0552189	-0.17605
-0.0707073	-0.184847
-0.0670048	-0.17303
-0.0662914	-0.179721
-0.0756647	-0.179491
-0.0857627	-0.169593
-0.0848601	-0.168435
-0.0638289	-0.192477
-0.0558622	-0.196418
-0.0517939	-0.195268
-0.0519297	-0.194055
-0.0407093	-0.200826
0.00210626	-0.197129
0.00278458	-0.203482
0.0256757	-0.196722
0.0322112	-0.18726
0.0536315	-0.187147
0.0585671	-0.176124
0.0589199	-0.180953
0.0635292	-0.184832
0.0541835	-0.187662
0.0561838	-0.185534
0.056175	-0.184341
0.0807301	-0.169667
0.0782229	-0.186657
0.0616948	-0.192996
0.0724149	-0.191676
0.0908549	-0.201491
0.0870659	-0.201694
0.0717064	-0.188562
0.038589	-0.187355
0.0480604	-0.185291
0.0504919	-0.190934
0.0511729	-0.18813
0.0360773	-0.181814
0.0473956	-0.165656
0.0508328	-0.163695
0.0614156	-0.174272
0.0847075	-0.186904
0.0832864	-0.191835
0.0859449	-0.19531
0.0909262	-0.192186
0.0872079	-0.218811
0.0885109	-0.213539
0.0754446	-0.188341
0.0776014	-0.186051
0.082884	-0.182482
0.0848709	-0.17985
0.0746156	-0.173087
0.0936789	-0.171911
0.0975594	-0.162081
0.101133	-0.172732
0.101499	-0.149024
0.104702	-0.148706
0.106619	-0.148151
0.129473	-0.161453
0.124124	-0.16171
0.117599	-0.164457
0.114562	-0.161052
0.103974	-0.16116
0.109542	-0.149126
0.0980182	-0.166418
0.0865647	-0.178898
0.12952	-0.147543
0.134368	-0.148045
0.130189	-0.148567
0.148662	-0.155642
0.148311	-0.152725
0.134189	-0.166387
0.137098	-0.159109
0.126148	-0.148161
0.119058	-0.149298
0.123246	-0.162269
0.131227	-0.157506
0.151976	-0.144433
0.141331	-0.142038
0.169764	-0.112641
0.169834	-0.11086
0.16797	-0.112843
0.167332	-0.125402
0.163449	-0.124324
0.167635	-0.146515
0.158729	-0.121167
0.151664	-0.113708
0.153436	-0.112886
0.16117	-0.107487
0.158898	-0.107447
0.159729	-0.102466
0.158243	-0.102485
0.158537	-0.106831
0.154468	-0.107265
0.147074	-0.1047
0.14125	-0.108786
0.127769	-0.0858425
0.132322	-0.0809227
0.129245	-0.0936812
0.136995	-0.0925001
0.127961	-0.100159
0.118931	-0.0966227
0.125937	-0.0988706
0.122311	-0.123069
0.122301	-0.130784
0.118473	-0.136543
0.123065	-0.142156
0.0984029	-0.149338
0.0825228	-0.141611
0.0839356	-0.146079
0.0998723	-0.153612
0.0963142	-0.162285
0.0871514	-0.171456
0.0840459	-0.184892
0.0791038	-0.182139
0.0748424	-0.182954
0.0669562	-0.173764
0.0632078	-0.161917
0.0558739	-0.173113
0.0756047	-0.167873
0.067468	-0.168698
0.0564072	-0.169752
0.0499888	-0.168165
0.0590743	-0.215296
0.0568125	-0.212682
0.0539976	-0.208569
0.0506095	-0.207248
0.052692	-0.215772
0.0470913	-0.202473
0.0152523	-0.200679
0.0125371	-0.199128
0.0227745	-0.208321
0.0294744	-0.204245
0.0599146	-0.204509
0.0567182	-0.20625
0.0768114	-0.229696
0.0760334	-0.227664
0.0849891	-0.250457
0.0898906	-0.234025
0.0699029	-0.250964
0.109429	-0.212155
0.104497	-0.204832
0.0973175	-0.200273
0.0646267	-0.171455
0.0703376	-0.162985
0.0617277	-0.170974
0.0589997	-0.176858
0.0481605	-0.172742
0.0566152	-0.183461
0.0535269	-0.184513
0.043287	-0.180126
0.029717	-0.187016
0.0282245	-0.188273
0.0298216	-0.186794
0.011333	-0.181713
0.00679871	-0.188036
0.00303856	-0.192314
0.0263921	-0.210134
0.0258142	-0.165476
0.0360082	-0.17504
0.0337251	-0.177678
0.0279612	-0.177527
0.0356633	-0.174728
0.0386129	-0.163505
0.00103955	-0.166688
-0.0148689	-0.167264
-0.00803154	-0.163756
-0.0146032	-0.173044
-0.00712956	-0.196925
-0.0136366	-0.201443
-0.0253347	-0.18686
-0.0408109	-0.184362
-0.0570826	-0.163318
-0.0588767	-0.168413
-0.0555862	-0.175314
-0.0473266	-0.166529
-0.0474774	-0.162378
-0.0568804	-0.142676
-0.0603177	-0.148967
-0.0566381	-0.162547
-0.046426	-0.160247
-0.0378406	-0.149131
-0.0455826	-0.178247
-0.0796856	-0.200885
-0.0895802	-0.212272
-0.0891159	-0.205323
-0.0904747	-0.197694
-0.110726	-0.187829
-0.100429	-0.181574
-0.106355	-0.210434
-0.0946674	-0.204606
-0.107992	-0.196869
-0.116708	-0.196532
-0.139144	-0.184404
-0.121733	-0.182613
-0.126696	-0.180286
-0.123147	-0.181095
-0.127627	-0.204941
-0.100663	-0.204742
-0.104504	-0.172439
-0.0994233	-0.149861
-0.0915979	-0.13725
-0.0900858	-0.151409
-0.0957777	-0.161823
-0.100395	-0.162385
-0.108994	-0.164962
-0.108601	-0.155394
-0.114333	-0.173374
-0.116313	-0.169269
-0.115333	-0.170843
-0.117512	-0.1709
-0.121576	-0.187139
-0.118847	-0.189899
-0.122947	-0.182756
-0.125132	-0.161929
-0.124997	-0.151955
-0.134149	-0.152705
-0.120361	-0.129556
-0.103754	-0.135399
-0.112897	-0.116237
-0.123124	-0.0925595
-0.131129	-0.11262
-0.1473	-0.150487
-0.148418	-0.142539
-0.14417	-0.141731
-0.157207	-0.129165
-0.190534	-0.144053
-0.190884	-0.130858
-0.181732	-0.133666
-0.169737	-0.137298
-0.166936	-0.134515
-0.20211	-0.119046
-0.19564	-0.114256
-0.188214	-0.107026
-0.189593	-0.114704
-0.201735	-0.099687
-0.222806	-0.0939432
-0.16109	-0.095656
-0.17694	-0.0887233
-0.169806	-0.0929796
-0.152039	-0.10683
-0.129936	-0.101855
-0.14995	-0.121112
-0.151479	-0.127469
-0.141507	-0.129705
-0.142596	-0.132443
-0.106915	-0.143021
-0.0875153	-0.151159
-0.10582	-0.146413
-0.118906	-0.144929
-0.109817	-0.161623
-0.106311	-0.162342
-0.115493	-0.165226
-0.12581	-0.160726
-0.124624	-0.166584
-0.121466	-0.145437
-0.112106	-0.138045
-0.11364	-0.135973
-0.107848	-0.15174
-0.103337	-0.149324
-0.113611	-0.16279
-0.0975508	-0.177565
-0.105324	-0.173161
-0.104162	-0.169686
-0.100729	-0.156115
-0.100631	-0.16136
-0.0918836	-0.166035
-0.0856705	-0.169642
-0.103921	-0.141295
-0.0897853	-0.156462
-0.0917777	-0.165374
-0.0901283	-0.166149
-0.0970228	-0.16276
-0.104024	-0.152752
-0.122857	-0.155057
-0.126333	-0.161111
-0.139943	-0.136253
-0.146582	-0.141113
-0.131807	-0.166584
-0.100532	-0.167935
-0.109566	-0.174355
-0.121916	-0.17984
-0.109393	-0.189435
-0.129364	-0.137185
-0.11542	-0.150711
-0.110239	-0.149501
-0.102194	-0.155015
-0.0999654	-0.15699
-0.0921261	-0.153523
-0.104359	-0.151263
-0.101189	-0.12431
-0.105813	-0.136099
-0.0948388	-0.14328
-0.0935611	-0.147112
-0.0694411	-0.132153
-0.0661545	-0.1479
-0.0601558	-0.153382
-0.0726944	-0.170425
-0.0697148	-0.172242
-0.0452215	-0.147224
-0.0402483	-0.150647
-0.0341725	-0.182278
-0.0199569	-0.205911
-0.0113132	-0.201727
-0.00634723	-0.18651
-0.00222184	-0.197735
-0.00187273	-0.200669
-0.000579537	-0.19988
0.00331335	-0.201464
-0.00299295	-0.194902
0.00307045	-0.19027
0.00728413	-0.189644
0.0172388	-0.196784
0.0303058	-0.185612
0.0459501	-0.194413
0.0547088	-0.18531
0.0727687	-0.167616
0.06572	-0.169141
0.0670219	-0.177084
0.0898079	-0.161883
0.135054	-0.159815
0.130533	-0.158311
0.13112	-0.154101
0.132018	-0.148587
0.134647	-0.148385
0.130594	-0.142486
0.130485	-0.141924
0.147917	-0.161639
0.130989	-0.149123
0.136355	-0.147733
0.130749	-0.120742
0.135764	-0.112079
0.136838	-0.115603
0.143948	-0.115996
0.141521	-0.128214
0.152878	-0.123651
0.143314	-0.11435
0.130548	-0.104697
0.160811	-0.100744
0.160252	-0.098049
0.139583	-0.0711985
0.134959	-0.0799208
0.141305	-0.0808618
0.148545	-0.0749444
0.147657	-0.0678303
0.168109	-0.0475822
0.171105	-0.0484211
0.17366	-0.0293052
0.180868	-0.0284412
0.200485	-0.0237163
0.200409	-0.0286775
0.201337	-0.0282219
0.184846	-0.0344055
0.210458	-0.0598289
0.19479	-0.0771441
0.185209	-0.0742453
0.181668	-0.0779723
0.186961	-0.0635708
0.196559	-0.0472686
0.151889	-0.0564978
0.139037	-0.0665822
0.138769	-0.0789809
0.112254	-0.0830351
0.145804	-0.0857216
0.125666	-0.0873617
0.138422	-0.0862944
0.130192	-0.0903157
0.140497	-0.0969603
0.157345	-0.0774753
0.156207	-0.0747203
0.142148	-0.0655327
0.149419	-0.0849258
0.152687	-0.0749818
0.154506	-0.0670118
0.154838	-0.064525
0.134683	-0.0672308
0.131154	-0.0847932
0.129213	-0.0823989
0.152805	-0.0966278
0.149592	-0.105438
0.123102	-0.10566
0.105051	-0.132022
0.0968112	-0.144876
0.0987748	-0.149829
0.10436	-0.149556
0.113967	-0.177437
0.11821	-0.182875
0.134443	-0.164491
0.15286	-0.167848
0.133091	-0.151675
0.124226	-0.168042
0.117987	-0.167091
0.0993626	-0.16459
0.109946	-0.174318
0.103064	-0.171603
0.0904284	-0.165715
0.088564	-0.167741
0.0999591	-0.169179
0.102101	-0.171712
0.0976468	-0.17525
0.0962559	-0.174571
0.0914256	-0.163451
0.0869028	-0.166195
0.105664	-0.184744
0.0748702	-0.179309
0.0480165	-0.186269
0.0465929	-0.191232
0.0533747	-0.185748
0.0623881	-0.194355
0.0493912	-0.190804
0.0462567	-0.190232
0.0530752	-0.192717
0.0613073	-0.206793
0.0888771	-0.223592
0.0861347	-0.218223
0.085611	-0.210048
0.0764476	-0.214508
0.056728	-0.225181
0.0343945	-0.2066
0.0487429	-0.230006
0.047367	-0.205752
0.0384727	-0.204457
0.0372974	-0.199288
0.0328817	-0.199224
0.0320303	-0.195513
0.0360061	-0.196753
0.0311157	-0.198457
0.0334957	-0.197308
0.0356953	-0.197289
0.0222901	-0.198728
0.0161114	-0.211931
0.00520241	-0.219909
-0.0240691	-0.228853
-0.0148461	-0.230048
-0.0146458	-0.216263
-0.0252014	-0.235206
-0.0141589	-0.241648
0.00478842	-0.237091
0.0201784	-0.245768
0.0105956	-0.230138
-0.0114082	-0.209629
-0.0277581	-0.175407
-0.0239005	-0.188116
-0.0474844	-0.201307
-0.0556841	-0.204776
-0.0590115	-0.201988
-0.0615072	-0.184894
-0.0593293	-0.179903
-0.0659412	-0.191143
-0.0643144	-0.17431
-0.0441068	-0.171201
-0.0420672	-0.167057
-0.049968	-0.172712
-0.0191023	-0.164707
-0.0218221	-0.175729
-0.0260153	-0.177438
-0.0291957	-0.179164
-0.0392951	-0.197452
-0.0614787	-0.199832
-0.0643292	-0.189146
-0.079499	-0.193109
-0.0795778	-0.199414
-0.0811548	-0.2121
-0.059617	-0.2013
-0.0610217	-0.198097
-0.0595116	-0.187791
-0.0850275	-0.148161
-0.09069	-0.15043
-0.0882983	-0.153723
-0.0876295	-0.170599
-0.0750676	-0.163573
-0.0648149	-0.15901
-0.0687524	-0.158632
-0.0619029	-0.169833
-0.069551	-0.171051
-0.0833221	-0.166613
-0.0790158	-0.158604
-0.0730346	-0.170608
-0.0782449	-0.166016
-0.113678	-0.15932
-0.0971942	-0.160097
-0.0990873	-0.159853
-0.0956421	-0.156597
-0.0791324	-0.13983
-0.0927504	-0.129166
-0.0615075	-0.138412
-0.0700447	-0.153526
-0.0596382	-0.172172
-0.0617237	-0.171606
-0.0599655	-0.16778
-0.0851462	-0.165462
-0.0912591	-0.174054
-0.0926016	-0.151818
-0.0979737	-0.15377
-0.0973876	-0.178382
-0.0986284	-0.198817
-0.0906219	-0.195732
-0.0906984	-0.188726
-0.090427	-0.177281
-0.0582695	-0.160144
-0.0573114	-0.156569
-0.0617287	-0.161183
-0.0792833	-0.141355
-0.08393	-0.170919
-0.0933794	-0.17394
-0.104106	-0.189138
-0.104778	-0.184651
-0.125687	-0.173511
-0.119491	-0.165413
-0.123902	-0.158529
-0.137732	-0.161533
-0.146097	-0.155046
-0.145405	-0.159894
-0.155045	-0.15898
-0.147412	-0.155518
-0.137529	-0.152955
-0.131205	-0.159612
-0.113314	-0.15112
-0.0841044	-0.15652
-0.0763214	-0.172618
-0.0732014	-0.169983
-0.0578566	-0.189295
-0.0489751	-0.188748
-0.0566269	-0.200956
-0.064507	-0.189285
-0.0622972	-0.187955
-0.0583069	-0.188023
-0.0499836	-0.201834
-0.0463307	-0.196715
-0.0567407	-0.189841
-0.0527852	-0.194826
-0.0340292	-0.191673
-0.0333515	-0.180492
-0.0241881	-0.181889
-0.0235748	-0.183669
-0.0223251	-0.202829
-0.0223521	-0.180977
-0.0155124	-0.179249
-0.0155314	-0.169347
-0.00846216	-0.180399
0.000870775	-0.17964
-0.00723071	-0.188743
-0.0151972	-0.202806
-0.00161945	-0.198511
1.71596e-05	-0.210552
0.00231486	-0.197258
-0.0254603	-0.220654
-0.0225504	-0.21551
-0.0127671	-0.209886
-0.00729696	-0.206242
-0.00893033	-0.205149
-0.0176569	-0.213109
-0.0117195	-0.209428
0.00736666	-0.225895
0.0108243	-0.216244
0.0100094	-0.196368
0.010502	-0.217661
0.0134141	-0.213555
0.0114293	-0.22435
-0.0134905	-0.199078
-0.0414617	-0.177623
-0.0286725	-0.198734
-0.0265432	-0.195861
-0.016401	-0.203055
-0.00826422	-0.200209
0.00643412	-0.178761
0.023425	-0.168992
0.0227771	-0.158143
0.0387537	-0.163845
0.0541817	-0.169047
0.0790913	-0.150888
0.0800074	-0.149699
0.0696813	-0.14879
0.0610306	-0.160233
0.0703645	-0.162045
0.0919219	-0.171358
0.0921479	-0.16214
0.104192	-0.136255
0.110646	-0.13992
0.106333	-0.145663
0.099503	-0.126486
0.129987	-0.126016
0.133609	-0.126847
0.150757	-0.14877
0.128907	-0.143968
0.12879	-0.144915
0.130623	-0.144081
0.129999	-0.140189
0.124686	-0.15951
0.122897	-0.175281
0.145006	-0.177597
0.129135	-0.189188
0.119902	-0.182536
0.11525	-0.172394
0.113872	-0.17003
0.109981	-0.164563
0.106634	-0.165381
0.113976	-0.131948
0.125148	-0.12727
0.127491	-0.121499
0.130044	-0.12611
0.127992	-0.10348
0.160403	-0.0980231
0.157897	-0.0790221
0.153641	-0.0824426
0.149684	-0.0837436
0.156826	-0.0861333
0.14975	-0.0953759
0.139379	-0.0921364
0.126322	-0.0853932
0.115076	-0.0882304
0.128201	-0.0673768
0.122848	-0.0840394
0.150207	-0.0988792
0.150719	-0.0849755
0.164914	-0.0845316
0.148919	-0.0728643
0.163227	-0.0699221
0.170002	-0.0487846
0.180331	-0.0514427
0.176181	-0.0491122
0.174251	-0.051928
0.178197	-0.0626049
0.184538	-0.0628266
0.18105	-0.0630513
0.182316	-0.0659316
0.142894	-0.0618266
0.143066	-0.0612188
0.149859	-0.067822
0.158653	-0.066894
0.16029	-0.0872727
0.149119	-0.0855655
0.154583	-0.0883807
0.160788	-0.0877327
0.14382	-0.0928245
0.159875	-0.0938293
0.159799	-0.106134
0.165273	-0.0706643
0.193765	-0.0653971
0.20413	-0.0895971
0.200608	-0.095278
0.196985	-0.0937742
0.197687	-0.0972629
0.195377	-0.0898894
0.18394	-0.0916253
0.191249	-0.110977
0.186129	-0.130478
0.191704	-0.143103
0.212617	-0.149856
0.206126	-0.151604
0.190164	-0.154085
0.187886	-0.136407
0.201136	-0.152062
0.193433	-0.143775
0.189903	-0.142281
0.161546	-0.166299
0.142241	-0.192904
0.145756	-0.184919
0.132825	-0.169236
0.122417	-0.156293
0.126301	-0.152686
0.135109	-0.148859
0.103905	-0.141096
0.120408	-0.141843
0.109181	-0.136867
0.0927482	-0.136237
0.0916168	-0.141177
0.104422	-0.155427
0.119149	-0.14605
0.124568	-0.154346
0.124602	-0.155225
0.120581	-0.169176
0.139999	-0.159264
0.137685	-0.169867
0.113182	-0.149005
0.119259	-0.147342
0.118251	-0.14169
0.123627	-0.132681
0.0998931	-0.135685
0.0968842	-0.140172
0.0977941	-0.130658
0.116429	-0.127733
0.126938	-0.122505
0.106471	-0.136462
0.118161	-0.141944
0.118308	-0.136507
0.132826	-0.141557
0.133743	-0.147072
0.122363	-0.128625
0.144421	-0.140398
0.14677	-0.17094
0.138821	-0.166055
0.116439	-0.149717
0.120776	-0.146483
0.123974	-0.170278
0.120982	-0.169621
0.115688	-0.169544
0.12114	-0.135289
0.12523	-0.13428
0.11835	-0.135979
0.11831	-0.149595
0.101774	-0.157716
0.0907326	-0.162037
0.0931721	-0.168717
0.0774404	-0.149035
0.0766414	-0.151419
0.0715459	-0.175461
0.0735152	-0.176831
0.0818629	-0.180613
0.0807278	-0.173483
0.0795424	-0.174896
0.0756244	-0.175155
0.0913139	-0.183562
0.0788308	-0.180527
0.0827037	-0.182703
0.0870121	-0.16377
0.078146	-0.177355
0.0618095	-0.170381
0.0431628	-0.152476
0.0411364	-0.158075
0.0466631	-0.162642
0.0601818	-0.164328
0.050825	-0.161165
0.0500371	-0.169381
0.0473039	-0.174961
0.0611205	-0.199463
0.087949	-0.195105
0.100691	-0.193113
0.113407	-0.200283
0.100017	-0.204545
0.0960254	-0.199439
0.0739186	-0.21432
0.0731147	-0.216093
0.0696291	-0.209581
0.0783208	-0.201992
0.0908918	-0.198879
0.0863955	-0.178811
0.0811513	-0.177685
0.0796127	-0.170354
0.0728751	-0.174647
0.0589433	-0.182671
0.0551428	-0.170095
0.0513449	-0.175246
0.0569896	-0.174355
0.0602385	-0.16678
0.0595859	-0.168961
0.0462919	-0.177267
0.0403367	-0.18614
0.0411253	-0.188938
0.0271461	-0.17592
0.0433106	-0.179349
0.0430629	-0.17901
0.0295089	-0.182363
0.0332412	-0.197911
0.0299485	-0.195368
0.0251024	-0.1985
0.00776309	-0.20901
0.00501427	-0.204184
0.0069985	-0.188806
0.00605346	-0.187631
0.0006137	-0.184798
-0.0135271	-0.181381
-0.0151762	-0.180924
-0.0238699	-0.185448
-0.0233733	-0.169319
-0.0164041	-0.171685
0.00200239	-0.171844
0.000829168	-0.174166
-0.000522192	-0.177246
-0.0031825	-0.179696
-0.0133036	-0.186568
0.00647874	-0.201048
-0.00785803	-0.185121
0.00660677	-0.185423
-0.00706157	-0.182914
-0.0053354	-0.190408
-0.00865197	-0.195215
-0.0243859	-0.199225
-0.0265654	-0.193519
-0.0171084	-0.20367
-0.0144643	-0.19908
-0.014464	-0.190975
-0.0142807	-0.173163
-0.0214653	-0.173257
-0.0314674	-0.173904
-0.025056	-0.157229
-0.035288	-0.162186
-0.034473	-0.165611
-0.0362477	-0.17047
-0.0323929	-0.197951
-0.0341801	-0.195072
-0.0502825	-0.195177
-0.0482425	-0.192245
-0.0565822	-0.162536
-0.0463255	-0.176168
-0.0714129	-0.181242
-0.0725671	-0.181404
-0.0652725	-0.186908
-0.0805663	-0.157734
-0.0766002	-0.155017
-0.0865101	-0.182712
-0.0868328	-0.180055
-0.0904235	-0.169007
-0.0806387	-0.163219
-0.0790962	-0.175769
-0.0812863	-0.163556
-0.0752218	-0.16391
-0.0587304	-0.178194
-0.0586842	-0.191936
-0.0604707	-0.18953
-0.0623701	-0.191884
-0.0689137	-0.156216
-0.080204	-0.154481
-0.0799525	-0.168992
-0.065399	-0.185482
-0.0650227	-0.181837
-0.0707391	-0.183411
-0.057851	-0.178843
-0.0818154	-0.155484
-0.0489687	-0.0960044
-0.054687	-0.109807
-0.0671057	-0.0780518
-0.0837199	-0.0991716
-0.0894232	-0.108921
-0.0791525	-0.114811
-0.0712438	-0.119693
-0.0699052	-0.115442
-0.072426	-0.119544
-0.0956788	-0.128368
-0.0988344	-0.131773
-0.12306	-0.139271
-0.132013	-0.109847
-0.131376	-0.098872
-0.129867	-0.0954772
-0.134058	-0.100818
-0.142128	-0.120057
-0.14265	-0.116445
-0.165516	-0.11504
-0.187723	-0.140061
-0.19427	-0.131021
-0.197361	-0.124326
-0.192376	-0.119103
-0.191081	-0.125628
-0.194726	-0.117399
-0.183758	-0.115086
-0.183106	-0.122622
-0.16158	-0.133368
-0.153154	-0.143044
-0.138612	-0.138882
-0.124692	-0.166448
-0.120723	-0.16603
-0.121499	-0.165651
-0.126457	-0.170491
-0.0771813	-0.197101
-0.0770506	-0.197791
-0.0799906	-0.156968
-0.0883241	-0.175315
-0.0867318	-0.184374
-0.102123	-0.185785
-0.106525	-0.180471
-0.114164	-0.172033
-0.111754	-0.191062
-0.114683	-0.205726
-0.0852217	-0.184663
-0.112136	-0.183529
-0.105364	-0.189051
-0.115379	-0.193147
-0.132538	-0.188089
-0.134524	-0.186297
-0.11853	-0.162661
-0.130811	-0.165252
-0.134469	-0.163917
-0.136743	-0.161942
-0.133588	-0.168211
-0.136136	-0.166735
-0.152718	-0.180755
-0.148927	-0.173598
-0.157012	-0.164937
-0.156335	-0.155567
-0.150392	-0.159113
-0.156278	-0.165322
-0.139045	-0.169413
-0.148631	-0.174848
-0.148653	-0.168237
-0.156462	-0.169269
-0.143122	-0.145629
-0.139159	-0.128523
-0.131568	-0.137986
-0.131614	-0.138806
-0.136732	-0.110694
