###  Units are X_hat = 1.73cm.
0.785398
0.784259
0.780821
0.762354
0.857516
0.81965
0.8207
0.758517
0.720075
0.805951
0.801349
0.852394
0.866404
0.949171
0.971475
0.952725
0.945429
0.967627
0.886258
0.95058
0.962751
0.993028
0.902658
0.892877
0.977031
0.889071
0.879094
0.909825
0.88968
0.899903
0.856257
0.865666
0.951049
0.942905
0.865029
0.895987
0.892021
0.935539
0.940912
0.892035
0.887853
0.987089
0.893115
0.826884
0.660845
0.611228
0.615143
0.571027
0.535961
0.528466
0.619447
0.679372
0.640453
0.609203
0.716004
0.704325
0.757379
0.769291
0.776581
0.870679
0.893577
0.794941
0.690548
0.688641
0.751407
0.795351
0.699039
0.723911
0.669472
0.582843
0.550349
0.638106
0.609034
0.651203
0.560361
0.520126
0.502912
0.3718
0.401703
0.485362
0.475003
0.472442
0.461466
0.484632
0.438769
0.530925
0.520421
0.459054
0.369089
0.496619
0.566256
0.572588
0.610327
0.691063
0.669002
0.595787
0.467623
0.483299
0.463563
0.481398
0.51302
0.493531
0.451963
0.357387
0.344591
0.267516
0.269127
0.29074
0.308745
0.242065
0.251326
0.169064
0.159254
0.159334
0.190991
0.202237
0.12193
0.0631562
0.0686773
0.109865
0.0878113
0.173342
0.235042
0.279077
0.238118
0.21629
0.188098
0.179747
0.0773811
0.134683
0.201223
0.211419
0.180369
0.182789
0.263924
0.267536
0.230855
0.110829
0.117331
0.164634
0.182807
0.276304
0.302015
0.181276
0.164681
0.19768
0.0550378
0.0397309
0.0662146
-0.0149995
-0.0088541
-0.0144311
0.038699
-0.123937
-0.0615477
-0.0659115
-0.0897477
-0.139099
-0.134576
-0.0339437
-0.044434
-0.0452691
0.173479
0.165644
0.17132
0.160961
0.0483872
0.0362195
0.0880583
0.251724
0.246
0.180484
0.164249
0.176318
0.170148
0.1952
0.250924
0.306775
0.309972
0.2799
0.200854
0.404947
0.296726
0.292418
0.156915
0.116154
0.105155
0.176687
0.179091
0.161551
0.190303
0.186808
0.181139
0.164276
0.0727717
0.157195
0.120635
0.150169
0.113531
0.0960672
0.126453
0.104572
0.0722808
0.0165785
0.0671115
0.0612244
0.0749851
0.00917062
0.0069657
0.059005
0.126979
0.097048
0.046379
0.0628173
0.0617862
0.0366213
0.130817
0.112843
0.121272
0.238147
0.13391
0.128497
0.149859
0.104391
-0.0347981
-0.0447293
-0.0378244
-0.0495095
0.0740899
0.151154
0.16263
0.171749
0.166457
0.156546
0.124434
0.200532
0.357763
0.350618
0.386711
0.432752
0.470156
0.375277
0.407909
0.360621
0.267277
0.266601
0.269375
0.268888
0.263134
0.308532
0.313555
0.308259
0.256533
0.256878
0.269372
0.345387
0.412492
0.434474
0.185407
0.172907
0.159388
0.15627
0.137752
0.184986
0.131722
-0.0796701
-0.0974698
-0.0438106
-0.154172
-0.300191
-0.29353
-0.248582
-0.206198
-0.157466
-0.157831
-0.203257
-0.189086
-0.031255
0.0169525
0.153064
0.203081
0.203388
0.207934
0.224412
0.124696
0.0315569
0.00394618
-0.0277953
-0.0877545
-0.0585167
-0.0269358
-0.0524637
-0.268201
-0.274039
-0.354347
-0.35586
-0.327228
-0.34326
-0.386975
-0.375446
-0.293825
-0.249508
-0.223095
-0.213296
-0.158106
-0.247193
-0.216848
-0.16886
-0.265363
-0.192516
-0.139943
-0.135951
-0.120315
-0.141071
-0.237273
-0.250429
-0.285335
-0.287644
-0.282045
-0.29162
-0.309448
-0.154856
-0.173429
-0.093636
-0.100941
-0.0916285
-0.0708148
-0.0977883
-0.0276201
-0.0232253
-0.0521517
0.00840095
-0.0254012
-0.0436153
-0.0701664
-0.0854366
-0.0798555
-0.0762371
-0.0974392
-0.108122
-0.116527
-0.0767257
0.0304579
0.0486559
0.0486158
0.058956
0.00694314
-0.0266805
-0.0203639
0.0866868
0.0613719
0.0633129
0.0115937
0.115044
0.106286
0.0638191
0.058183
0.0829137
0.130518
0.0691514
0.0598993
0.0406084
0.0183755
0.0527915
0.0992808
0.154565
0.15146
0.264792
0.274176
0.342482
0.26433
0.296169
0.283702
0.272153
0.282221
0.259767
0.252059
0.286933
0.264501
0.298986
0.181676
0.133865
0.092665
0.0625823
0.0412583
-0.00995442
0.00854857
-0.0281902
-0.169938
-0.212513
-0.187506
-0.253666
-0.266276
-0.18877
-0.246681
-0.230902
-0.223118
-0.20064
-0.17817
-0.127426
-0.0893273
-0.119883
-0.07369
-0.0761885
-0.219751
-0.140775
-0.125862
0.0745734
0.0347036
0.00983954
0.0178826
-0.0777762
-0.0892222
-0.0895691
-0.0504346
-0.0529122
-0.114729
-0.095765
-0.0850898
0.0295979
-0.00661001
-0.0117024
0.00723251
0.0161025
0.0723362
-0.0552411
-0.0529649
-0.0405675
-0.0239691
0.00964021
0.0731462
0.0416292
-0.0247661
-0.0269318
-0.0401327
-0.0438438
-0.178304
-0.177054
-0.16491
-0.161997
-0.0941172
-0.0937535
-0.0948219
-0.0182377
-0.0178912
-0.0206219
-0.0639206
-0.0975095
-0.0816671
-0.0868447
-0.0689475
0.0148822
0.0114256
-0.00526462
-0.112457
-0.182032
-0.183024
-0.203126
-0.202833
-0.189529
-0.197164
-0.213285
-0.174619
-0.101636
-0.14839
-0.14758
-0.130929
-0.180434
-0.0640172
-0.0170988
0.0888573
0.0571444
0.0780113
0.0852897
0.00656873
0.0200725
0.0445684
0.329694
0.345787
0.363452
0.201816
0.195049
0.228008
0.326283
0.258078
0.521453
0.519787
0.575131
0.416598
0.376671
0.369439
0.377704
0.470652
0.473166
0.485142
0.400677
0.455594
0.426954
0.365638
0.437108
0.493312
0.503064
0.469976
0.436103
0.45824
0.433893
0.425266
0.380832
0.441503
0.309814
0.296292
0.338899
0.33551
0.335107
0.288451
0.293212
0.308936
0.306107
0.253752
0.348221
0.400069
0.37025
0.381321
0.359994
0.414688
0.418022
0.385239
0.362249
0.345433
0.476833
0.44282
0.424931
0.449797
0.467833
0.433883
0.511956
0.509792
0.49849
0.444222
0.381316
0.331086
0.315884
0.252371
0.206747
0.227894
0.223228
0.356651
0.322707
0.36935
0.33066
0.322778
0.3346
0.337201
0.378091
0.390665
0.388833
0.390916
0.400271
0.40579
0.358564
0.35917
0.339594
0.37318
0.335697
0.375335
0.29386
0.170942
0.201016
0.261578
0.378289
0.280731
0.31494
0.215537
0.187875
0.172926
0.13887
-0.0747976
-0.0696063
-0.0654102
-0.135969
-0.0381138
-0.0750663
0.0588019
0.0524246
0.132781
0.134032
0.120284
0.168307
0.175918
0.186735
0.216743
0.239422
0.170215
0.204116
0.0765929
0.131258
0.160828
0.22494
0.257165
0.313266
0.370125
0.467932
0.32664
0.403258
0.415952
0.418551
0.422183
0.471736
0.437254
0.373507
0.29219
0.30878
0.320563
0.399922
0.41748
0.417168
0.41052
0.336472
0.406639
0.37573
0.36947
0.43416
0.414677
0.418711
0.449638
0.434952
0.516473
0.490313
0.422467
0.387722
0.294994
0.3038
0.32983
0.413865
0.420001
0.448475
0.394667
0.351586
0.379465
0.463654
0.484051
0.431167
0.421069
0.498087
0.577551
0.5855
0.591962
0.591815
0.424365
0.389725
0.378673
0.336021
0.38004
0.441166
0.444622
0.446582
0.403539
0.379927
0.38585
0.3091
0.259397
0.278173
0.253645
0.27115
0.26497
0.302516
0.291402
0.249177
0.267918
0.270186
0.187379
0.188351
0.195002
0.23066
0.266825
0.24279
0.363125
0.482593
0.503255
0.44946
0.434248
0.328024
0.252016
0.319859
0.324497
0.316493
0.39758
0.474362
0.41597
0.326951
0.283727
0.366344
0.193934
0.180965
0.141192
0.0784389
0.138078
0.236662
0.214889
0.0425123
0.132796
0.110584
0.102711
0.168499
0.348777
0.445298
0.484182
0.538218
0.53152
0.547418
0.644932
0.581923
0.552053
0.586713
0.63478
0.453022
0.523633
0.528949
0.578081
0.627959
0.560921
0.484673
0.39329
0.370774
0.498275
0.512278
0.504707
0.534124
0.751303
0.706948
0.699622
0.725184
0.720701
0.720605
0.700023
0.721386
0.733036
0.771282
0.780178
0.885909
0.971248
0.964944
0.94275
0.996365
0.925231
0.871919
1.04738
1.06233
1.03922
1.08001
1.08305
1.17854
1.12924
1.02937
1.05583
0.996624
1.03035
0.958994
0.995763
1.00653
1.03113
1.03114
1.03516
1.03496
1.04438
1.01493
0.891309
0.887525
0.908049
0.896874
0.915946
0.935229
0.961029
0.942716
0.965729
1.10105
1.21097
1.22276
1.41889
1.44889
1.47216
1.37646
1.31213
1.33642
1.30503
1.34943
1.35351
1.4096
1.42093
1.44958
1.33308
1.30318
1.28089
1.25115
1.32047
1.45202
1.37198
1.4083
1.41934
1.3744
1.3783
1.44695
1.55469
1.40465
1.34861
1.33255
1.34287
1.34077
1.32754
1.34075
1.28126
1.3369
1.40188
1.3734
1.28131
1.27522
1.26317
1.18158
1.34805
1.3585
1.30981
1.36848
1.42308
1.40054
1.37731
1.44546
1.48141
1.45046
1.46938
1.50959
1.5734
1.68645
1.78323
1.79436
1.82551
1.86713
1.88616
1.98727
2.1037
2.14151
2.11973
2.04735
2.09029
2.11657
2.15218
2.18512
2.19542
2.18204
2.1836
2.20325
2.14275
2.15343
2.06712
2.07252
2.03432
2.00176
1.96727
1.93328
2.03412
2.06328
2.09575
2.10451
2.1879
2.20139
2.19312
2.22748
2.11957
2.1226
2.02259
2.03156
2.08828
2.18889
2.16683
2.20375
2.31427
2.36253
2.24738
2.32506
2.35694
2.32766
2.30904
2.34107
2.43661
2.34343
2.29015
2.345
2.36081
2.35933
2.40578
2.39746
2.38186
2.16072
2.13233
2.16807
2.12293
2.17206
2.16453
2.15604
2.19334
2.2287
2.20777
2.15968
2.11183
2.21779
2.32533
2.33449
2.35134
2.3914
2.42486
2.49748
2.54197
2.5491
2.59984
2.63948
2.65913
2.70437
2.72669
2.71449
2.82132
2.8124
2.81333
2.75854
2.8133
2.85902
3.04726
3.02038
2.98715
2.98996
2.99573
2.99359
2.94775
2.98975
2.99143
2.94976
2.97827
2.967
2.95842
2.90132
2.95207
3.01596
3.01906
3.03505
3.10013
3.10058
-3.0812
-3.0602
-3.06118
3.07841
3.12908
3.12261
3.08269
3.13621
3.13673
-3.10565
-3.0475
-3.0503
-3.0506
-3.10432
-3.1409
-3.07805
-3.07632
-2.96985
-2.96037
-2.96511
-3.02048
-3.01377
-3.02196
-2.90001
-2.81438
-2.86901
-2.91075
-2.89272
-2.76994
-2.7677
-2.77027
-2.76262
-2.80743
-2.83134
-2.81917
-2.79468
-2.79841
-2.88143
-2.84591
-2.92237
-2.92539
-2.92261
-2.87419
-2.90105
-2.87748
-2.91105
-2.91361
-2.84474
-3.01029
-3.01594
-3.01269
-3.04531
-3.04233
-2.98652
-2.98322
-2.82904
-2.83623
-2.73302
-2.77474
-2.70855
-2.73549
-2.6712
-2.64957
-2.67281
-2.70743
-2.7162
-2.66669
-2.61359
-2.73055
-2.71776
-2.71943
-2.6747
-2.69348
-2.6908
-2.71393
-2.70737
-2.68222
-2.60787
-2.53995
-2.52799
-2.58254
-2.61134
-2.6061
-2.58078
-2.50531
-2.55028
-2.54688
-2.49162
-2.58789
-2.71764
-2.72123
-2.77296
-2.77214
-2.81389
-2.80339
-2.87577
-2.75841
-2.73895
-2.68627
-2.68318
-2.69425
-2.65593
-2.55652
-2.54662
-2.5332
-2.53573
-2.56145
-2.53159
-2.56708
-2.56093
-2.61528
-2.65765
-2.70563
-2.68704
-2.5419
-2.6648
-2.69109
-2.81457
-2.76012
-2.80462
-2.81504
-2.79331
-2.7824
-2.82895
-2.84388
-2.86033
-2.89688
-2.99308
-3.06709
-3.10083
3.11507
3.13766
3.08584
2.99592
3.00143
3.01962
3.08957
3.04775
3.08142
2.84207
2.84102
2.7821
2.77696
2.67357
2.68448
2.69407
2.61903
2.56121
2.53323
2.42913
2.43419
2.35655
2.46084
2.44583
2.39377
2.3976
2.41283
2.42008
2.32795
2.30814
2.2873
2.28414
2.28254
2.27384
2.24516
2.12861
2.34939
2.32645
2.31297
2.19779
2.14936
1.98139
1.96061
2.11661
2.11503
2.09095
2.25084
2.23071
2.1501
2.1399
2.21031
2.02405
1.977
1.95855
1.85734
1.7422
1.52535
1.58026
1.56913
1.66079
1.79476
1.67672
1.60576
1.58152
1.56206
1.50002
1.56174
1.58279
1.62457
1.61359
1.54817
1.50135
1.5637
1.6423
1.63903
1.58329
1.54924
1.32406
1.25785
1.29919
1.27857
1.26996
1.29304
1.28974
1.34115
1.33532
1.3144
1.38675
1.47609
1.27374
1.19455
1.08372
1.2217
1.13326
1.05575
1.01321
1.00138
1.01846
1.1418
1.10965
1.08218
0.978139
0.791771
0.80781
0.757253
0.782212
0.768516
0.714087
0.728306
0.723191
0.581961
0.681296
0.812621
0.78763
0.794607
0.777818
0.766154
0.769369
0.952127
0.913936
0.866158
0.946677
0.92006
0.898544
0.976773
0.926384
0.921061
1.07962
1.06197
1.11429
1.26298
1.23083
1.218
1.20715
1.1685
1.10843
0.921448
0.907129
0.894055
0.888178
0.903071
0.792834
0.751398
0.809546
0.792223
0.944272
0.983882
0.974725
1.04772
1.12639
1.09786
0.924851
0.99362
0.846437
0.865943
0.885208
0.866181
0.905514
0.897576
0.991381
0.979383
0.992512
1.10641
1.11652
1.10933
1.05026
1.10716
1.10314
1.13222
1.14416
1.18498
1.24097
1.2661
1.26673
1.22842
1.18826
1.12414
1.11512
1.13959
1.1872
1.20217
1.2132
1.4134
1.39143
1.40489
1.39629
1.44154
1.49276
1.51474
1.5717
1.60332
1.87285
1.88879
1.9261
1.89027
1.90452
2.05394
2.00461
2.05065
2.0508
2.10329
2.11946
2.13017
2.08203
1.95709
1.92547
1.98667
2.08208
2.08534
2.05859
2.0642
2.13497
2.10826
2.12351
2.06146
2.06517
2.04216
2.05085
2.05091
2.02899
2.03151
2.10549
2.06824
2.01705
2.06348
2.07285
2.08918
2.02672
2.02537
1.98371
2.03372
2.02678
2.06376
2.06119
2.02716
2.05093
1.94575
1.89438
1.87847
1.87884
1.89395
1.88408
1.94347
1.85136
1.81212
1.73366
1.75684
1.69376
1.64591
1.79262
1.77852
1.72708
1.68816
1.5884
1.55371
1.55152
1.51251
1.39801
1.30597
1.27964
1.27427
1.29442
1.35779
1.26569
1.54479
1.46193
1.4635
1.46037
1.39936
1.39838
1.39528
1.40189
1.4078
1.36865
1.37317
1.35669
1.35819
1.33412
1.33627
1.3138
1.30721
1.28823
1.20679
1.14536
1.1297
1.18952
1.2948
1.40652
1.39544
1.39526
1.42626
1.41505
1.40064
1.47364
1.49468
1.5794
1.66738
1.37808
1.35372
1.33538
1.29082
1.27507
1.25054
1.20409
1.20348
1.19648
1.18123
1.08647
1.06308
1.0399
1.11728
1.12287
1.16281
1.12448
1.14069
1.19214
1.22535
1.26507
1.31962
1.23688
1.25796
1.30714
1.3095
1.3403
1.39046
1.34992
1.27793
1.30231
1.33687
1.34542
1.34726
1.35183
1.33866
1.22231
1.23535
1.24862
1.2243
1.34202
1.38694
1.4452
1.45414
1.43739
1.45475
1.48218
1.40433
1.44294
1.48503
1.48441
1.57336
1.58289
1.64177
1.64131
1.65642
1.62952
1.63562
1.66035
1.59412
1.57753
1.6368
1.64817
1.68766
1.72259
1.73468
1.66055
1.71431
1.64854
1.77797
1.79551
1.71292
1.70807
1.77686
1.78944
1.82804
1.88181
1.90842
1.89948
1.95906
2.01859
2.12063
2.15804
2.24328
2.18759
2.26918
2.40273
2.43926
2.39026
2.42092
2.42973
2.43262
2.44183
2.4178
2.4534
2.42007
2.56725
2.51817
2.52183
2.61783
2.58184
2.62498
2.59993
2.68227
2.56332
2.57683
2.63567
2.59305
2.57163
2.60485
2.62174
2.72997
2.74314
2.67325
2.65597
2.62551
2.6571
2.65152
2.67332
2.66744
2.65766
2.60102
2.51622
2.68261
2.50619
2.45632
2.40557
2.28224
2.17738
2.17217
2.12226
2.13691
2.13249
2.02599
1.97625
1.99988
1.90194
1.88691
1.86374
1.84576
1.86055
1.83524
1.87967
1.79864
1.78929
1.84189
1.8272
1.89539
1.81794
1.87174
1.72193
1.68404
1.66738
1.63539
1.71709
1.60589
1.7398
1.75566
1.68701
1.61047
1.60394
1.57574
1.54743
1.40995
1.52386
1.49644
1.47713
1.32835
1.32355
1.32578
1.35051
1.35294
1.35651
1.44656
1.44892
1.40967
1.38991
1.46627
1.41835
1.40207
1.38971
1.36596
1.32875
1.32296
1.28165
1.28245
1.34258
1.21799
1.20771
1.29096
1.2124
1.17443
1.12043
1.17431
1.13296
1.14365
1.00048
1.09958
1.08108
1.10009
1.05395
1.0776
1.06574
1.03964
1.03792
1.00537
1.02925
0.979428
1.08236
1.10391
1.11513
1.06165
1.02867
1.00413
1.07542
1.05876
1.04084
1.02667
0.989694
0.877393
0.879723
0.901327
0.985207
0.984501
0.861891
0.888604
0.880972
0.796362
0.760053
0.775007
0.759589
0.697675
0.702384
0.67059
0.529457
0.522534
0.518921
0.566391
0.583261
0.569131
0.513684
0.523323
0.459453
0.447312
0.45108
0.468959
0.482624
0.565935
0.541508
0.523665
0.561098
0.645974
0.626525
0.608243
0.618694
0.634821
0.747447
0.708672
0.651192
0.665558
0.675099
0.624011
0.581035
0.594201
0.567114
0.503597
0.470548
0.446069
0.358239
0.382127
0.370157
0.333831
0.408685
0.577358
0.605421
0.536395
0.513561
0.523894
0.525497
0.689269
0.846599
0.852778
0.873335
0.897481
0.955229
0.990271
1.0364
1.09496
1.16529
1.18759
1.19825
1.44235
1.4004
1.49287
1.35616
1.39022
1.45498
1.47395
1.4008
1.43277
1.41825
1.43491
1.50496
1.51935
1.52697
1.57465
1.73223
1.75113
1.68672
1.69998
1.72383
1.72491
1.73045
1.74456
1.70468
1.7754
1.79819
1.81164
1.92577
1.9451
2.02824
2.10449
2.03157
2.10553
2.09483
2.18104
2.20323
2.21184
2.29249
2.27649
2.23947
2.17531
2.29419
2.19128
2.2182
2.21182
2.25948
2.11527
2.02822
2.15146
2.1861
2.07392
2.05764
2.04077
2.01551
1.99463
2.05703
2.12636
2.20796
2.16055
2.21073
2.1768
2.18777
2.20732
2.19792
2.24094
2.25417
2.31519
2.47286
2.49016
2.39326
2.41341
2.49497
2.56808
2.54387
2.5284
2.53313
2.53578
2.56993
2.65266
2.55467
2.57165
2.67991
2.7327
2.74054
2.71555
2.64476
2.61958
2.62416
2.61342
2.64787
2.62638
2.70456
2.75921
2.71783
2.77167
2.73089
2.68204
2.62976
2.61066
2.69731
2.67876
2.56845
2.69822
2.64649
2.63039
2.62468
2.56692
2.56884
2.58179
2.58494
2.50175
2.42656
2.27409
2.39398
2.40343
2.35949
2.23287
2.29681
2.38391
2.44862
2.32527
2.33898
2.33455
2.37756
2.3694
2.40553
2.32454
2.27896
2.24964
2.19428
2.20251
2.16819
2.13643
2.21335
2.19815
2.16386
2.09699
2.07449
2.06457
2.08376
2.11154
2.14528
2.12678
2.06934
1.96908
1.80649
1.78657
1.74323
1.71867
1.89598
1.89935
1.81301
1.84258
1.85476
1.96402
1.96001
1.93305
1.79527
1.78052
1.69329
1.67507
1.54989
1.5757
1.54729
1.51866
1.50204
1.55607
1.53879
1.53003
1.46673
1.43511
1.41461
1.35292
1.22158
1.07677
1.05301
1.18806
1.17467
1.1826
1.22165
1.40352
1.39523
1.39761
1.37704
1.34676
1.28303
1.3121
1.29576
1.38191
1.34934
1.32975
1.29828
1.25886
1.23066
1.18958
1.14183
1.16311
1.16457
1.19472
1.24891
1.23657
1.21525
1.02754
0.995876
1.00391
1.01321
1.0054
0.959828
0.866768
0.838552
0.812432
0.736783
0.754661
0.663203
0.715327
0.560072
0.479768
0.437178
0.391318
0.185831
0.202767
0.161424
0.160751
0.184255
0.0925451
0.0605505
0.0385024
0.0709603
0.0590199
-0.0097848
0.0783483
0.0875879
-0.0118407
-0.0124028
-0.127378
-0.114487
-0.184276
-0.408074
-0.379136
-0.322662
-0.270864
-0.336468
-0.234938
-0.23071
-0.215018
-0.240013
-0.260002
-0.305039
-0.281877
-0.295404
-0.257297
-0.31535
-0.370374
-0.33236
-0.394046
-0.354947
-0.368606
-0.354193
-0.381731
-0.430253
-0.351791
-0.476074
-0.362263
-0.24072
-0.254674
-0.280291
-0.209189
-0.197782
-0.183009
-0.156649
-0.256453
-0.273879
-0.263745
-0.278392
-0.215149
-0.15492
-0.291845
-0.285584
-0.138669
-0.142867
-0.143372
-0.261428
-0.205141
-0.271707
-0.140744
-0.256849
-0.271632
-0.109185
-0.168959
-0.204142
-0.180646
-0.240814
-0.240937
-0.191666
-0.193379
-0.338584
-0.279248
-0.255824
-0.339855
-0.349097
-0.489388
-0.499907
-0.496143
-0.449939
-0.522925
-0.503102
-0.470793
-0.539309
-0.62181
-0.624778
-0.59505
-0.62377
-0.682036
-0.711064
-0.704709
-0.729585
-0.770204
-0.771857
-0.76558
-0.805218
-0.890845
-0.880419
-0.834319
-0.838885
-0.881673
-0.942208
-1.08813
-1.10248
-1.06301
-1.08724
-1.13545
-1.15446
-1.125
-1.21853
-1.23869
-1.24988
-1.29972
-1.31439
-1.30772
-1.32111
-1.27067
-1.2877
-1.45004
-1.38001
-1.40618
-1.45792
-1.46803
-1.38557
-1.43681
-1.53875
-1.5647
-1.56056
-1.55369
-1.51904
-1.52861
-1.51118
-1.52156
-1.61859
-1.65622
-1.68814
-1.69876
-1.66472
-1.68407
-1.72113
-1.68753
-1.56956
-1.5965
-1.63026
-1.47054
-1.46799
-1.51432
-1.53255
-1.54661
-1.51065
-1.45009
-1.4447
-1.43502
-1.57316
-1.59623
-1.52507
-1.5653
-1.6285
-1.63817
-1.5622
-1.58674
-1.63721
-1.48859
-1.49163
-1.50643
-1.54194
-1.57578
-1.59923
-1.51378
-1.57549
-1.58498
-1.5405
-1.56438
-1.56638
-1.53086
-1.55899
-1.56174
-1.55752
-1.53886
-1.50868
-1.49782
-1.49079
-1.45012
-1.47326
-1.46973
-1.52142
-1.5279
-1.53338
-1.523
-1.63863
-1.69773
-1.70873
-1.63417
-1.60971
-1.60276
-1.59576
-1.56661
-1.57969
-1.52281
-1.45909
-1.43968
-1.55806
-1.57832
-1.58158
-1.57293
-1.56773
-1.5603
-1.55058
-1.53787
-1.52009
-1.52937
-1.53322
-1.50203
-1.48853
-1.5633
-1.65351
-1.58997
-1.65912
-1.66051
-1.59037
-1.64672
-1.73556
-1.77537
-1.82129
-1.79114
-1.82564
-1.83908
-1.7415
-1.81559
-1.79257
-1.80607
-1.77413
-1.78991
-1.79182
-1.86733
-1.92465
-1.92864
-1.93441
-1.96356
-1.95757
-1.892
-1.93919
-2.02258
-1.9247
-1.99149
-1.93551
-1.93194
-2.08148
-2.1462
-2.29406
-2.42616
-2.51953
-2.52299
-2.51161
-2.4712
-2.43073
-2.53812
-2.4751
-2.50311
-2.49635
-2.46741
-2.44485
-2.50627
-2.48447
-2.3629
-2.47464
-2.4526
-2.35698
-2.40522
-2.43004
-2.49463
-2.5794
-2.61831
-2.62465
-2.68922
-2.71491
-2.72627
-2.68121
-2.65673
-2.60659
-2.64684
-2.67941
-2.73237
-2.74701
-2.63927
-2.66788
-2.66649
-2.5999
-2.5556
-2.55345
-2.49905
-2.48795
-2.44975
-2.40957
-2.37651
-2.37683
-2.42279
-2.32546
-2.25319
-2.22583
-2.31109
-2.24275
-2.24796
-2.26049
-2.17966
-2.16636
-2.2463
-2.31064
-2.45218
-2.46661
-2.57424
-2.58252
-2.60132
-2.61764
-2.62515
-2.60569
-2.61163
-2.61878
-2.65101
-2.69039
-2.80445
-2.84311
-2.85827
-2.80849
-2.80881
-2.83245
-2.88268
-2.89214
-2.78515
-2.70749
-2.71985
-2.69107
-2.86362
-2.85763
-2.82794
-2.86563
-2.91858
-2.90637
-2.95477
-2.91752
-2.90012
-2.87558
-2.90557
-2.85081
-2.70241
-2.69756
-2.68901
-2.67348
-2.66758
-2.69947
-2.74272
-2.79803
-2.66388
-2.78525
-2.69834
-2.74084
-2.70992
-2.77599
-2.73188
-2.68862
-2.67983
-2.61026
-2.58121
-2.55315
-2.60541
-2.70343
-2.74821
-2.65542
-2.68723
-2.70118
-2.71552
-2.75281
-2.73251
-2.65491
-2.66422
-2.5695
-2.58111
-2.56461
-2.4604
-2.41139
-2.50909
-2.52506
-2.46339
-2.30034
-2.25471
-2.26349
-2.25105
-2.26732
-2.17944
-2.16499
-2.06864
-2.02942
-1.9855
-1.99635
-2.00894
-1.99423
-1.9819
-2.03058
-2.0109
-1.97391
-1.92061
-1.91065
-1.96776
-1.99886
-1.95245
-1.91906
-1.99691
-2.17376
-2.1536
-2.02399
-2.05523
-2.01772
-1.95255
-1.76988
-1.79189
-1.76925
-1.69495
-1.70472
-1.68652
-1.73739
-1.72641
-1.71889
-1.65108
-1.64853
-1.6045
-1.58772
-1.54819
-1.51222
-1.54921
-1.60053
-1.59285
-1.71867
-1.81072
-1.79203
-1.78476
-1.74234
-1.69299
-1.6287
-1.61283
-1.73044
-1.71204
-1.74994
-1.78418
-1.6969
-1.76208
-1.74323
-1.91765
-1.89507
-1.88726
-1.80454
-1.83254
-1.79362
-1.85425
-1.9561
-1.9355
-1.92335
-1.93533
-1.91649
-1.77655
-1.73434
-1.71491
-1.57371
-1.42999
-1.42271
-1.40332
-1.41263
-1.3868
-1.3986
-1.43073
-1.3893
-1.4072
-1.40046
-1.48959
-1.51074
-1.50767
-1.48544
-1.50884
-1.46423
-1.43924
-1.45866
-1.45295
-1.37207
-1.31871
-1.29722
-1.28211
-1.24459
-1.24079
-1.28809
-1.27389
-1.26085
-1.26946
-1.24774
-1.36451
-1.24007
-1.30632
-1.40427
-1.2244
-1.1552
-1.10057
-1.14851
-1.20101
-1.22197
-1.10755
-0.921038
-0.910065
-0.946602
-0.991479
-0.966142
-0.957053
-1.03753
-1.02752
-1.04402
-1.05432
-1.08695
-1.08113
-0.993399
-0.95437
-0.974146
-1.02089
-0.928544
-0.917568
-0.854748
-0.772156
-0.743387
-0.738416
-0.623307
-0.702255
-0.746867
-0.733707
-0.53422
-0.517372
-0.607831
-0.683566
-0.661614
-0.716204
-0.724833
-0.860349
-0.770467
-0.740008
-0.722862
-0.691647
-0.680194
-0.662901
-0.653285
-0.583554
-0.618893
-0.688522
-0.72012
-0.840612
-0.697806
-0.671537
-0.769336
-0.747854
-0.869718
-0.769399
-0.761262
-0.74492
-0.742134
-0.810762
-0.796732
-0.796327
-0.867955
-0.840432
-0.87617
-0.852012
-0.882134
-0.861156
-0.767745
-0.781325
-0.788393
-0.749398
-0.781426
-0.768609
-0.774694
-0.745846
-0.751839
-0.765256
-0.729201
-0.87567
-0.868688
-0.932221
-0.798168
-0.841704
-0.83652
-0.867593
-0.919176
-0.949661
-0.928313
-0.96407
-0.958946
-0.845984
-0.876938
-0.904554
-0.854596
-0.90851
-0.975898
-0.959523
-0.931609
-0.936946
-1.00537
-1.13718
-1.15814
-1.2437
-1.28315
-1.20789
-1.2198
-1.14223
-1.19678
-1.13933
-1.13873
-1.03403
-1.10758
-1.12253
-1.22054
-1.23371
-1.29292
-1.34517
-1.476
-1.48114
-1.511
-1.56815
-1.60292
-1.76593
-1.75218
-1.53126
-1.58123
-1.61597
-1.72739
-1.79245
-1.77804
-1.79425
-1.91148
-1.943
-1.86873
-1.89487
-1.88476
-1.88722
-1.87089
-2.08998
-2.06736
-2.15723
-2.15566
-2.17511
-2.15447
-2.13828
-2.19538
-2.18629
-2.21593
-2.20454
-2.21318
-2.21949
-2.2504
-2.17539
-2.23289
-2.33721
-2.42225
-2.36677
-2.37437
-2.48655
-2.48169
-2.4505
-2.4218
-2.39765
-2.32224
-2.32289
-2.30805
-2.28921
-2.27204
-2.30039
-2.29481
-2.27608
-2.25092
-2.25022
-2.23347
-2.08517
-1.99838
-2.07292
-1.94244
-1.7755
-1.81471
-1.79624
-1.7699
-1.83098
-1.66307
-1.5795
-1.56703
-1.62868
-1.67073
-1.69958
-1.6816
-1.67821
-1.72787
-1.70799
-1.71927
-1.62974
-1.78695
-1.6802
-1.72622
-1.77869
-1.68412
-1.58117
-1.51944
-1.6639
-1.62959
-1.6606
-1.81299
-1.85569
-1.8298
-1.74702
-1.62395
-1.56973
-1.59659
-1.57016
-1.55553
-1.6054
-1.63741
-1.62354
-1.57791
-1.54809
-1.55129
-1.57524
-1.68715
-1.65311
-1.55624
-1.56042
-1.65107
-1.65776
-1.58952
-1.59706
-1.55546
-1.56041
-1.53016
-1.52478
-1.66237
-1.70278
-1.79339
-1.77048
-1.76735
-1.76236
-1.645
-1.62225
-1.75058
-1.77291
-1.87983
-1.78778
-1.74931
-1.72152
-1.68843
-1.65054
-1.53423
-1.54311
-1.48059
-1.37001
-1.35934
-1.31729
-1.36108
-1.31419
-1.25863
-1.29859
-1.31832
-1.26469
-1.04379
-1.05539
-1.1131
-1.14313
-1.12764
-1.10045
-1.05013
-1.04527
-1.04187
-1.02817
-1.02213
-0.873296
-0.925729
-0.965214
-0.962414
-1.09802
-1.06919
-1.11984
-1.05885
-1.04462
-0.922187
-0.887714
-0.935865
-0.902809
-0.949084
-0.990203
-0.964619
-1.02321
-1.08218
-0.96393
-0.91279
-0.844101
-0.853305
-0.972747
-0.734411
-0.791583
-0.776279
-0.695005
-0.701901
-0.71261
-0.704831
-0.69658
-0.752573
-0.766183
-0.78415
-0.735582
-0.763549
-0.800798
-0.756834
-0.811964
-0.84882
-1.03754
-1.10413
-1.04888
-0.985417
-1.04772
-1.07665
-1.09269
-1.1272
-1.07451
-1.11358
-1.09918
-1.01347
-1.09336
-1.13806
-1.2509
-1.20565
-1.26376
-1.26598
-1.17564
-1.22422
-1.21255
-1.28368
-1.25397
-1.40814
-1.47994
-1.6126
-1.61029
-1.62379
-1.71469
-1.72728
-1.78978
-1.7759
-1.78723
-1.81264
-1.80884
-1.81146
-1.86058
-1.72243
-1.72749
-1.77664
-1.77414
-1.76272
-1.78718
-1.70329
-1.77475
-1.78364
-1.74687
-1.83062
-1.85672
-1.86404
-1.96012
-1.92895
-2.01669
-2.01843
-2.01202
-2.06322
-1.98795
-2.01309
-1.93605
-2.02837
-2.13669
-2.15589
-2.11227
-2.07637
-2.08724
-2.04698
-1.97282
-2.06192
-2.03448
-2.06004
-2.07149
-2.10164
-1.99115
-2.03633
-2.04358
-2.02959
-2.05291
-1.97143
-1.97209
-1.97432
-2.01072
-2.07394
-2.09462
-2.08715
-2.09831
-2.12454
-2.08067
-2.11805
-2.04476
-1.947
-1.95869
-1.92025
-1.89495
-1.88876
-1.83822
-1.77496
-1.93993
-1.76915
-1.55817
-1.58339
-1.53833
-1.60748
-1.58438
-1.61024
-1.49721
-1.53202
-1.5335
-1.51915
-1.52432
-1.50709
-1.24271
-1.24632
-1.258
-1.23033
-1.25628
-1.23715
-1.23021
-1.26352
-1.25621
-1.19162
-1.27395
-1.29725
-1.3131
-1.32734
-1.33415
-1.42871
-1.54692
-1.53292
-1.55807
-1.57643
-1.56906
-1.5518
-1.47541
-1.49969
-1.52651
-1.52692
-1.53756
-1.47767
-1.48855
-1.41868
-1.42279
-1.49861
-1.53254
-1.54787
-1.5573
-1.57421
-1.64906
-1.67766
-1.67964
-1.70316
-1.78216
-1.86971
-1.82559
-1.84774
-1.77397
-1.84833
-1.95583
-2.04322
-1.86025
-1.89105
-2.00265
-1.91157
-1.93773
-1.981
-2.01217
-1.94177
-1.87726
-1.86178
-1.89212
-1.87214
-1.85912
-1.77146
-1.86245
-1.89186
-1.85105
-1.8327
-1.75991
-1.84017
-1.64464
-1.64976
-1.644
-1.65012
-1.68218
-1.64637
-1.54729
-1.4907
-1.43163
-1.50018
-1.48642
-1.44818
-1.38359
-1.36436
-1.34109
-1.18503
-1.17682
-1.16518
-1.07605
-1.01884
-1.05992
-1.09835
-1.08862
-0.940093
-0.907059
-1.05615
-1.0815
-1.13873
-1.16425
-1.15865
-1.17352
-1.17274
-1.23706
-1.24283
-1.18551
-1.24095
-1.22056
-1.22666
-1.31904
-1.37707
-1.3884
-1.51098
-1.56369
-1.52046
-1.53432
-1.50599
-1.50507
-1.55923
-1.55237
-1.57341
-1.58985
-1.70934
-1.77073
-1.82906
-1.71217
-1.78978
-1.84924
-1.75561
-1.77579
-1.81593
-1.88585
-1.94838
-1.91325
-1.85979
-1.95794
-1.97804
-1.974
-1.97618
-2.00175
-2.0166
-2.01504
-1.89738
-1.94184
-1.93312
-1.93493
-1.98927
-1.91728
-1.85675
-1.85472
-1.81507
-1.68429
-1.66416
-1.53064
-1.51308
-1.60862
-1.42968
-1.43618
-1.3701
-1.35299
-1.32388
-1.39937
-1.38979
-1.39193
-1.34137
-1.33814
-1.28735
-1.1703
-1.17361
-1.16073
-1.14065
-1.17894
-1.35965
-1.43642
-1.45648
-1.46212
-1.44768
-1.37494
-1.36627
-1.43189
-1.37647
-1.42746
-1.41923
-1.48814
-1.4468
-1.44246
-1.58264
-1.48933
-1.50285
-1.52349
-1.53289
-1.51334
-1.48
-1.50391
-1.51053
-1.41769
-1.44639
-1.64569
-1.86846
-1.8304
-1.985
-2.14751
-2.1207
-2.18697
-2.14126
-2.28927
-2.43438
-2.50043
-2.61074
-2.60043
-2.59535
-2.67867
-2.67808
-2.69353
-2.69025
-2.75294
-2.76809
-2.80831
-2.67249
-2.73011
-2.69939
-2.67983
-2.75196
-2.74732
-2.74634
-2.82946
-2.85244
-2.91506
-2.91588
-2.94521
-2.87702
-2.88857
-2.87342
-2.84581
-2.8049
-2.80486
-2.84985
-2.74272
-2.88029
-2.89193
-2.74087
-2.80279
-2.859
-2.87577
-2.88065
-2.7239
-2.71145
-2.64086
-2.72801
-2.75899
-2.79403
-2.78702
-2.72635
-2.72527
-2.84586
-2.783
-2.78228
-2.69752
-2.63841
-2.60808
-2.54736
-2.56171
-2.55093
-2.63249
-2.64161
-2.52249
-2.61296
-2.76896
-2.71777
-2.79335
-2.7982
-2.86064
-2.76337
-2.66612
-2.63784
-2.59974
-2.53864
-2.51586
-2.48346
-2.47204
-2.3087
-2.21026
-2.11121
-2.06264
-2.04618
-2.02849
-2.00541
-1.84234
-1.81012
-1.79631
-1.71959
-1.72854
-1.6557
-1.64009
-1.60077
-1.45634
-1.4049
-1.23614
-1.22482
-1.33025
-1.29199
-1.27409
-1.1527
-1.14137
-1.11374
-1.11752
-1.11187
-1.10388
-1.05589
-1.04505
-1.03957
-1.03877
-0.948586
-0.92304
-0.955776
-1.0611
-1.03826
-0.959505
-0.971063
-1.07594
-1.12323
-1.18595
-1.08106
-1.04925
-0.985464
-0.913319
-0.926456
-0.837257
-0.758476
-0.761904
-0.818737
-0.887239
-0.953511
-0.919093
-0.919283
-0.907607
-0.94613
-0.899016
-0.927767
-1.05426
-1.05138
-0.995849
-1.00022
-0.931864
-0.852185
-0.836665
-0.676344
-0.629331
-0.529983
-0.476849
-0.389265
-0.341834
-0.269209
-0.301914
-0.297443
-0.215114
-0.212813
-0.202047
-0.247488
-0.407624
-0.482968
-0.476716
-0.497067
-0.489631
-0.546199
-0.57873
-0.565826
-0.49763
-0.515267
-0.46253
-0.459641
-0.37247
-0.367496
-0.413449
-0.400365
-0.448079
-0.39412
-0.420576
-0.39863
-0.439366
-0.41039
-0.433222
-0.42332
-0.464904
-0.318653
-0.308695
-0.171926
-0.129222
-0.136014
-0.122923
-0.0883885
-0.101909
-0.0902958
-0.0577702
-0.0800274
0.0318677
0.138438
0.127469
0.156397
0.0953967
0.0852351
0.0324126
0.0310919
-0.0942023
-0.00978188
-0.0763752
-0.125489
-0.0872429
-0.1535
-0.152562
-0.228517
-0.272036
-0.220125
-0.215896
-0.204247
-0.176805
-0.211817
-0.250239
-0.293775
-0.288444
-0.315489
-0.330599
-0.34854
-0.417746
-0.379261
-0.29786
-0.30771
-0.322476
-0.282075
-0.234791
-0.238336
-0.163531
-0.126355
-0.119494
0.0440943
0.0169619
-0.0249425
-0.0181689
-0.0116499
-0.00868006
-0.0103123
-0.00592008
-0.0052878
-0.00977958
-0.0440002
0.123607
0.113815
0.179029
0.195512
0.180378
0.162023
0.135637
0.126859
0.147293
0.207145
0.202494
0.0905466
0.0465123
-0.0349752
-0.0252608
-0.00610179
-0.0645983
-0.0156694
-0.0462927
-0.0394622
-0.147065
-0.141156
-0.111564
-0.123169
-0.228232
-0.191891
-0.176
-0.138728
-0.150654
-0.098163
-0.0816034
-0.142032
0.0330673
0.124713
0.135523
0.142284
0.229821
0.310152
0.270994
0.242931
0.279967
0.274735
0.318295
0.319831
0.33473
0.426897
0.41249
0.378737
0.346589
0.397022
0.23516
0.215471
0.189468
0.230475
0.37008
0.343945
0.391736
0.457011
0.296163
0.321815
0.360473
0.336112
0.334001
0.327485
0.377843
0.363616
0.361769
0.35961
0.355747
0.364635
0.411122
0.166024
0.158088
0.161503
0.179797
0.120615
0.219325
0.2884
0.306275
0.313834
0.41495
0.443072
0.441787
0.468623
0.444165
0.436517
0.408762
0.507555
0.620619
0.589142
0.581839
0.717937
0.782392
0.74003
0.767714
0.718339
0.798774
0.826064
0.930691
0.924146
0.930624
0.949245
0.947654
1.04366
1.08126
1.05088
0.901207
0.923636
0.932275
0.819575
0.865109
0.907284
0.833873
0.859487
0.849683
0.877628
0.924138
0.886987
0.87403
0.891882
0.863749
0.867954
0.71455
0.655204
0.710742
0.68764
0.695868
0.766973
0.787505
0.830612
0.873328
0.939256
1.08151
1.06489
1.07594
1.09182
1.15527
1.08618
1.00471
1.03829
1.06346
1.07129
1.09288
1.08441
1.03832
1.05045
1.01028
0.963481
0.893985
0.885036
0.902057
0.880003
0.934693
0.866128
0.735682
0.748819
0.897953
0.893603
0.93584
0.885154
0.907165
0.92595
0.962391
0.985612
0.995608
0.935738
0.923978
0.911785
0.959438
0.914798
1.05826
0.949437
1.03509
1.08874
0.987783
1.02378
0.995353
1.05861
1.01096
1.02145
0.967301
0.959398
0.978608
0.988745
1.01031
0.994402
1.08752
1.27777
1.14207
1.1562
1.17992
0.93792
0.917714
0.975484
1.0263
0.952458
0.902178
0.87029
0.860228
0.880921
0.83483
0.880008
0.952274
0.918309
1.0485
1.06593
1.0837
1.05352
1.02693
1.05801
0.910009
0.810322
0.830911
0.834501
0.879426
0.849482
0.884649
0.859683
0.779892
0.780811
0.811003
0.816686
0.840081
0.842014
0.871334
0.945917
0.946507
1.00467
0.868933
0.958671
0.906389
0.909876
1.09121
1.1371
1.15334
1.21173
1.19162
1.18754
1.27984
1.2752
1.24666
1.2798
1.25311
1.35651
1.35607
1.32953
1.32286
1.32679
1.2735
1.28774
1.19696
1.01954
1.22695
1.23365
1.22371
1.21929
1.23707
1.15116
0.936614
0.958516
0.914027
0.875367
0.691492
0.637665
0.588795
0.60305
0.61214
0.700644
0.714981
0.758782
0.931994
0.859205
0.794673
0.851331
0.867897
0.957233
0.999317
1.00185
1.11468
1.20059
1.28162
1.17929
1.19003
1.14946
0.999135
1.036
1.06967
1.07157
1.1826
1.24063
1.21289
1.1891
1.20214
1.15283
1.22806
1.26621
1.21839
1.23351
1.24162
1.24032
1.28702
1.419
1.41556
1.52188
1.53701
1.47983
1.50832
1.58506
1.50353
1.50716
1.59866
1.56492
1.56604
1.56419
1.62066
1.69931
1.75867
1.76787
1.87979
1.89161
1.89305
1.97461
1.96757
1.98832
1.99838
1.88999
1.87345
1.9144
1.94583
1.93295
1.97168
1.97162
1.98331
1.9796
1.81912
1.81402
1.82865
1.85453
1.89163
2.03871
2.04364
1.97788
2.00354
2.1213
2.12531
2.21044
2.21349
2.32366
2.31041
2.32091
2.29539
2.31742
2.29402
2.32447
2.36703
2.37713
2.38886
2.37455
2.4535
2.45123
2.38145
2.3054
2.22135
2.25524
2.48255
2.47755
2.48707
2.52371
2.50066
2.58881
2.40063
2.17245
2.1506
2.2832
2.43497
2.47443
2.45887
2.53016
2.57205
2.72682
2.7416
2.66127
2.63639
2.63373
2.67021
2.65846
2.72796
2.70494
2.70805
2.73579
2.66478
2.74027
2.76893
2.70336
2.69592
2.60215
2.52725
2.57205
2.58117
2.57775
2.50527
2.60047
2.62069
2.62539
2.63158
2.64839
2.64327
2.62389
2.57445
2.66556
2.55867
2.56197
2.56891
2.54378
2.61323
2.62138
2.62965
2.66842
2.67364
2.65866
2.62349
2.68135
2.73243
2.73274
2.84001
2.92389
2.95182
2.91618
2.86107
2.87939
2.76019
2.62591
2.66501
2.84268
2.84155
2.82881
2.87494
2.93607
2.98866
3.12305
3.11811
3.12553
-3.10617
3.11461
3.1254
-3.05793
-3.10437
-3.10047
-3.07319
-3.05425
-3.0636
-3.13746
-2.99593
-2.99553
-2.95253
-2.75207
-2.79287
-2.81845
-2.82843
-2.86461
-2.94504
-2.87015
-2.89198
-2.89082
-2.87338
-2.81811
-2.86379
-2.84206
-2.91253
-2.96227
-3.11152
-2.9873
-2.98778
-2.92502
-2.92861
-2.88667
-2.87104
-2.87184
-2.62246
-2.59125
-2.59786
-2.51894
-2.50328
-2.50767
-2.50485
-2.49153
-2.61212
-2.57342
-2.60125
-2.62629
-2.60307
-2.60545
-2.66901
-2.67091
-2.60952
-2.5937
-2.47297
-2.45676
-2.45968
-2.4354
-2.40783
-2.4646
-2.53959
-2.5862
-2.56453
-2.54718
-2.55436
-2.61423
-2.61308
-2.61891
-2.60521
-2.60872
-2.50099
-2.50711
-2.40407
-2.35062
-2.30157
-2.2154
-2.12293
-2.13265
-2.0694
-2.09692
-2.01571
-2.02643
-2.09638
-2.08625
-2.12444
-2.15771
-2.05361
-2.08684
-2.09608
-2.05915
-2.25377
-2.26713
-2.25861
-2.25301
-2.26367
-2.40804
-2.4024
-2.40187
-2.41765
-2.42572
-2.30137
-2.24549
-2.25152
-2.28162
-2.23263
-2.24494
-2.25757
-2.23958
-2.23347
-2.22699
-2.25846
-2.23866
-2.24341
-2.25803
-2.17135
-2.17883
-2.20373
-2.18957
-2.10983
-2.17812
-2.15071
-2.20874
-2.218
-2.24047
-2.27343
-2.26044
-2.26455
-2.19216
-2.20585
-2.23237
-2.20962
-2.30726
-2.33225
-2.37897
-2.38574
-2.39946
-2.43557
-2.44305
-2.44297
-2.49564
-2.39075
-2.30456
-2.30383
-2.28699
-2.29309
-2.3062
-2.30405
-2.29355
-2.14117
-2.14496
-2.135
-2.1517
-2.11174
-2.13162
-2.14065
-2.29289
-2.2704
-2.37402
-2.36286
-2.5313
-2.54122
-2.58272
-2.5485
-2.52311
-2.42729
-2.42614
-2.49742
-2.40071
-2.41038
-2.55131
-2.4746
-2.35329
-2.38581
-2.39272
-2.43285
-2.42599
-2.4354
-2.47569
-2.5077
-2.52145
-2.54557
-2.54836
-2.55547
-2.44892
-2.34804
-2.27384
-2.27631
-2.26931
-2.38084
-2.39119
-2.48312
-2.4905
-2.57505
-2.57785
-2.37986
-2.38511
-2.33164
-2.33448
-2.32298
-2.33801
-2.37274
-2.34964
-2.3078
-2.29215
-2.29217
-2.18885
-2.20202
-2.19308
-2.21311
-2.22167
-2.20054
-2.23595
-2.15736
-2.13474
-2.09895
-2.12384
-2.07645
-2.09233
-1.98204
-1.95781
-1.87323
-1.82505
-1.78885
-1.83362
-1.77076
-1.81243
-1.8363
-1.87737
-1.88575
-1.78328
-1.74253
-1.69229
-1.62333
-1.55534
-1.57228
-1.54945
-1.53181
-1.47274
-1.47303
-1.43982
-1.44577
-1.45431
-1.47215
-1.46285
-1.41265
-1.36778
-1.33816
-1.23522
-1.15863
-1.07205
-1.02439
-1.00374
-1.08059
-1.06498
-1.06871
-0.976777
-0.986428
-0.970415
-1.00562
-0.999489
-1.01536
-1.05785
-1.1061
-1.11204
-1.13621
-1.14683
-1.17502
-1.01232
-1.05131
-1.0511
-0.942037
-0.953029
-1.12021
-1.13232
-1.05138
-1.09904
-1.11592
-1.12608
-1.13891
-1.1585
-1.16386
-1.14844
-1.23683
-1.23014
-1.24491
-1.26344
-1.3039
-1.33282
-1.33704
-1.35739
-1.30318
-1.24635
-1.17215
-1.20123
-1.18339
-1.26433
-1.29903
-1.28021
-1.36469
-1.36849
-1.3257
-1.32456
-1.26759
-1.36324
-1.34076
-1.35598
-1.38894
-1.40209
-1.5141
-1.52977
-1.417
-1.36177
-1.38941
-1.39733
-1.43094
-1.44674
-1.41861
-1.43247
-1.42719
-1.51439
-1.58196
-1.57496
-1.55103
-1.55077
-1.59976
-1.53052
-1.53811
-1.64864
-1.65098
-1.72668
-1.73736
-1.73701
-1.75283
-1.77536
-1.86851
-1.9032
-1.88954
-1.9178
-1.86156
-1.98816
-1.99536
-2.01851
-2.0947
-2.10934
-2.17058
-2.19352
-2.20123
-2.28107
-2.32996
-2.32198
-2.30939
-2.3118
-2.33945
-2.40408
-2.55883
-2.53914
-2.40874
-2.33732
-2.27895
-2.20656
-2.21883
-2.23772
-2.23699
-2.08855
-2.09511
-2.09302
-2.2723
-2.32543
-2.28705
-2.27852
-2.25552
-2.24888
-2.23591
-2.26354
-2.20163
-2.14132
-2.09292
-2.04383
-2.1135
-2.01417
-1.98176
-2.02145
-1.98954
-1.96287
-1.92259
-1.97088
-1.95701
-2.06256
-1.97631
-1.96171
-1.92977
-2.04863
-2.00417
-2.03581
-2.03098
-2.08207
-2.07505
-2.09914
-2.09101
-2.06727
-2.03105
-2.01393
-1.97991
-1.96413
-2.17957
-2.16258
-2.19993
-2.22124
-2.2888
-2.12079
-2.13973
-2.09248
-1.90383
-1.94835
-1.92722
-1.93561
-2.04787
-2.04307
-2.08496
-2.07885
-1.9349
-1.88313
-1.87473
-1.93614
-1.94026
-1.92417
-1.96974
-2.03899
-2.03749
-1.891
-1.84789
-1.83007
-1.83227
-1.7708
-1.56011
-1.55711
-1.44101
-1.40045
-1.2917
-1.24977
-1.25601
-1.23973
-1.28971
-1.27675
-1.275
-1.12668
-1.17396
-1.26139
-1.20957
-1.14718
-1.16329
-1.2074
-1.36767
-1.31701
-1.31227
-1.30521
-1.37491
-1.29213
-1.2697
-1.23197
-1.14527
-1.1612
-1.15625
-1.12889
-1.19154
-1.17786
-1.18979
-1.17564
-1.14445
-1.12988
-1.16378
-1.07186
-1.02897
-1.04112
-0.972871
-0.957333
-0.946997
-0.894883
-0.916145
-0.950025
-0.952501
-0.997829
-0.937251
-1.03851
-1.12013
-0.850357
-0.83379
-0.851232
-0.808329
-0.800062
-0.892112
-0.859572
-0.865474
-0.89761
-0.921232
-0.876165
-0.759958
-0.787893
-0.585818
-0.578308
-0.591552
-0.64313
-0.65027
-0.71827
-0.651995
-0.643331
-0.634301
-0.588174
-0.594572
-0.570377
-0.574717
-0.592965
-0.606969
-0.618657
-0.656282
-0.591589
-0.548875
-0.6272
-0.593893
-0.664119
-0.682272
-0.665576
-0.788488
-0.818905
-0.856138
-0.857255
-0.988171
-1.04316
-1.04927
-0.994308
-1.03518
-1.10053
-1.14415
-1.16107
-1.18249
-1.203
-1.19862
-1.25859
-1.14764
-1.19035
-1.24998
-1.28185
-1.303
-1.30977
-1.31746
-1.33129
-1.33128
-1.34228
-1.49494
-1.50792
-1.4619
-1.42748
-1.2858
-1.30243
-1.24808
-1.24847
-1.24365
-1.20407
-1.29914
-1.09459
-1.09906
-1.11847
-1.21033
-1.16338
-1.22432
-1.24881
-1.2989
-1.27147
-1.28845
-1.33495
-1.41321
-1.42199
-1.41248
-1.50851
-1.53466
-1.555
-1.44585
-1.41604
-1.36791
-1.38322
-1.41458
-1.36945
-1.33889
-1.56456
-1.65946
-1.6198
-1.65499
-1.60698
-1.63839
-1.70556
-1.78865
-1.90704
-1.90711
-1.87784
-1.84769
-1.85526
-1.95015
-1.95553
-1.90608
-1.85279
-1.81929
-1.82116
-1.94843
-1.97013
-1.98029
-1.99999
-2.10346
-2.07602
-2.03876
-2.00415
-2.07253
-2.10667
-2.21721
-2.15876
-2.18337
-2.16798
-2.12778
-2.02775
-2.11564
-2.15656
-2.15929
-2.10752
-2.10521
-2.12453
-2.15467
-2.18077
-2.15379
-2.17284
-2.1646
-2.17315
-2.14693
-2.13
-2.16299
-2.2287
-2.25916
-2.29159
-2.31942
-2.22464
-2.34162
-2.49697
-2.43198
-2.34549
-2.3764
-2.36472
-2.45381
-2.49423
-2.54064
-2.50743
-2.46146
-2.46333
-2.60929
-2.61301
-2.62455
-2.5975
-2.68264
-2.74257
-2.60574
-2.6768
-2.64062
-2.52909
-2.47675
-2.46219
-2.44206
-2.39968
-2.39309
-2.21272
-2.0956
-2.19663
-2.25788
-2.16761
-2.15058
-2.18085
-2.23494
-2.21309
-2.26662
-2.25287
-2.26696
-2.18869
-2.17615
-2.18011
-2.07316
-2.11725
-2.12134
-2.1438
-2.12842
-2.07624
-2.03844
-2.20495
-2.09176
-2.07745
-2.06783
-2.10835
-2.16866
-2.24085
-2.23579
-2.36955
-2.3752
-2.24017
-2.11021
-2.13184
-2.16655
-2.09448
-2.32686
-2.22436
-2.20617
-2.15365
-2.13781
-2.11127
-2.17472
-2.25402
-2.23165
-2.1555
-2.13726
-2.0546
-1.9914
-1.94456
-1.97398
-1.95539
-1.86881
-1.83187
-1.75612
-1.66741
-1.62682
-1.60481
-1.58203
-1.58013
-1.5737
-1.55435
-1.58615
-1.55466
-1.53241
-1.48342
-1.40895
-1.3387
-1.28372
-1.16121
-1.2002
-1.20898
-1.0643
-0.869174
-0.881272
-0.865796
-0.844376
-0.833897
-0.828918
-0.827364
-0.829696
-0.850046
-0.825427
-0.745629
-0.690121
-0.70148
-0.67828
-0.736105
-0.680095
-0.673459
-0.675946
-0.55966
-0.549082
-0.47168
-0.534655
-0.519766
-0.46726
-0.430626
-0.275829
-0.275779
-0.167175
-0.155971
-0.117748
-0.14213
-0.139265
-0.184025
-0.276972
-0.377085
-0.381259
-0.405425
-0.327758
-0.236
-0.356109
-0.44661
-0.51743
-0.636883
-0.531493
-0.607491
-0.557458
-0.606493
-0.604065
-0.457543
-0.446171
-0.431979
-0.51684
-0.456488
-0.409231
-0.394842
-0.462991
-0.573922
-0.567679
-0.563874
-0.613966
-0.709302
-0.898681
-0.981708
-0.987945
-0.96155
-0.999854
-0.996958
-0.885581
-0.832099
-0.850567
-0.934207
-0.955973
-1.02766
-1.0081
-1.02994
-1.07127
-1.08502
-1.03713
-1.03436
-1.06245
-1.06689
-1.06081
-1.089
-1.05126
-1.17525
-1.31851
-1.33181
-1.29098
-1.26019
-1.3175
-1.33227
-1.30205
-1.28258
-1.19245
-1.19486
-1.18377
-1.22844
-1.32401
-1.40583
-1.36197
-1.34452
-1.3848
-1.38578
-1.40722
-1.40841
-1.3898
-1.41527
-1.40264
-1.3918
-1.4591
-1.49492
-1.54714
-1.67558
-1.63524
-1.63842
-1.67754
-1.62932
-1.5506
-1.48888
-1.52479
-1.62516
-1.72774
-1.69717
-1.80244
-1.8363
-1.85504
-1.89194
-1.88935
-1.903
-1.92427
-1.82294
-1.81748
-1.85242
-1.68626
-1.69434
-1.71638
-1.73233
-1.76724
-1.86926
-1.89863
-1.96133
-1.95049
-1.93624
-1.85873
-1.86961
-1.87769
-2.09179
-2.11333
-2.09218
-2.04531
-2.00105
-1.95785
-1.97977
-1.92032
-1.95699
-2.03452
-2.033
-1.97528
-2.01123
-2.19054
-2.11642
-2.1257
-2.11909
-2.08578
-2.19355
-1.98897
-1.99883
-1.90425
-1.91607
-1.91405
-2.04605
-2.05371
-2.1185
-2.13808
-2.07052
-2.0313
-2.0044
-2.01879
-2.04247
-1.91976
-1.92169
-1.93654
-2.08196
-2.02726
-2.06349
-2.07396
-2.08693
-2.19769
-2.19638
-2.2342
-2.27683
-2.32649
-2.30877
-2.34367
-2.32944
-2.30314
-2.25883
-2.21419
-2.06387
-1.98709
-1.97743
-1.86742
-1.82467
-1.84546
-1.89925
-1.89085
-1.8715
-1.81356
-1.8021
-1.86123
-1.83538
-1.7465
-1.75352
-1.703
-1.69845
-1.68042
-1.69368
-1.65712
-1.66225
-1.61767
-1.56595
-1.60909
-1.64559
-1.57895
-1.57071
-1.55906
-1.68567
-1.67505
-1.63155
-1.60616
-1.6143
-1.65346
-1.6267
-1.5382
-1.52078
-1.51987
-1.52258
-1.50807
-1.5199
-1.63846
-1.80012
-1.71408
-1.7055
-1.65139
-1.61205
-1.53482
-1.43306
-1.42775
-1.33854
-1.26063
-1.088
-1.07996
-1.13281
-1.20688
-1.16113
-1.07843
-1.05399
-0.917964
-0.901703
-0.940223
-0.904234
-0.769889
-0.759443
-0.778766
-0.840539
-0.844245
-0.83435
-0.823094
-0.907324
-0.959302
-0.886083
-0.971861
-0.98961
-0.981509
-0.980683
-0.98165
-0.998101
-0.85835
-0.793808
-0.761338
-0.770041
-0.679897
-0.548545
-0.464021
-0.492492
-0.510085
-0.50225
-0.567111
-0.584103
-0.594432
-0.654113
-0.483883
-0.599969
-0.582178
-0.513377
-0.47366
-0.455042
-0.404724
-0.279455
-0.277887
-0.271859
-0.289627
-0.337854
-0.328145
-0.335118
-0.347001
-0.408353
-0.404329
-0.42499
-0.399018
-0.498586
-0.520936
-0.519379
-0.499492
-0.57315
-0.530725
-0.586276
-0.404038
-0.325502
-0.413603
-0.443404
-0.444303
-0.457231
-0.431206
-0.462146
-0.525789
-0.611404
-0.641242
-0.613949
-0.63415
-0.680976
-0.627967
-0.647341
-0.639185
-0.64301
-0.799895
-0.93543
-0.903283
-0.90536
-0.90635
-0.879693
-0.833781
-0.936046
-0.866951
-0.897449
-0.973084
-0.99516
-0.979224
-0.886486
-0.891759
-0.894401
-0.951561
-0.849685
-0.889656
-0.921188
-0.890349
-0.875328
-0.820707
-0.936179
-0.966013
-0.928272
-0.831663
-0.767627
-0.908231
-0.876583
-0.856698
-0.817211
-0.832826
-0.810343
-0.771273
-0.861327
-0.87449
-0.909783
-0.881291
-0.941481
-0.951234
-0.972018
-0.840521
-0.820259
-0.854604
-0.90165
-0.997732
-1.06035
-1.06624
-1.09158
-1.10224
-1.18362
-1.1768
-1.14524
-1.13526
-1.14396
-1.16322
-1.10919
-1.15908
-1.14573
-1.08242
-1.15577
-1.22279
-1.29493
-1.31621
-1.29139
-1.21974
-1.26531
-1.28355
-1.30674
-1.27346
-1.1473
-1.09017
-1.05558
-1.11601
-1.12208
-1.23867
-1.24454
-1.25004
-1.2009
-1.14212
-1.1207
-1.14237
-1.13362
-1.17549
-1.25867
-1.2573
-1.28579
-1.25488
-1.22419
-1.23175
-1.31536
-1.3574
-1.35647
-1.41769
-1.33385
-1.33472
-1.41037
-1.40439
-1.41869
-1.445
-1.53367
-1.54624
-1.53375
-1.53854
-1.56748
-1.64524
-1.65448
-1.69881
-1.70797
-1.66605
-1.55914
-1.56604
-1.57374
-1.5885
-1.64198
-1.53858
-1.61322
-1.53518
-1.60938
-1.59881
-1.61509
-1.69259
-1.70722
-1.6546
-1.64332
-1.64639
-1.65308
-1.69406
-1.74981
-1.72883
-1.78503
-1.77602
-1.78031
-1.733
-1.74425
-1.82294
-1.81666
-1.9058
-1.82794
-1.94614
-1.95133
-1.90678
-2.04302
-2.02975
-2.013
-2.02015
-2.06207
-2.02968
-1.99365
-2.03204
-2.00105
-1.88917
-1.86752
-1.87964
-1.88507
-1.98626
-2.04967
-2.01271
-1.90978
-1.91421
-1.9389
-1.88365
-2.05518
-2.04247
-2.03287
-2.28093
-2.27191
-2.25821
-2.17438
-2.10769
-2.11528
-2.11551
-2.21131
-2.21432
-2.29448
-2.44759
-2.49644
-2.50764
-2.49678
-2.44018
-2.45699
-2.53421
-2.50059
-2.54824
-2.57945
-2.58724
-2.55999
-2.59905
-2.58206
-2.55151
-2.45156
-2.39031
-2.35522
-2.21374
-2.19949
-2.20363
-2.20898
-1.94402
-1.94227
-2.04209
-2.03748
-2.01049
-2.0734
-2.10402
-2.15668
-2.10005
-2.07934
-2.00317
-2.11926
-2.07925
-2.10927
-2.18464
-2.1962
-2.20052
-2.24039
-2.25782
-2.27203
-2.24197
-2.25551
-2.27232
-2.27985
-2.33158
-2.35866
-2.32803
-2.32808
-2.25806
-2.27532
-2.29447
-2.3169
-2.34751
-2.39591
-2.33239
-2.32961
-2.46104
