###  Units are X_hat = 1.73cm.
0.141421
0.150388
0.157272
0.159784
0.148549
0.160719
0.167031
0.177553
0.181945
0.164591
0.172621
0.172788
0.182827
0.198023
0.199644
0.198446
0.187787
0.18367
0.214116
0.210843
0.20177
0.208595
0.186714
0.193596
0.187978
0.210918
0.203998
0.189274
0.163418
0.176917
0.170457
0.174663
0.18909
0.189559
0.217045
0.207079
0.20393
0.188288
0.1878
0.184366
0.186907
0.199415
0.175391
0.180223
0.187154
0.196052
0.204844
0.19095
0.189447
0.1868
0.164683
0.184619
0.151989
0.154957
0.186066
0.182284
0.197832
0.194997
0.186193
0.184509
0.205668
0.212196
0.188293
0.189652
0.188905
0.181708
0.186084
0.192366
0.182147
0.165868
0.166745
0.176238
0.179535
0.183759
0.178029
0.198943
0.188957
0.176017
0.164165
0.174119
0.171165
0.173155
0.169001
0.167749
0.155456
0.157848
0.163323
0.194306
0.179009
0.175609
0.176474
0.185805
0.20018
0.232185
0.227827
0.21072
0.210766
0.208544
0.196785
0.210595
0.194717
0.191525
0.194841
0.193945
0.19757
0.194758
0.198178
0.202903
0.206928
0.198868
0.223975
0.228664
0.242684
0.237696
0.229288
0.218342
0.211127
0.221522
0.211331
0.205169
0.219313
0.206399
0.186993
0.18191
0.194005
0.227224
0.227298
0.221259
0.224928
0.218469
0.220412
0.219118
0.223848
0.215847
0.218096
0.2135
0.209069
0.215766
0.210223
0.19723
0.196627
0.178459
0.169669
0.176142
0.17964
0.178716
0.191712
0.169925
0.177651
0.202493
0.202529
0.201391
0.210731
0.188519
0.190058
0.193978
0.190579
0.161237
0.166357
0.17133
0.174423
0.178683
0.149033
0.145825
0.155029
0.152689
0.163993
0.145205
0.164471
0.168359
0.171799
0.204229
0.202777
0.202065
0.19187
0.199017
0.180309
0.173147
0.155325
0.156927
0.168442
0.179682
0.188096
0.195877
0.213582
0.217501
0.215198
0.215097
0.199072
0.207295
0.206574
0.210645
0.206639
0.205055
0.203662
0.20221
0.216909
0.221896
0.21863
0.212176
0.222065
0.184498
0.190013
0.180221
0.174848
0.17864
0.171567
0.162557
0.167347
0.176789
0.179319
0.181806
0.190992
0.199647
0.199174
0.198197
0.206294
0.202485
0.205395
0.197605
0.202944
0.206834
0.203005
0.201757
0.211705
0.207582
0.2015
0.199834
0.21554
0.197001
0.175923
0.179893
0.181263
0.197971
0.190383
0.225735
0.200431
0.196227
0.195988
0.201021
0.196747
0.205988
0.228813
0.215075
0.207401
0.206621
0.212904
0.215731
0.21303
0.249288
0.232788
0.224328
0.198132
0.197491
0.209427
0.206127
0.193024
0.158705
0.164974
0.182908
0.186886
0.182932
0.193238
0.217146
0.213623
0.201518
0.228035
0.228276
0.234494
0.230609
0.225941
0.215269
0.210153
0.193311
0.193801
0.196276
0.204638
0.201656
0.2073
0.173264
0.174592
0.208721
0.199712
0.207669
0.216757
0.166112
0.164949
0.163925
0.183229
0.186522
0.188398
0.196224
0.207412
0.207877
0.193578
0.198447
0.206134
0.203808
0.201191
0.185065
0.205378
0.217105
0.220092
0.222094
0.240409
0.216552
0.208814
0.21022
0.207131
0.200445
0.208391
0.202299
0.207391
0.215065
0.220549
0.205622
0.207438
0.208134
0.208445
0.205996
0.229406
0.247205
0.22987
0.217555
0.21203
0.194487
0.190477
0.182273
0.180571
0.184902
0.199487
0.203396
0.207598
0.21029
0.217283
0.204624
0.203412
0.203967
0.203781
0.184449
0.176531
0.173979
0.180547
0.17764
0.194314
0.192001
0.197276
0.182552
0.161041
0.17272
0.176639
0.179138
0.189586
0.203525
0.202955
0.224347
0.228198
0.223511
0.23293
0.251265
0.253254
0.234226
0.228086
0.217867
0.206419
0.190071
0.189094
0.189468
0.20205
0.200867
0.203435
0.209031
0.208685
0.209517
0.207216
0.209687
0.207851
0.199358
0.192067
0.15929
0.161961
0.178404
0.188081
0.194372
0.208623
0.190709
0.189253
0.189796
0.176436
0.175784
0.190579
0.183093
0.175574
0.187375
0.203176
0.20373
0.208795
0.202331
0.203058
0.208836
0.207
0.207858
0.184085
0.183943
0.207531
0.178763
0.190548
0.193564
0.206101
0.218515
0.212746
0.214199
0.226077
0.235236
0.236871
0.211509
0.201904
0.198059
0.19793
0.207255
0.207767
0.187097
0.19823
0.19704
0.201888
0.205866
0.211556
0.211467
0.217593
0.213728
0.195207
0.216867
0.243895
0.239202
0.221104
0.205581
0.229226
0.206643
0.198267
0.180038
0.198741
0.181573
0.184518
0.178302
0.181503
0.18552
0.194104
0.199646
0.209476
0.198689
0.185291
0.195725
0.199447
0.20118
0.20764
0.202676
0.1928
0.193313
0.165958
0.155968
0.167667
0.162556
0.167702
0.159315
0.17255
0.161555
0.176182
0.17448
0.187834
0.182618
0.192959
0.203853
0.194325
0.194394
0.195291
0.197514
0.180189
0.173254
0.186049
0.17027
0.176653
0.174143
0.177569
0.179394
0.197189
0.167282
0.171859
0.164499
0.155399
0.163574
0.165933
0.167955
0.164604
0.172429
0.207969
0.223305
0.218265
0.215336
0.221544
0.206644
0.215225
0.220998
0.239924
0.239808
0.243327
0.237643
0.245861
0.239128
0.234868
0.22722
0.250795
0.236611
0.229667
0.224349
0.22503
0.198887
0.203533
0.202736
0.203624
0.219689
0.20277
0.212464
0.206182
0.208993
0.210471
0.206565
0.176333
0.180336
0.18481
0.174189
0.169633
0.174484
0.184808
0.182903
0.188563
0.192705
0.192681
0.185768
0.213224
0.225233
0.214218
0.205915
0.202984
0.193878
0.186026
0.187114
0.20031
0.192762
0.193921
0.200185
0.201353
0.18073
0.17846
0.190697
0.174768
0.186974
0.209587
0.214918
0.208338
0.205801
0.210751
0.218663
0.2126
0.20599
0.203016
0.182266
0.175795
0.198565
0.194928
0.197871
0.193211
0.193298
0.175406
0.182869
0.172835
0.175732
0.176337
0.176076
0.177012
0.213846
0.208507
0.20801
0.189845
0.19445
0.198412
0.197808
0.195277
0.20398
0.212854
0.208632
0.204007
0.202412
0.17661
0.172554
0.166664
0.184578
0.181819
0.17501
0.177197
0.188973
0.198026
0.186116
0.200476
0.173139
0.192696
0.189096
0.190487
0.216525
0.199911
0.19482
0.200074
0.192014
0.187349
0.204371
0.20385
0.194983
0.20178
0.197545
0.188858
0.161222
0.164631
0.175817
0.185994
0.186303
0.189489
0.192392
0.19029
0.190084
0.172201
0.197554
0.184507
0.185447
0.184697
0.169514
0.17325
0.173198
0.178264
0.173241
0.171757
0.178902
0.178927
0.184378
0.170715
0.172178
0.189089
0.183719
0.185649
0.197837
0.194771
0.192559
0.191542
0.181349
0.180892
0.18368
0.182174
0.182724
0.166887
0.175475
0.177016
0.171068
0.180303
0.176129
0.174617
0.150592
0.161219
0.152166
0.14871
0.146255
0.147448
0.165058
0.177769
0.17928
0.180149
0.183208
0.186757
0.186819
0.182119
0.177863
0.159823
0.125994
0.14246
0.128732
0.120896
0.13563
0.145241
0.165531
0.167753
0.161537
0.16805
0.168396
0.149043
0.154972
0.16712
0.168172
0.170044
0.177307
0.181729
0.194014
0.18831
0.171728
0.171681
0.195729
0.191818
0.18664
0.19708
0.161711
0.18624
0.167394
0.170091
0.171682
0.163103
0.162227
0.170195
0.168044
0.166198
0.162105
0.180679
0.182232
0.181638
0.178824
0.207084
0.221016
0.199026
0.202567
0.2029
0.200427
0.197686
0.19657
0.191752
0.192885
0.20234
0.187756
0.186449
0.189927
0.188846
0.187299
0.187373
0.189926
0.205509
0.174801
0.159635
0.176026
0.187248
0.18844
0.198163
0.209391
0.170842
0.174246
0.169578
0.187872
0.193052
0.195264
0.184073
0.20971
0.208123
0.197456
0.231237
0.219351
0.241931
0.241742
0.238934
0.225433
0.229071
0.217803
0.223205
0.193898
0.19999
0.202008
0.199842
0.193578
0.192901
0.214662
0.206469
0.210208
0.206714
0.212972
0.197328
0.21385
0.22616
0.224514
0.213318
0.215752
0.203387
0.209318
0.202308
0.186432
0.189345
0.200991
0.200829
0.184912
0.178103
0.172608
0.169313
0.196416
0.184265
0.183673
0.170175
0.176101
0.178881
0.164666
0.155163
0.151939
0.160218
0.176094
0.183531
0.193677
0.191306
0.193435
0.191454
0.190456
0.187737
0.187599
0.203074
0.212377
0.206928
0.251964
0.249234
0.221967
0.23567
0.227274
0.222618
0.213769
0.208799
0.210534
0.225939
0.233671
0.243385
0.226872
0.221031
0.216184
0.210128
0.186705
0.184439
0.189401
0.181771
0.171795
0.181654
0.177855
0.195759
0.180763
0.177364
0.17929
0.182109
0.189099
0.19847
0.191059
0.191527
0.189578
0.192322
0.192324
0.215764
0.223351
0.219229
0.214786
0.210821
0.219808
0.196633
0.201476
0.181747
0.178757
0.161884
0.169163
0.171562
0.17548
0.188652
0.189537
0.180774
0.187842
0.191128
0.193357
0.215972
0.206722
0.202748
0.193861
0.185077
0.196643
0.188369
0.177352
0.171578
0.175974
0.188046
0.193061
0.202023
0.210294
0.208746
0.188636
0.184599
0.188705
0.183537
0.178457
0.172689
0.173462
0.164432
0.156794
0.160279
0.161681
0.168755
0.171524
0.150744
0.171152
0.197714
0.191815
0.215869
0.214172
0.209753
0.211279
0.211186
0.216515
0.21317
0.202754
0.231672
0.227926
0.218432
0.194022
0.179628
0.171284
0.173245
0.171173
0.170792
0.186359
0.189924
0.198727
0.206582
0.238475
0.219826
0.21796
0.20345
0.184838
0.184895
0.184012
0.185483
0.185484
0.184777
0.183251
0.187565
0.177879
0.18239
0.1824
0.178184
0.167184
0.170803
0.175519
0.207052
0.204944
0.214745
0.266406
0.253261
0.248124
0.247708
0.214861
0.204555
0.207855
0.206128
0.202551
0.20312
0.203104
0.202047
0.216032
0.216479
0.196304
0.196557
0.172482
0.175804
0.183153
0.199436
0.1982
0.19838
0.168105
0.182906
0.185465
0.200546
0.187883
0.179856
0.182137
0.182261
0.177834
0.199185
0.208014
0.219694
0.207347
0.208232
0.202939
0.175452
0.169919
0.161762
0.164548
0.188127
0.186442
0.200271
0.167616
0.174552
0.170472
0.156006
0.163072
0.164488
0.204969
0.204349
0.201584
0.202358
0.208525
0.211877
0.216354
0.219832
0.20741
0.193996
0.182162
0.176892
0.15294
0.149295
0.156407
0.167396
0.147218
0.15095
0.159073
0.161562
0.163382
0.162232
0.180278
0.181117
0.188028
0.1775
0.165821
0.173784
0.193582
0.184606
0.188357
0.190092
0.192959
0.188312
0.166774
0.159618
0.142797
0.183323
0.178897
0.181767
0.179202
0.181604
0.179646
0.182386
0.199308
0.197661
0.18728
0.184567
0.186741
0.182476
0.189204
0.207082
0.235887
0.209
0.21733
0.211192
0.216118
0.243885
0.228384
0.231458
0.223683
0.232359
0.22319
0.209502
0.204415
0.211096
0.216752
0.231531
0.2128
0.219965
0.22045
0.201334
0.206323
0.190747
0.19006
0.192286
0.181266
0.200387
0.20082
0.211736
0.189072
0.187759
0.172341
0.176312
0.174828
0.180862
0.194105
0.192186
0.203537
0.198885
0.204373
0.20055
0.20264
0.187773
0.187475
0.187266
0.190858
0.189167
0.183405
0.18526
0.167654
0.174899
0.176505
0.189689
0.189835
0.193083
0.19087
0.201129
0.198758
0.203934
0.196748
0.193663
0.19023
0.183419
0.190847
0.200791
0.20531
0.202001
0.184575
0.202639
0.20138
0.197485
0.175342
0.171658
0.170898
0.167726
0.170488
0.195053
0.189175
0.191669
0.185748
0.184934
0.185091
0.174062
0.17849
0.166383
0.143473
0.14689
0.153281
0.15537
0.133635
0.150143
0.160639
0.166503
0.164338
0.173564
0.168828
0.172126
0.176036
0.161732
0.213976
0.217304
0.216006
0.217081
0.177998
0.154653
0.165466
0.16139
0.178909
0.18186
0.185433
0.208352
0.20596
0.2138
0.21061
0.208575
0.19774
0.15812
0.154491
0.174678
0.176754
0.171039
0.172449
0.173597
0.163086
0.16717
0.16433
0.18323
0.17375
0.179372
0.184577
0.205262
0.205095
0.20467
0.1915
0.193027
0.212926
0.221349
0.218628
0.20175
0.201631
0.186601
0.189057
0.192442
0.185814
0.195959
0.187163
0.189432
0.196431
0.176506
0.18287
0.18061
0.185867
0.177541
0.184267
0.18379
0.181116
0.169299
0.163451
0.15984
0.164999
0.169386
0.171934
0.182251
0.169763
0.183056
0.184926
0.18744
0.20611
0.200213
0.201379
0.189768
0.188728
0.198548
0.193626
0.203314
0.19506
0.192752
0.186346
0.148343
0.126187
0.151703
0.127981
0.13943
0.146783
0.143731
0.168658
0.167135
0.155471
0.159321
0.163955
0.163782
0.163022
0.181239
0.184761
0.189314
0.177674
0.176814
0.177706
0.178529
0.182489
0.189082
0.176101
0.181084
0.194064
0.193971
0.193889
0.195837
0.17289
0.177121
0.188375
0.174948
0.181099
0.182625
0.182614
0.189814
0.187417
0.188405
0.177342
0.185075
0.166134
0.170269
0.168509
0.185384
0.180626
0.201219
0.202649
0.177125
0.178901
0.18489
0.186923
0.188081
0.171924
0.163624
0.178313
0.16215
0.164823
0.171776
0.190998
0.176006
0.167807
0.156903
0.162867
0.170852
0.190034
0.193956
0.194368
0.201955
0.216581
0.214171
0.201101
0.22304
0.240639
0.232766
0.226363
0.214281
0.222313
0.257674
0.263921
0.257706
0.256628
0.247336
0.234656
0.234798
0.224996
0.214665
0.222413
0.216938
0.196336
0.19437
0.199728
0.204018
0.200701
0.19164
0.188179
0.151441
0.150509
0.158956
0.146649
0.146666
0.15745
0.173642
0.176731
0.1959
0.199391
0.182769
0.173499
0.150043
0.155811
0.161139
0.149645
0.160335
0.139669
0.138531
0.158737
0.171196
0.176151
0.186512
0.173898
0.167561
0.178501
0.18089
0.17629
0.177966
0.178471
0.172877
0.17324
0.182259
0.18302
0.158502
0.164221
0.151321
0.183653
0.185226
0.207467
0.20534
0.214389
0.206404
0.210917
0.189586
0.179201
0.182974
0.184852
0.191402
0.153405
0.151781
0.136079
0.15382
0.160663
0.16624
0.172086
0.17986
0.167709
0.171148
0.175017
0.214706
0.211643
0.239222
0.230499
0.224218
0.205721
0.211898
0.213096
0.217995
0.213717
0.20869
0.202165
0.208655
0.197178
0.215718
0.189969
0.186879
0.18468
0.193596
0.198565
0.197978
0.186986
0.184902
0.188651
0.18139
0.182857
0.176095
0.197009
0.19454
0.19249
0.227931
0.198866
0.205565
0.19709
0.191426
0.181465
0.182763
0.175399
0.180378
0.187452
0.204552
0.210615
0.187027
0.189876
0.204216
0.199635
0.189908
0.190561
0.17826
0.183523
0.165192
0.193869
0.197888
0.19629
0.194528
0.18936
0.192165
0.19081
0.199672
0.197061
0.194355
0.189086
0.199384
0.202011
0.204697
0.203302
0.202522
0.197504
0.18638
0.167031
0.157951
0.149425
0.155113
0.155651
0.154218
0.161626
0.167842
0.170006
0.173118
0.186219
0.164135
0.169252
0.177051
0.179411
0.200127
0.193126
0.179093
0.195827
0.193431
0.187691
0.199715
0.191353
0.178672
0.173176
0.172014
0.168888
0.17593
0.174766
0.173671
0.182511
0.175996
0.16105
0.155154
0.15816
0.161464
0.162226
0.171175
0.188025
0.186259
0.213784
0.20053
0.207101
0.211088
0.201717
0.214608
0.191343
0.167744
0.157683
0.163788
0.15887
0.164506
0.17186
0.179107
0.17806
0.181629
0.187261
0.188668
0.205694
0.204392
0.204406
0.191023
0.179628
0.178032
0.195808
0.186782
0.182311
0.198898
0.197966
0.199664
0.22586
0.223329
0.230375
0.226713
0.211274
0.188651
0.192783
0.188837
0.190275
0.193846
0.201275
0.207137
0.201993
0.220468
0.233044
0.219275
0.228046
0.229369
0.230454
0.211831
0.218971
0.218565
0.215519
0.223602
0.202425
0.205798
0.219032
0.212177
0.21833
0.201413
0.204652
0.198439
0.198437
0.195879
0.1857
0.188607
0.194529
0.20283
0.169563
0.145428
0.159647
0.151062
0.155405
0.158176
0.151384
0.142348
0.143482
0.164292
0.171732
0.171688
0.17393
0.177825
0.173046
0.18406
0.178958
0.185941
0.187561
0.189604
0.19843
0.202035
0.230177
0.225978
0.228384
0.230758
0.233224
0.219524
0.228732
0.220992
0.219247
0.229514
0.215369
0.211871
0.204121
0.188678
0.210679
0.182419
0.186336
0.183635
0.188117
0.196062
0.200904
0.200758
0.20693
0.217858
0.214532
0.218525
0.223494
0.2196
0.218639
0.217919
0.19879
0.192655
0.180246
0.17992
0.177262
0.179136
0.186111
0.188647
0.19165
0.194257
0.213987
0.206152
0.206241
0.188435
0.171027
0.195493
0.19365
0.192719
0.190609
0.172945
0.176951
0.190371
0.189755
0.18277
0.198298
0.197673
0.206612
0.211805
0.206526
0.212299
0.204456
0.19904
0.195683
0.218948
0.232707
0.229606
0.229494
0.207404
0.201351
0.196634
0.194527
0.199124
0.209228
0.204508
0.223391
0.218529
0.220936
0.208557
0.19706
0.194957
0.194079
0.207848
0.20519
0.201176
0.221429
0.219133
0.194717
0.191527
0.183079
0.183418
0.184662
0.204066
0.184253
0.187139
0.183481
0.184875
0.185115
0.198078
0.221417
0.239441
0.244342
0.216759
0.210239
0.222095
0.216426
0.213062
0.196212
0.20214
0.200555
0.19821
0.210319
0.198336
0.199913
0.179511
0.170155
0.187298
0.179885
0.208667
0.201065
0.200115
0.181308
0.206767
0.21668
0.226014
0.197983
0.187582
0.200569
0.220752
0.225094
0.209934
0.213414
0.212438
0.198376
0.208323
0.192113
0.180152
0.18154
0.195253
0.203937
0.188243
0.210931
0.209381
0.209987
0.199551
0.204671
0.203326
0.196872
0.199614
0.194811
0.207394
0.20762
0.20875
0.210794
0.196868
0.193231
0.19484
0.215952
0.21684
0.227745
0.222536
0.209496
0.222072
0.200694
0.198096
0.198102
0.202102
0.196737
0.195046
0.180413
0.205672
0.20039
0.196986
0.23579
0.228504
0.233546
0.223927
0.233728
0.211523
0.20535
0.20407
0.22252
0.210649
0.215329
0.213034
0.196567
0.194685
0.191279
0.187823
0.167334
0.160198
0.169158
0.172525
0.186
0.173337
0.172024
0.169212
0.145688
0.156467
0.174141
0.179659
0.181142
0.184211
0.187661
0.198757
0.178396
0.176002
0.175766
0.177665
0.185045
0.188734
0.172935
0.176595
0.167231
0.165774
0.173055
0.173428
0.170228
0.173289
0.172302
0.178615
0.180556
0.183821
0.18447
0.186889
0.182154
0.184994
0.187875
0.190416
0.180643
0.182576
0.145116
0.150091
0.151216
0.175718
0.167583
0.170551
0.170771
0.158998
0.146336
0.152895
0.155655
0.159782
0.174896
0.177618
0.179573
0.21672
0.221792
0.225434
0.219113
0.192906
0.18754
0.202199
0.205732
0.208431
0.204623
0.20747
0.192424
0.191922
0.189405
0.18459
0.186548
0.19316
0.195435
0.195097
0.196263
0.197388
0.196184
0.193905
0.188668
0.181901
0.18375
0.189392
0.204901
0.201288
0.187459
0.197891
0.198011
0.196701
0.170683
0.173849
0.17606
0.169779
0.178466
0.199323
0.200001
0.186655
0.181741
0.15189
0.150809
0.156185
0.160238
0.170233
0.173263
0.189814
0.204533
0.195033
0.163174
0.170951
0.176218
0.191159
0.151155
0.157506
0.153787
0.195543
0.212311
0.208007
0.211185
0.189306
0.199973
0.184468
0.179447
0.174341
0.184675
0.221805
0.217907
0.22359
0.20898
0.179239
0.179733
0.175659
0.177522
0.176841
0.184256
0.184301
0.204988
0.20847
0.196139
0.187426
0.205129
0.192858
0.190488
0.193938
0.18429
0.188378
0.184914
0.174693
0.181641
0.182326
0.196338
0.199869
0.198584
0.203251
0.198418
0.180266
0.196992
0.185868
0.191947
0.188804
0.185185
0.190405
0.191113
0.194906
0.19816
0.185019
0.178971
0.183208
0.190967
0.18597
0.134147
0.123626
0.11292
0.118489
0.129622
0.134111
0.14517
0.145457
0.139041
0.153069
0.169229
0.1739
0.159885
0.163671
0.17269
0.168617
0.170174
0.177567
0.212504
0.207164
0.196612
0.196412
0.19301
0.189176
0.180999
0.174237
0.174718
0.150699
0.142016
0.148476
0.153625
0.163732
0.17988
0.182581
0.203738
0.217362
0.224747
0.213998
0.215494
0.21199
0.21529
0.217364
0.211884
0.207792
0.205136
0.161258
0.162492
0.17582
0.190995
0.177737
0.17586
0.130954
0.139884
0.137164
0.150564
0.155927
0.154029
0.182134
0.171993
0.181597
0.182984
0.217674
0.212476
0.198239
0.196783
0.185841
0.194168
0.191495
0.190104
0.204412
0.204969
0.218823
0.21226
0.216308
0.22006
0.212554
0.20911
0.222578
0.187214
0.186505
0.191499
0.195793
0.196797
0.197593
0.211329
0.210728
0.213753
0.211766
0.199257
0.199368
0.199608
0.190758
0.190734
0.204528
0.20428
0.206197
0.203913
0.201671
0.186088
0.18261
0.180971
0.181451
0.164157
0.167078
0.178026
0.188443
0.196567
0.196459
0.194582
0.200527
0.200535
0.175712
0.1747
0.17417
0.181336
0.185003
0.186778
0.211817
0.21412
0.211912
0.182909
0.184612
0.188085
0.186395
0.19885
0.180357
0.188456
0.176912
0.185373
0.198966
0.196945
0.195833
0.203475
0.201221
0.203198
0.202564
0.204089
0.20196
0.239195
0.244408
0.235635
0.210788
0.240689
0.232934
0.229945
0.234438
0.227898
0.209747
0.205818
0.199587
0.196714
0.210027
0.204951
0.209193
0.209682
0.227481
0.21145
0.198266
0.178742
0.179519
0.191671
0.173393
0.147637
0.14563
0.129162
0.148945
0.141275
0.150558
0.170898
0.17724
0.181767
0.186859
0.180846
0.193644
0.196815
0.18987
0.203677
0.201647
0.195845
0.188313
0.170452
0.178692
0.179192
0.16822
0.178578
0.176642
0.177919
0.19037
0.206172
0.199604
0.203911
0.215261
0.203875
0.185619
0.187549
0.184703
0.17985
0.166651
0.135163
0.125632
0.135405
0.144438
0.159737
0.13148
0.121587
0.132394
0.140464
0.143418
0.171187
0.18723
0.191262
0.18329
0.179995
0.177823
0.197332
0.19719
0.196089
0.213008
0.212637
0.218134
0.210863
0.202866
0.201927
0.181679
0.189249
0.190869
0.187341
0.195791
0.206614
0.208788
0.188432
0.172513
0.172714
0.177335
0.20063
0.191326
0.191824
0.181241
0.182911
0.204049
0.187295
0.188089
0.195824
0.199208
0.222273
0.210459
0.223071
0.229115
0.217502
0.2287
0.233498
0.218612
0.233657
0.225139
0.228844
0.210971
0.21422
0.209481
0.205697
0.211332
0.196468
0.19792
0.19193
0.195078
0.1917
0.185878
0.191961
0.207964
0.212905
0.204016
0.19932
0.196101
0.184289
0.184616
0.182836
0.184858
0.187593
0.157828
0.183247
0.192477
0.195487
0.18352
0.194767
0.189604
0.187387
0.187782
0.184609
0.182776
0.196601
0.196314
0.201652
0.206987
0.192481
0.184647
0.18656
0.184771
0.185539
0.183343
0.164025
0.139272
0.143158
0.143047
0.161199
0.188587
0.180729
0.178436
0.17209
0.190066
0.190862
0.189595
0.179208
0.178564
0.192348
0.195785
0.215712
0.226705
0.23724
0.234927
0.248003
0.243601
0.222615
0.219284
0.237625
0.23391
0.228131
0.227759
0.222846
0.223822
0.215744
0.243625
0.230309
0.191177
0.190004
0.199985
0.204866
0.204547
0.186337
0.176624
0.180624
0.180443
0.216427
0.199511
0.193578
0.18945
0.212416
0.205119
0.195493
0.188374
0.204929
0.189002
0.192194
0.170596
0.172015
0.168953
0.169614
0.155157
0.140664
0.148337
0.148654
0.150133
0.160447
0.167415
0.183559
0.191448
0.175466
0.174072
0.167541
0.171094
0.179547
0.177513
0.170645
0.20132
0.202172
0.184109
0.185239
0.183585
0.197924
0.170398
0.168068
0.189973
0.180624
0.174571
0.180272
0.181837
0.186056
0.192934
0.198978
0.197474
0.175267
0.177615
0.176939
0.170118
0.178376
0.178726
0.182674
0.180773
0.181942
0.195997
0.189819
0.199409
0.194483
0.194776
0.219973
0.224049
0.227141
0.213432
0.2135
0.219513
0.215843
0.21072
0.212922
0.22175
0.21811
0.221703
0.220554
0.224243
0.206715
0.211365
0.210903
0.215641
0.210848
0.208611
0.205852
0.208859
0.207113
0.221603
0.21871
0.215054
0.195788
0.194066
0.223397
0.209247
0.211813
0.208678
0.209818
0.209149
0.216483
0.212491
0.204592
0.188453
0.190821
0.184428
0.182513
0.160462
0.157662
0.204763
0.205217
0.202355
0.205071
0.222157
0.216251
0.190769
0.180536
0.177268
0.165128
0.168059
0.174127
0.176271
0.170411
0.175418
0.173965
0.176412
0.164784
0.16924
0.181968
0.188872
0.184125
0.154812
0.148164
0.156547
0.168797
0.168912
0.174233
0.173552
0.185643
0.186705
0.187652
0.190278
0.21217
0.21518
0.205509
0.207306
0.201841
0.215395
0.203287
0.194689
0.184545
0.183625
0.186067
0.20717
0.204648
0.202728
0.202009
0.192103
0.190101
0.179091
0.189667
0.194373
0.177166
0.184587
0.189925
0.221378
0.218864
0.206916
0.204045
0.197791
0.218816
0.199068
0.201383
0.208741
0.230223
0.22645
0.230959
0.237118
0.222507
0.221271
0.224512
0.228799
0.230508
0.239207
0.251282
0.243532
0.223534
0.238686
0.240456
0.249148
0.220655
0.216113
0.21196
0.211735
0.21041
0.217567
0.214087
0.191146
0.185912
0.185155
0.186088
0.211889
0.216091
0.233711
0.217616
0.212331
0.197863
0.205161
0.192439
0.204361
0.187051
0.205631
0.1998
0.183196
0.18988
0.170662
0.169637
0.17164
0.177764
0.148303
0.170017
0.16669
0.1713
0.188247
0.206481
0.198588
0.212894
0.208727
0.212452
0.210663
0.197467
0.211255
0.182965
0.19671
0.193814
0.179462
0.164703
0.153416
0.131044
0.142608
0.120798
0.143318
0.146141
0.151908
0.14825
0.154169
0.17545
0.184231
0.19412
0.204684
0.197718
0.197689
0.204913
0.186319
0.195674
0.192401
0.181926
0.218188
0.217036
0.212252
0.207601
0.206168
0.200766
0.191791
0.195692
0.185766
0.186861
0.187988
0.182157
0.187417
0.187773
0.211071
0.211023
0.225695
0.221967
0.208501
0.192394
0.189547
0.17826
0.200226
0.198308
0.185428
0.188289
0.187472
0.191687
0.197658
0.196791
0.183301
0.185958
0.199233
0.195209
0.197602
0.192716
0.192238
0.193608
0.161248
0.158543
0.156595
0.161922
0.16904
0.176052
0.176513
0.190089
0.191061
0.172921
0.175784
0.188011
0.191266
0.193243
0.209083
0.207851
0.173251
0.174077
0.176841
0.163981
0.164707
0.172429
0.175583
0.165053
0.155296
0.135844
0.143014
0.149787
0.154202
0.160733
0.165081
0.169508
0.167314
0.172525
0.176637
0.168474
0.168519
0.177217
0.172514
0.178249
0.181269
0.188235
0.213929
0.212664
0.220742
0.200516
0.182145
0.192725
0.204501
0.194677
0.192511
0.173938
0.176284
0.148959
0.169349
0.167105
0.170379
0.184256
0.185643
0.19917
0.204111
0.21666
0.214071
0.209133
0.194035
0.190881
0.183556
0.188933
0.183114
0.17787
0.200679
0.211869
0.185765
0.198271
0.193144
0.180196
0.183719
0.182699
0.178134
0.202297
0.194078
0.210224
0.1658
0.184009
0.175038
0.176497
0.192437
0.218568
0.219953
0.218441
0.227121
0.215547
0.212916
0.205232
0.18773
0.186829
0.172417
0.181283
0.186173
0.184603
0.186546
0.188137
0.192331
0.201007
0.20734
0.209485
0.202838
0.200613
0.197662
0.195012
0.199765
0.190015
0.186876
0.18312
0.172973
0.167896
0.170026
0.170486
0.170356
0.169742
0.16936
0.187557
0.201999
0.198248
0.172802
0.149836
0.154997
0.175175
0.193945
0.201234
0.198127
0.177953
0.18154
0.17722
0.212707
0.229497
0.221948
0.215274
0.200385
0.190403
0.192916
0.185428
0.196291
0.181656
0.174429
0.178287
0.170434
0.16189
0.154082
0.178144
0.187804
0.182799
0.171015
0.167506
0.178506
0.195989
0.194386
0.194667
0.190277
0.196047
0.192547
0.19894
0.196066
0.212201
0.197794
0.197284
0.172157
0.16783
0.1687
0.186693
0.214045
0.212089
0.228705
0.199023
0.209529
0.222718
0.214712
0.204885
0.218602
0.226894
0.220909
0.205019
0.193807
0.196903
0.198234
0.216577
0.216109
0.215524
0.197438
0.199303
0.208756
0.212807
0.209437
0.185089
0.191243
0.189738
0.196867
0.201159
0.204824
0.188842
0.189326
0.176018
0.193095
0.208578
0.203414
0.201289
0.192947
0.186609
0.178653
0.180904
0.180105
0.166796
0.196963
0.196477
0.195908
0.19498
0.19073
0.189192
0.170164
0.169477
0.173687
0.17607
0.183923
0.171439
0.181192
0.189952
0.167018
0.152151
0.162807
0.157947
0.163893
0.163216
0.168694
0.175253
0.150723
0.16891
0.172382
0.173284
0.185345
0.186515
0.206069
0.207613
0.213223
0.228546
0.240002
0.239815
0.232027
0.23356
0.220152
0.220345
0.213269
0.211207
0.217217
0.212199
0.213661
0.206437
0.200702
0.188851
0.191819
0.203224
0.200814
0.201182
0.195801
0.206243
0.201094
0.224975
0.228871
0.27282
0.259245
0.243129
0.23786
0.228537
0.227347
0.221725
0.217226
0.213733
0.210418
0.221343
0.215481
0.211304
0.188392
0.191332
0.188812
0.191617
0.176134
0.179261
0.161584
0.168285
0.192127
0.176035
0.183349
0.189769
0.20146
0.172237
0.177085
0.208211
0.235932
0.228147
0.245238
0.249939
0.246532
0.243402
0.226919
0.21511
0.18597
0.18794
0.188309
0.188591
0.175337
0.182791
0.179083
0.171813
0.177861
0.180323
0.183613
0.191275
0.200412
0.181542
0.179434
0.191319
0.179896
0.178608
0.17988
0.153536
0.157839
0.166403
0.18735
0.20511
0.206261
0.186384
0.192876
0.206043
0.205812
0.203334
0.202145
0.184869
0.192574
0.195303
0.1945
0.193255
0.201237
0.192071
0.216027
0.215083
0.222178
0.204987
0.233475
0.221657
0.216617
0.203949
0.197232
0.179998
0.186496
0.197203
0.183509
0.171693
0.183617
0.18783
0.204734
0.206627
0.200099
0.173879
0.14085
0.152042
0.157189
0.170452
0.17392
0.199505
0.192349
0.203899
0.198655
0.208401
0.21188
0.230047
0.213815
0.202484
0.186138
0.186825
0.191429
0.202048
0.218758
0.209565
0.212414
0.188731
0.198728
0.193855
0.198737
0.210026
0.192554
0.201765
0.188526
0.189181
0.190881
0.184469
0.182211
0.183944
0.185521
0.186148
0.209522
0.207642
0.212114
0.20822
0.204153
0.191534
0.210772
0.209868
0.191772
0.196539
0.217262
0.198321
0.198959
0.197352
0.194049
0.189815
0.199909
0.223173
0.224326
0.210934
0.197647
0.175061
0.155553
0.171355
0.165308
0.193467
0.212635
0.216117
0.211278
0.207852
0.191781
0.201954
0.200391
0.182473
0.180846
0.187954
0.174383
0.171627
0.169868
0.204922
0.194383
0.196302
0.170572
0.193052
0.176373
0.188657
0.202569
0.217432
0.211531
0.199745
0.192488
0.196405
0.190165
0.193044
0.182041
0.179776
0.185103
0.183823
0.190693
0.182008
0.159973
0.199312
0.19588
0.192487
0.201751
0.191456
0.211363
0.213708
0.215397
0.226265
0.218147
0.205079
0.20907
0.223327
0.219511
0.196135
0.172954
0.174311
0.158608
0.163423
0.183341
0.194006
0.190814
0.190526
0.194123
0.212135
0.203067
0.215223
0.201413
0.206402
0.209117
0.186846
0.191639
0.176712
0.19072
0.196731
0.192196
0.189085
0.189537
0.164371
0.174673
0.182034
0.173464
0.163418
0.162025
0.158268
0.158559
0.177097
0.184858
0.182711
0.197546
0.191192
0.1821
0.184587
0.166519
0.172009
0.174374
0.174609
0.177919
0.161395
0.179514
0.185971
0.189984
0.189848
0.18948
0.182133
0.182775
0.187337
0.184782
0.161699
0.16593
0.179721
0.179855
0.178412
0.155637
0.15962
0.170065
0.176596
0.186843
0.176352
0.179195
0.174991
0.177778
0.181281
0.218052
0.214822
0.209647
0.207319
0.20154
0.19975
0.203005
0.192668
0.199863
0.212643
0.192872
0.185219
0.182177
0.188567
0.183064
0.184611
0.189702
0.194944
0.186804
0.192439
0.193148
0.203529
0.220743
0.211186
0.209712
0.190825
0.201318
0.198548
0.198079
0.199972
0.200842
0.210727
0.203546
0.213771
0.206886
0.197583
0.196355
0.196431
0.206864
0.183274
0.185172
0.183193
0.202332
0.193456
0.196949
0.175927
0.190364
0.19742
0.176303
0.180132
0.166351
0.164301
0.169556
0.179337
0.180125
0.190782
0.191555
0.213165
0.210221
0.22442
0.221916
0.217944
0.19949
0.21358
0.216237
0.219204
0.207131
0.205267
0.205451
0.202185
0.201707
0.199753
0.194226
0.203488
0.214129
0.214129
0.212253
0.209992
0.196022
0.19728
0.200463
0.200857
0.193387
0.194604
0.191084
0.194569
0.202176
0.200704
0.193855
0.177301
0.161504
0.169982
0.177684
0.176028
0.192506
0.197789
0.213307
0.203911
0.196178
0.204422
0.202561
0.211324
0.190362
0.186537
0.187072
0.189597
0.197888
0.191752
0.190312
0.184962
0.177813
0.191652
0.19119
0.18487
0.187624
0.191247
0.199647
0.198911
0.189456
0.197099
0.199379
0.187078
0.192696
0.196275
0.196846
0.182261
0.189317
0.184662
0.18589
0.180552
0.187744
0.212286
0.206908
0.200774
0.203409
0.199574
0.206739
0.20314
0.19014
0.187036
0.177337
0.199866
0.192421
0.192359
0.208951
0.19919
0.194511
0.193869
0.199711
0.195174
0.194555
0.20849
0.184436
0.194205
0.199134
0.202147
0.198992
0.189399
0.19955
0.2028
0.216678
0.181937
0.19672
0.195947
0.192129
0.184329
0.174929
0.190846
0.207438
0.204575
0.188669
0.166717
0.166857
0.172571
0.176344
0.186005
0.189815
0.183704
0.195315
0.203941
0.202982
0.217704
0.186839
0.194551
0.186168
0.186524
0.178385
0.19454
0.21157
0.203558
0.188414
0.202431
0.205673
0.198197
0.224452
0.226771
0.181681
0.175292
0.164619
0.172487
0.180252
0.172544
0.175174
0.181776
0.186264
0.188081
0.177091
0.179751
0.170501
0.159706
0.174021
0.162556
0.15769
0.161831
0.180885
0.183424
0.175398
0.196141
0.227151
0.220615
0.206337
0.19522
0.201625
0.204366
0.197209
0.196556
0.189959
0.187153
0.188672
0.182962
0.193054
0.200538
0.216085
0.188254
0.200676
0.194466
0.187291
0.176708
0.181513
0.178817
0.179258
0.183097
0.185173
0.158306
0.174691
0.182064
0.215176
0.215756
0.211538
0.206664
0.212196
0.201702
0.191184
0.179377
0.180225
0.180489
0.209015
0.193986
0.19293
0.197133
0.203887
0.189981
0.155247
0.169463
0.155813
0.163935
0.163979
0.163389
0.176957
0.183179
0.194056
0.202433
0.21025
0.199433
0.210919
0.21067
0.206788
0.184469
0.198042
0.192157
0.202798
0.199852
0.19376
0.191088
0.200342
0.201527
0.173781
0.175992
0.182953
0.1663
0.169337
0.164129
0.165411
0.13876
0.131127
0.140583
0.169709
0.160036
0.160473
0.173444
0.168955
0.171496
0.177426
0.17785
0.180369
0.187565
0.190366
0.192136
0.207028
0.210624
0.169931
0.189323
0.19702
0.199818
0.194313
0.194416
0.188389
0.184752
0.191471
0.181613
0.175873
0.17934
0.178629
0.170496
0.169701
0.169298
0.172982
0.1834
0.189383
0.189498
0.189495
0.216749
0.211477
0.196213
0.180007
0.180676
0.179381
0.176782
0.164553
0.171863
0.172527
0.187853
0.187026
0.192802
0.211128
0.218135
0.186819
0.190432
0.18811
0.188959
0.163042
0.180079
0.185804
0.184861
0.175839
0.174262
0.164133
0.168936
0.170757
0.171282
0.172889
0.180237
0.194304
0.19295
0.190197
0.182091
0.191604
0.215292
0.213327
0.203128
0.188123
0.183598
0.216113
0.208165
0.205703
0.201576
0.196044
0.178799
0.19433
0.198158
0.224908
0.226731
0.213328
0.204254
0.202851
0.193169
0.193516
0.193392
0.19926
0.186635
0.184713
0.167361
0.177061
0.167097
0.173524
0.178137
0.187104
0.190285
0.216766
0.197599
0.190212
0.191767
0.201821
0.208604
0.194601
0.225001
0.218854
0.218184
0.215382
0.216177
0.210794
0.203392
0.191371
0.196579
0.194981
0.210398
0.195121
0.193383
0.186968
0.185231
0.180036
0.18921
0.189215
0.180712
0.195935
0.196491
0.190599
0.197077
0.196516
0.210937
0.227039
0.230966
0.222732
0.218834
0.202767
0.192766
0.179865
0.178742
0.172215
0.163597
0.16676
0.173483
0.179952
0.183194
0.180969
0.162044
0.167603
0.177599
0.186478
0.180288
0.179915
0.178924
0.188218
0.197024
0.213413
0.209982
0.209813
0.215566
0.203874
0.197797
0.201719
0.202998
0.204495
0.20295
0.193561
0.197649
0.179674
0.185844
0.184907
0.176455
0.163832
0.179179
0.180657
0.162648
0.165409
0.168453
0.172482
0.177032
0.181509
0.170984
0.177463
0.175978
0.162463
0.191598
0.183192
0.206467
0.206549
0.183303
0.175915
0.176472
0.19964
0.200113
0.213276
0.189989
0.180485
0.192859
0.192744
0.160822
0.148834
0.150649
0.160647
0.139612
0.14698
0.152326
0.152766
0.171721
0.167281
0.181387
0.197174
0.203198
0.207572
0.224697
0.216111
0.226169
0.232047
0.22307
0.212924
0.200455
0.224151
0.217945
0.215165
0.203557
0.208161
0.209715
0.198508
0.216911
0.224772
0.221286
0.230541
0.221001
0.235239
0.213897
0.210237
0.197183
0.198078
0.178857
0.182119
0.193867
0.193463
0.188658
0.184312
0.201559
0.202265
0.197452
0.196954
0.196178
0.215596
0.25307
0.234388
0.2654
0.252745
0.243795
0.235347
0.233453
0.212271
0.209465
0.207415
0.185611
0.188218
0.217509
0.232348
0.23229
0.228393
0.2262
0.213621
0.206223
0.210143
0.204258
0.206842
0.204709
0.173153
0.147954
0.139844
0.153367
0.160096
0.166318
0.159638
0.170547
0.174229
0.180229
0.182313
0.186235
0.208071
0.198134
0.196531
0.196447
0.200929
0.197778
0.210617
0.224666
0.220866
0.180565
0.183367
0.190488
0.172633
0.166215
0.173841
0.188869
0.187009
0.179987
0.199326
0.171221
0.183743
0.189528
0.18363
0.186258
0.172882
0.180263
0.17416
0.200515
0.216885
0.220412
0.218443
0.217959
0.242431
0.237786
0.212452
0.210603
0.199384
0.189367
0.190798
0.158807
0.163729
0.174618
0.176195
0.178928
0.17835
0.203506
0.202189
0.201549
0.202665
0.19852
0.185069
0.189008
0.182263
0.206952
0.186011
0.203182
0.19522
0.21088
0.217044
0.224468
0.215713
0.234286
0.217747
0.204001
0.202352
0.187645
0.197919
0.19727
0.198612
0.198929
0.202328
0.202876
0.19414
0.197021
0.206568
0.203878
0.197139
0.194582
0.215799
0.204395
0.19965
0.199273
0.208915
0.203155
0.200611
0.201773
0.191835
0.210875
0.208088
0.199209
0.199062
0.199433
0.192899
0.182989
0.187073
0.205488
0.204649
0.200198
0.205061
0.203733
0.205014
0.198774
0.196822
0.217821
0.220171
0.214863
0.212775
0.211281
0.219023
0.215421
0.223792
0.220233
0.215242
0.199412
0.192962
0.185443
0.186347
0.177098
0.180555
0.177705
0.172664
0.166396
0.180496
0.192242
0.199398
0.178007
0.181025
0.170086
0.171903
0.15761
0.158959
0.171273
0.174016
0.178888
0.181569
0.185448
0.186678
0.18774
0.198447
0.181488
0.15995
0.172584
0.179038
0.184584
0.187681
0.174655
0.18146
0.207725
0.219855
0.230322
0.219804
0.208072
0.212528
0.198231
0.196394
0.160599
0.163325
0.15989
0.189652
0.177553
0.184767
0.199598
0.210921
0.21513
0.17909
0.172144
0.178646
0.179629
0.182917
0.172207
0.158917
0.165167
0.16448
0.167619
0.179229
0.191644
0.184189
0.205432
0.199317
0.193836
0.196741
0.195367
0.192419
0.20945
0.199138
0.198842
0.212397
0.221404
0.229399
0.222657
0.166636
0.171595
0.166464
0.173734
0.178229
0.190501
0.197837
0.198602
0.208375
0.197364
0.198102
0.198129
0.226164
0.225376
0.206562
0.172328
0.175353
0.183651
0.184662
0.186457
0.180811
0.18463
0.185718
0.169871
0.169703
0.175268
0.179496
0.182353
0.196324
0.195045
0.209289
0.198073
0.194437
0.182683
0.183129
0.174957
0.176061
0.177011
0.182152
0.181414
0.163574
0.157379
0.162904
0.181048
0.183588
0.185705
0.187217
0.210323
0.181802
0.178646
0.183571
0.189523
0.180655
0.172343
0.165034
0.156298
0.169248
0.16891
0.168586
0.181596
0.181428
0.182805
0.182712
0.181964
0.188328
0.172305
0.187245
0.191364
0.189143
0.208433
0.213016
0.237386
0.225529
0.221577
0.209322
0.205931
0.201874
0.208673
0.217916
0.213964
0.205221
0.202207
0.209785
0.205644
0.224099
0.2046
0.203501
0.201907
0.196432
0.196603
0.186312
0.171064
0.160279
0.173657
0.171581
0.176286
0.183941
0.19598
0.18787
0.198752
0.184859
0.188042
0.173114
0.174299
0.18423
0.179795
0.166209
0.173471
0.170749
0.179069
0.173572
0.175639
0.180218
0.176697
0.186777
0.18702
0.173936
0.178777
0.152598
0.142926
0.157696
0.16674
0.172578
0.175488
0.181713
0.183084
0.171481
0.176635
0.186222
0.17875
0.193163
0.224549
0.229187
0.229747
0.233402
0.21529
0.213217
0.212418
0.208873
0.202244
0.200917
0.210214
0.176278
0.189064
0.192916
0.199257
0.18197
0.179572
0.175697
0.16963
0.175237
0.189732
0.164116
0.169165
0.1708
0.187811
0.180683
0.151518
0.177827
0.176901
0.181086
0.218407
0.207178
0.215801
0.223091
0.219896
0.220444
0.193992
0.193153
0.198036
0.196741
0.195387
0.185118
0.155205
0.161687
0.172146
0.174521
0.193539
0.186558
0.180402
0.182782
0.190208
0.18922
0.195683
0.220557
0.217407
0.221477
0.232572
0.22246
0.20215
0.206668
0.204501
0.197976
0.208889
0.175295
0.196576
0.233732
0.212887
0.201951
0.199731
0.193579
0.184527
0.17591
0.164978
0.168187
0.190588
0.181477
0.219595
0.218125
0.221444
0.233004
0.228312
0.216851
0.212149
0.179539
0.18156
0.184592
0.188433
0.207293
0.196752
0.147858
0.160951
0.129018
0.134099
0.157024
0.157144
0.166903
0.165611
0.170657
0.168218
0.17698
0.182928
0.184507
0.197909
0.18555
0.191557
0.194787
0.190045
0.188604
0.202784
0.204207
0.202021
0.200883
0.20491
0.19714
0.203501
0.19839
0.19001
0.19468
0.185606
0.190304
0.195445
0.195328
0.193854
0.19271
0.187894
0.202385
0.202618
0.204899
0.221028
0.219684
0.201736
0.191288
0.191423
0.197497
0.194965
0.185359
0.172303
0.171406
0.184777
0.205204
0.209135
0.213383
0.21261
0.23555
0.231156
0.20289
0.201586
0.200423
0.19887
0.188485
0.195778
0.189177
0.200161
0.180306
0.181869
0.182528
0.206954
0.203855
0.202177
0.197642
0.191789
0.185036
0.193139
0.198741
0.196327
0.19993
0.197539
0.215232
0.212888
0.213755
0.210028
0.19459
0.190957
0.203767
0.205009
0.209661
0.200373
0.203734
0.202814
0.202355
0.209107
0.205358
0.222639
0.199691
0.189556
0.190489
0.193725
0.191816
0.18977
0.188532
0.191172
0.188059
0.180535
0.178286
0.153928
0.155105
0.159626
0.165299
0.162499
0.153234
0.160111
0.17351
0.179059
0.180776
0.188024
0.178844
0.163901
0.168476
0.183224
0.188714
0.192335
0.203098
0.198575
0.19767
0.186218
0.173817
0.181907
0.184112
0.181689
0.178879
0.175437
0.223254
0.22014
0.215446
0.213338
0.222113
0.207878
0.201258
0.199523
0.209562
0.206361
0.213105
0.213907
0.242199
0.240025
0.264484
0.250695
0.260518
0.238714
0.229947
0.222666
0.18323
0.177515
0.181775
0.18644
0.17933
0.191998
0.19212
0.185254
0.189363
0.190377
0.189159
0.182066
0.188159
0.192338
0.211785
0.167477
0.178705
0.18085
0.179716
0.17833
0.168003
0.166691
0.167924
0.163953
0.173659
0.197054
0.201905
0.18857
0.188825
0.173006
0.178408
0.183915
0.173123
0.169177
0.153597
0.160715
0.172132
0.166837
0.153857
0.183983
0.216112
0.2304
0.223829
0.217413
0.218037
0.207497
0.235784
0.225445
0.224543
0.228574
0.231011
0.219468
0.220351
0.218999
0.241433
0.22815
0.201634
0.179842
0.165009
0.176182
0.188043
0.190914
0.197717
0.189583
0.207679
0.205379
0.206128
0.207403
0.223163
0.224023
0.220263
0.204644
0.19676
0.20326
0.176838
0.170581
0.162039
0.154035
0.172852
0.21058
0.20578
0.20217
0.203464
0.238861
0.231431
0.225595
0.218315
0.214388
0.234565
0.22656
0.216515
0.221591
0.225022
0.241801
0.18735
0.197938
0.193595
0.185819
0.1651
0.192751
0.197975
0.191957
0.194615
0.178566
0.174665
0.180651
0.187464
0.195402
0.194054
0.201589
0.20411
0.208042
0.189488
0.177832
0.177208
0.186162
0.181593
0.198514
0.202597
0.202677
0.199106
0.18579
0.190167
0.189764
0.190047
0.175396
0.180393
0.189134
0.18902
0.189485
0.184808
0.197829
0.204736
0.195317
0.203468
0.212423
0.195727
0.205924
0.217269
0.218753
0.18856
0.189831
0.18575
0.18567
0.186115
0.179044
0.18377
0.160288
0.172393
0.171824
0.174343
0.149287
0.162021
0.164757
0.185282
0.185815
0.154012
0.155931
0.185454
0.206875
0.202044
0.186618
0.197747
0.200678
0.199881
0.201491
0.194925
0.190295
0.189784
0.197538
0.18807
0.199769
0.193217
0.18273
0.18146
0.189343
0.185125
0.209238
0.205185
0.202335
0.198763
0.20037
0.19328
0.192792
0.219105
0.198483
0.201041
0.177972
0.17605
0.179133
0.184867
0.190963
0.196625
0.183343
0.167345
0.189762
0.187868
0.156693
0.156848
0.162806
0.16638
0.162491
0.174713
0.177824
0.176115
0.18309
0.201883
0.202451
0.203306
0.188021
0.218797
0.20951
0.199536
0.197694
0.197473
0.202162
0.162056
0.154158
0.159671
0.139627
0.169136
0.153049
0.163118
0.158452
0.170707
0.175385
0.173158
0.156526
0.171868
0.170105
0.168412
0.167745
0.15053
0.156177
0.15325
0.180794
0.183016
0.162228
0.168718
0.174245
0.179458
0.182368
0.210885
0.217754
0.212443
0.227023
0.201788
0.208974
0.204549
0.192257
0.206094
0.200174
0.188783
0.189686
0.196503
0.199774
0.200618
0.199349
0.187283
0.187545
0.212827
0.194312
0.192358
0.196827
0.193264
0.204123
0.197093
0.195775
0.199892
0.21569
0.240609
0.234607
0.226824
0.227723
0.232217
0.209443
0.235114
0.211134
0.208045
0.202748
0.201919
0.19812
0.200021
0.200882
0.200131
0.200492
0.199974
0.212542
0.219971
0.230115
0.230526
0.216758
0.236552
0.242063
0.237139
0.246595
0.230381
0.209939
0.17759
0.189629
0.206831
0.212212
0.210432
0.194857
0.189434
0.202197
0.185797
0.176791
0.172272
0.179795
0.165811
0.177078
0.179335
0.181528
0.201324
0.209075
0.199786
0.208833
0.214706
0.227096
0.209943
0.207283
0.196995
0.170826
0.175652
0.177278
0.191788
0.179975
0.171712
0.17289
0.180763
0.184651
0.186286
0.177197
0.185583
0.183531
0.195718
0.187291
0.188072
0.183494
0.160668
0.159017
0.151463
0.16875
0.182208
0.182369
0.178174
0.186085
0.196527
0.17783
0.18233
0.203235
0.221937
0.215693
0.209388
0.199012
0.170416
0.166728
0.172599
0.162071
0.190414
0.19742
0.215896
0.212308
0.214251
0.204058
0.201204
0.21228
0.213034
0.216122
0.222067
0.214281
0.205693
0.206617
0.188884
0.177686
0.188738
0.185075
0.19794
0.194998
0.208782
0.199975
0.19801
0.196856
0.207931
0.202098
0.198139
0.201851
0.19467
0.183548
0.183491
0.185176
0.204054
0.182353
0.179919
0.170058
0.180598
0.179642
0.188882
0.203374
0.198518
0.210552
0.197272
0.222118
0.216687
0.210274
0.206372
0.205343
0.213839
0.209755
0.226015
0.216515
0.196623
0.217915
0.213975
0.224641
0.199534
0.182398
0.200792
0.197651
0.203716
0.200379
0.178877
0.170608
0.159775
0.168366
0.177518
0.17036
0.169738
0.164299
0.171463
0.176662
0.194456
0.186496
0.171527
0.178382
0.180346
0.160933
0.181043
0.184232
0.211802
0.193246
0.193874
0.194478
0.191187
0.20246
0.214072
0.229276
0.229058
0.218394
0.20737
0.204639
0.197931
0.196778
0.174358
0.178493
0.176114
0.18115
0.164591
0.187983
0.176567
0.174362
0.171517
0.178923
0.177543
0.16708
0.152477
0.145007
0.144828
0.148843
0.179831
0.173023
0.185317
0.165789
0.177573
0.176863
0.187525
0.182898
0.181824
0.188875
0.19494
0.191715
0.193871
0.155696
0.155614
0.164492
0.172179
0.182509
0.171924
0.178064
0.183166
0.171174
0.185375
0.191834
0.179746
0.204504
0.222928
0.222085
0.218167
0.220318
0.215064
0.205498
0.221115
0.227307
0.239225
0.260121
0.255874
0.244754
0.232181
0.252148
0.241014
0.237291
0.231846
0.239676
0.235456
0.215136
0.198528
0.198154
0.201031
0.175227
0.186058
0.175081
0.164812
0.168299
0.187247
0.188486
0.198342
0.199049
0.207751
0.212049
0.21866
0.187117
0.189559
0.184552
0.181351
0.168491
0.170396
0.163203
0.172833
0.176411
0.173083
0.184689
0.18064
0.194116
0.19879
0.177531
0.201418
0.225304
0.216438
0.189666
0.189853
0.210628
0.208346
0.205253
0.181599
0.183613
0.180269
0.190725
0.187702
0.18571
0.192734
0.167954
0.169711
0.189487
0.191504
0.198299
0.191346
0.192134
0.190783
0.20502
0.196988
0.20055
0.18545
0.193808
0.181246
0.158468
0.16334
0.169203
0.175002
0.168989
0.176617
0.181243
0.208618
0.214012
0.217788
0.230162
0.227688
0.221352
0.226709
0.228127
0.220845
0.216645
0.218665
0.198589
0.195339
0.188039
0.189241
0.191945
0.17881
0.182613
0.183433
0.177325
0.17916
0.183212
0.190461
0.193362
0.178002
0.184505
0.184116
0.184735
0.200683
0.19765
0.200081
0.209155
0.204246
0.188935
0.187729
0.184799
0.181884
0.18156
0.186978
0.170924
0.172467
0.171855
0.174168
0.177246
0.179724
0.187042
0.201153
0.185287
0.185541
0.183051
0.190483
0.195407
0.200712
0.195334
0.204387
0.199605
0.191522
0.173751
0.174582
0.176728
0.159213
0.165981
0.169161
0.174281
0.200584
0.198044
0.20155
0.198205
0.172103
0.182158
0.194804
0.19538
0.197978
0.177119
0.17291
0.202158
0.199899
0.191676
0.182052
0.192746
0.182642
0.180346
0.187623
0.200706
0.198943
0.201766
0.170741
0.174061
0.186951
0.196674
0.193113
0.19658
0.187967
0.175696
0.107772
0.122671
0.102933
0.129785
0.140927
0.139451
0.139292
0.134958
0.139772
0.160102
0.164719
0.18585
0.171738
0.164424
0.161187
0.167738
0.186049
0.184143
0.201568
0.234216
0.234323
0.233256
0.226261
0.22868
0.227378
0.216822
0.220373
0.209512
0.209566
0.196218
0.207974
0.20528
0.205432
0.21227
0.211674
0.212269
0.176174
0.196307
0.203755
0.212003
0.209565
0.206467
0.221345
0.235532
0.203379
0.215075
0.21643
0.224985
0.230096
0.229789
0.201266
0.21076
0.212016
0.211953
0.214804
0.215252
0.236633
0.228725
0.227722
0.220549
0.21894
0.227495
0.219167
0.229484
0.224502
0.230505
0.204186
0.189429
0.190658
0.191283
0.175922
