###  Units are X_hat = 1.73cm.
0	0
0.05	0.0130087
0.1	0.026613
0.15	0.0404346
0.2	0.0532843
0.25	0.0671869
0.3	0.0816356
0.35	0.0969946
0.4	0.112734
0.45	0.126971
0.5	0.141904
0.55	0.15685
0.6	0.172665
0.65	0.189794
0.7	0.207063
0.75	0.224229
0.8	0.240473
0.85	0.25636
0.9	0.274882
0.95	0.293121
1	0.310574
1.05	0.328618
1.1	0.34477
1.15	0.361518
1.2	0.377778
1.25	0.396024
1.3	0.413672
1.35	0.430045
1.4	0.444182
1.45	0.459487
1.5	0.474233
1.55	0.489343
1.6	0.5057
1.65	0.522097
1.7	0.540873
1.75	0.558787
1.8	0.576428
1.85	0.592715
1.9	0.60896
1.95	0.62491
2	0.641079
2.05	0.658327
2.1	0.6735
2.15	0.689093
2.2	0.705289
2.25	0.722255
2.3	0.739981
2.35	0.756505
2.4	0.772899
2.45	0.789063
2.5	0.803311
2.55	0.819282
2.6	0.832431
2.65	0.845838
2.7	0.861932
2.75	0.8777
2.8	0.894811
2.85	0.911676
2.9	0.927781
2.95	0.943737
3	0.961523
3.05	0.979878
3.1	0.99617
3.15	1.01258
3.2	1.02892
3.25	1.04464
3.3	1.06074
3.35	1.07738
3.4	1.09314
3.45	1.1075
3.5	1.12193
3.55	1.13718
3.6	1.15272
3.65	1.16861
3.7	1.18402
3.75	1.20124
3.8	1.21759
3.85	1.23283
3.9	1.24705
3.95	1.26211
4	1.27692
4.05	1.29191
4.1	1.30653
4.15	1.32104
4.2	1.3345
4.25	1.34815
4.3	1.36228
4.35	1.37909
4.4	1.39459
4.45	1.40978
4.5	1.42504
4.55	1.44111
4.6	1.45842
4.65	1.47849
4.7	1.49819
4.75	1.51642
4.8	1.53466
4.85	1.55271
4.9	1.56974
4.95	1.58791
5	1.60466
5.05	1.62108
5.1	1.63775
5.15	1.65429
5.2	1.67111
5.25	1.68764
5.3	1.70446
5.35	1.7217
5.4	1.73928
5.45	1.75612
5.5	1.77514
5.55	1.7945
5.6	1.81507
5.65	1.83522
5.7	1.85468
5.75	1.87319
5.8	1.89103
5.85	1.90972
5.9	1.92756
5.95	1.9449
6	1.96345
6.05	1.98096
6.1	1.99685
6.15	2.01232
6.2	2.02878
6.25	2.04808
6.3	2.06736
6.35	2.08611
6.4	2.10506
6.45	2.12351
6.5	2.14219
6.55	2.16076
6.6	2.17969
6.65	2.19792
6.7	2.21643
6.75	2.23454
6.8	2.25219
6.85	2.27028
6.9	2.2879
6.95	2.30448
7	2.32103
7.05	2.33614
7.1	2.35052
7.15	2.36524
7.2	2.38024
7.25	2.39524
7.3	2.41111
7.35	2.42512
7.4	2.43988
7.45	2.45665
7.5	2.47348
7.55	2.49023
7.6	2.5079
7.65	2.52341
7.7	2.53919
7.75	2.55533
7.8	2.57117
7.85	2.58443
7.9	2.59817
7.95	2.61252
8	2.62712
8.05	2.64209
8.1	2.65489
8.15	2.66734
8.2	2.68056
8.25	2.69352
8.3	2.70716
8.35	2.7192
8.4	2.73303
8.45	2.7476
8.5	2.76238
8.55	2.7797
8.6	2.79683
8.65	2.81393
8.7	2.83013
8.75	2.84701
8.8	2.86244
8.85	2.8774
8.9	2.89082
8.95	2.90423
9	2.91831
9.05	2.93411
9.1	2.95011
9.15	2.96674
9.2	2.98431
9.25	3.00213
9.3	3.01979
9.35	3.0378
9.4	3.05449
9.45	3.07182
9.5	3.08922
9.55	3.10697
9.6	3.12435
9.65	3.14155
9.7	3.15829
9.75	3.17531
9.8	3.19344
9.85	3.21213
9.9	3.23041
9.95	3.24811
10	3.26679
10.05	3.28222
10.1	3.29802
10.15	3.31282
10.2	3.32743
10.25	3.34235
10.3	3.35676
10.35	3.37017
10.4	3.38402
10.45	3.39892
10.5	3.41434
10.55	3.42978
10.6	3.44574
10.65	3.46252
10.7	3.47926
10.75	3.49581
10.8	3.5135
10.85	3.53073
10.9	3.54823
10.95	3.56557
11	3.58278
11.05	3.60028
11.1	3.61755
11.15	3.63448
11.2	3.65162
11.25	3.66848
11.3	3.68496
11.35	3.70133
11.4	3.71964
11.45	3.7367
11.5	3.752
11.55	3.7676
11.6	3.78323
11.65	3.80016
11.7	3.81628
11.75	3.83571
11.8	3.85368
11.85	3.87111
11.9	3.88856
11.95	3.90651
12	3.92415
12.05	3.94196
12.1	3.96179
12.15	3.98018
12.2	3.99747
12.25	4.01473
12.3	4.03257
12.35	4.05068
12.4	4.06857
12.45	4.08975
12.5	4.10955
12.55	4.1286
12.6	4.14522
12.65	4.16182
12.7	4.1795
12.75	4.19727
12.8	4.21421
12.85	4.22835
12.9	4.24171
12.95	4.25658
13	4.27182
13.05	4.28683
13.1	4.30267
13.15	4.32084
13.2	4.33846
13.25	4.35404
13.3	4.37197
13.35	4.3904
13.4	4.40896
13.45	4.42673
13.5	4.44441
13.55	4.4616
13.6	4.47868
13.65	4.49464
13.7	4.51069
13.75	4.52682
13.8	4.54378
13.85	4.56113
13.9	4.57908
13.95	4.59459
14	4.61026
14.05	4.62866
14.1	4.64621
14.15	4.66439
14.2	4.68287
14.25	4.69671
14.3	4.71039
14.35	4.72391
14.4	4.73885
14.45	4.75427
14.5	4.77004
14.55	4.78638
14.6	4.80282
14.65	4.81947
14.7	4.83475
14.75	4.85061
14.8	4.86737
14.85	4.88399
14.9	4.90033
14.95	4.91545
15	4.93264
15.05	4.95099
15.1	4.96969
15.15	4.98857
15.2	5.00917
15.25	5.02745
15.3	5.04515
15.35	5.06309
15.4	5.08051
15.45	5.09754
15.5	5.11537
15.55	5.13266
15.6	5.1504
15.65	5.16872
15.7	5.18728
15.75	5.20456
15.8	5.22195
15.85	5.23942
15.9	5.25695
15.95	5.27428
16	5.29361
16.05	5.31476
16.1	5.33438
16.15	5.35305
16.2	5.37121
16.25	5.38785
16.3	5.40415
16.35	5.4197
16.4	5.43518
16.45	5.45102
16.5	5.46806
16.55	5.4855
16.6	5.50325
16.65	5.52118
16.7	5.53968
16.75	5.55707
16.8	5.57437
16.85	5.59172
16.9	5.60903
16.95	5.62466
17	5.63961
17.05	5.65439
17.1	5.66986
17.15	5.68508
17.2	5.70172
17.25	5.71815
17.3	5.73496
17.35	5.75045
17.4	5.76411
17.45	5.7789
17.5	5.79398
17.55	5.80927
17.6	5.8254
17.65	5.84288
17.7	5.86029
17.75	5.87948
17.8	5.89899
17.85	5.91814
17.9	5.93815
17.95	5.95966
18	5.98134
18.05	6.00135
18.1	6.02082
18.15	6.03945
18.2	6.05714
18.25	6.07346
18.3	6.08969
18.35	6.10605
18.4	6.12348
18.45	6.14086
18.5	6.15835
18.55	6.17634
18.6	6.19427
18.65	6.21225
18.7	6.23004
18.75	6.248
18.8	6.2658
18.85	6.2829
18.9	6.29934
18.95	6.31299
19	6.32673
19.05	6.34186
19.1	6.3578
19.15	6.37427
19.2	6.39199
19.25	6.40812
19.3	6.42419
19.35	6.44029
19.4	6.45511
19.45	6.46987
19.5	6.48598
19.55	6.50142
19.6	6.51623
19.65	6.53218
19.7	6.54945
19.75	6.56681
19.8	6.58463
19.85	6.60192
19.9	6.61931
19.95	6.63725
20	6.65505
20.05	6.67289
20.1	6.68872
20.15	6.70452
20.2	6.72225
20.25	6.73755
20.3	6.75389
20.35	6.77063
20.4	6.7884
20.45	6.80721
20.5	6.82553
20.55	6.84391
20.6	6.86332
20.65	6.88353
20.7	6.90391
20.75	6.9221
20.8	6.93943
20.85	6.95644
20.9	6.97345
20.95	6.99133
21	7.00922
21.05	7.02532
21.1	7.0424
21.15	7.05937
21.2	7.07678
21.25	7.09447
21.3	7.11266
21.35	7.13085
21.4	7.14958
21.45	7.16798
21.5	7.18481
21.55	7.20349
21.6	7.22448
21.65	7.24507
21.7	7.26409
21.75	7.28177
21.8	7.30146
21.85	7.31921
21.9	7.33624
21.95	7.35171
22	7.36882
22.05	7.38445
22.1	7.40033
22.15	7.4157
22.2	7.43134
22.25	7.44733
22.3	7.46406
22.35	7.48126
22.4	7.49931
22.45	7.51643
22.5	7.5324
22.55	7.54928
22.6	7.56648
22.65	7.58383
22.7	7.60173
22.75	7.61919
22.8	7.63579
22.85	7.65245
22.9	7.66674
22.95	7.68017
23	7.69461
23.05	7.70861
23.1	7.72305
23.15	7.73678
23.2	7.75165
23.25	7.76556
23.3	7.78075
23.35	7.79578
23.4	7.81197
23.45	7.82772
23.5	7.84436
23.55	7.86194
23.6	7.8787
23.65	7.89547
23.7	7.91232
23.75	7.92937
23.8	7.94491
23.85	7.95985
23.9	7.9759
23.95	7.99059
24	8.00583
24.05	8.02085
24.1	8.03617
24.15	8.05165
24.2	8.06867
24.25	8.0831
24.3	8.09793
24.35	8.11212
24.4	8.12552
24.45	8.13964
24.5	8.15395
24.55	8.16845
24.6	8.18265
24.65	8.19753
24.7	8.21549
24.75	8.23477
24.8	8.25362
24.85	8.27221
24.9	8.29134
24.95	8.30918
25	8.32777
25.05	8.34686
25.1	8.36758
25.15	8.3883
25.2	8.40932
25.25	8.42985
25.3	8.45109
25.35	8.47175
25.4	8.49204
25.45	8.51167
25.5	8.53333
25.55	8.55378
25.6	8.57362
25.65	8.59301
25.7	8.61245
25.75	8.62963
25.8	8.64721
25.85	8.66473
25.9	8.68232
25.95	8.70131
26	8.71883
26.05	8.7372
26.1	8.75502
26.15	8.77308
26.2	8.79127
26.25	8.80912
26.3	8.82436
26.35	8.83994
26.4	8.85591
26.45	8.87097
26.5	8.88563
26.55	8.90071
26.6	8.91668
26.65	8.93249
26.7	8.94879
26.75	8.96545
26.8	8.98211
26.85	8.99817
26.9	9.0166
26.95	9.03607
27	9.05458
27.05	9.07238
27.1	9.08992
27.15	9.10667
27.2	9.12275
27.25	9.13892
27.3	9.15624
27.35	9.17307
27.4	9.19012
27.45	9.20784
27.5	9.22577
27.55	9.24199
27.6	9.25807
27.65	9.27523
27.7	9.29105
27.75	9.30798
27.8	9.32689
27.85	9.34629
27.9	9.36513
27.95	9.38389
28	9.40308
28.05	9.423
28.1	9.44217
28.15	9.46073
28.2	9.47883
28.25	9.49525
28.3	9.51127
28.35	9.52905
28.4	9.5463
28.45	9.56348
28.5	9.58048
28.55	9.59738
28.6	9.61294
28.65	9.62916
28.7	9.64449
28.75	9.6601
28.8	9.67621
28.85	9.69214
28.9	9.70804
28.95	9.72716
29	9.74548
29.05	9.76381
29.1	9.78019
29.15	9.797
29.2	9.81395
29.25	9.83088
29.3	9.84767
29.35	9.86511
29.4	9.88332
29.45	9.90118
29.5	9.91861
29.55	9.93588
29.6	9.95117
29.65	9.96605
29.7	9.98078
29.75	9.99685
29.8	10.0126
29.85	10.0276
29.9	10.0427
29.95	10.0587
30	10.0754
30.05	10.0908
30.1	10.1081
30.15	10.1228
30.2	10.1392
30.25	10.1553
30.3	10.1716
30.35	10.19
30.4	10.2072
30.45	10.2241
30.5	10.2418
30.55	10.2587
30.6	10.2751
30.65	10.2927
30.7	10.3102
30.75	10.327
30.8	10.3444
30.85	10.3618
30.9	10.3781
30.95	10.3922
31	10.4067
31.05	10.4218
31.1	10.4379
31.15	10.454
31.2	10.4703
31.25	10.487
31.3	10.5031
31.35	10.5194
31.4	10.5346
31.45	10.552
31.5	10.5687
31.55	10.5853
31.6	10.6017
31.65	10.6164
31.7	10.6314
31.75	10.6464
31.8	10.662
31.85	10.6775
31.9	10.6926
31.95	10.7079
32	10.7232
32.05	10.7392
32.1	10.7543
32.15	10.769
32.2	10.7847
32.25	10.8001
32.3	10.8157
32.35	10.8324
32.4	10.85
32.45	10.8675
32.5	10.8849
32.55	10.9017
32.6	10.918
32.65	10.934
32.7	10.95
32.75	10.966
32.8	10.981
32.85	10.9969
32.9	11.0128
32.95	11.0287
33	11.0456
33.05	11.0619
33.1	11.0781
33.15	11.0922
33.2	11.1072
33.25	11.1211
33.3	11.135
33.35	11.149
33.4	11.163
33.45	11.178
33.5	11.1947
33.55	11.2114
33.6	11.2279
33.65	11.2442
33.7	11.2603
33.75	11.2768
33.8	11.2916
33.85	11.3052
33.9	11.3179
33.95	11.3302
34	11.3437
34.05	11.3581
34.1	11.3732
34.15	11.3879
34.2	11.403
34.25	11.4188
34.3	11.4336
34.35	11.4475
34.4	11.4628
34.45	11.4796
34.5	11.4966
34.55	11.5125
34.6	11.531
34.65	11.5494
34.7	11.568
34.75	11.5874
34.8	11.6054
34.85	11.6219
34.9	11.6388
34.95	11.6578
35	11.6751
35.05	11.6931
35.1	11.7109
35.15	11.7274
35.2	11.7411
35.25	11.754
35.3	11.7667
35.35	11.7798
35.4	11.7936
35.45	11.8078
35.5	11.8218
35.55	11.8373
35.6	11.8532
35.65	11.8692
35.7	11.885
35.75	11.9037
35.8	11.9206
35.85	11.9374
35.9	11.9537
35.95	11.9697
36	11.9856
36.05	12.0025
36.1	12.0214
36.15	12.0402
36.2	12.0565
36.25	12.0728
36.3	12.0893
36.35	12.1055
36.4	12.119
36.45	12.1336
36.5	12.1481
36.55	12.1635
36.6	12.1793
36.65	12.1951
36.7	12.2115
36.75	12.2278
36.8	12.2441
36.85	12.26
36.9	12.275
36.95	12.2914
37	12.3088
37.05	12.3252
37.1	12.3411
37.15	12.3568
37.2	12.3723
37.25	12.3876
37.3	12.4049
37.35	12.4221
37.4	12.4399
37.45	12.4562
37.5	12.4721
37.55	12.4879
37.6	12.5046
37.65	12.5195
37.7	12.5345
37.75	12.5506
37.8	12.5638
37.85	12.5786
37.9	12.5913
37.95	12.6039
38	12.6166
38.05	12.6304
38.1	12.644
38.15	12.6585
38.2	12.6725
38.25	12.6891
38.3	12.7064
38.35	12.7235
38.4	12.7403
38.45	12.7576
38.5	12.7747
38.55	12.7901
38.6	12.8057
38.65	12.8213
38.7	12.837
38.75	12.851
38.8	12.8661
38.85	12.8799
38.9	12.8932
38.95	12.907
39	12.9217
39.05	12.9356
39.1	12.9503
39.15	12.9646
39.2	12.9796
39.25	12.9961
39.3	13.0124
39.35	13.028
39.4	13.0436
39.45	13.0606
39.5	13.0777
39.55	13.0953
39.6	13.1133
39.65	13.1289
39.7	13.1457
39.75	13.1631
39.8	13.1812
39.85	13.1989
39.9	13.2164
39.95	13.2349
40	13.2542
40.05	13.274
40.1	13.2936
40.15	13.3111
40.2	13.3278
40.25	13.3436
40.3	13.3598
40.35	13.3758
40.4	13.392
40.45	13.4084
40.5	13.425
40.55	13.4416
40.6	13.4571
40.65	13.4717
40.7	13.4866
40.75	13.4978
40.8	13.5093
40.85	13.5235
40.9	13.536
40.95	13.5493
41	13.563
41.05	13.5775
41.1	13.5926
41.15	13.6074
41.2	13.6208
41.25	13.6338
41.3	13.6462
41.35	13.6597
41.4	13.6737
41.45	13.6883
41.5	13.7039
41.55	13.7222
41.6	13.7413
41.65	13.7597
41.7	13.7786
41.75	13.7981
41.8	13.8168
41.85	13.8367
41.9	13.8572
41.95	13.8778
42	13.8974
42.05	13.9153
42.1	13.9335
42.15	13.9515
42.2	13.9696
42.25	13.9879
42.3	14.006
42.35	14.0235
42.4	14.0407
42.45	14.058
42.5	14.0738
42.55	14.0897
42.6	14.104
42.65	14.1186
42.7	14.1328
42.75	14.1465
42.8	14.1601
42.85	14.1734
42.9	14.1891
42.95	14.2053
43	14.2222
43.05	14.239
43.1	14.2569
43.15	14.2746
43.2	14.2919
43.25	14.3094
43.3	14.325
43.35	14.3407
43.4	14.3546
43.45	14.369
43.5	14.3844
43.55	14.4017
43.6	14.4184
43.65	14.4355
43.7	14.4541
43.75	14.4732
43.8	14.4898
43.85	14.5074
43.9	14.5251
43.95	14.5421
44	14.5587
44.05	14.5758
44.1	14.5944
44.15	14.6113
44.2	14.6271
44.25	14.6435
44.3	14.6599
44.35	14.6764
44.4	14.6933
44.45	14.7099
44.5	14.726
44.55	14.7387
44.6	14.7516
44.65	14.7657
44.7	14.7795
44.75	14.7944
44.8	14.8093
44.85	14.8242
44.9	14.8403
44.95	14.8566
45	14.8723
45.05	14.8872
45.1	14.9012
45.15	14.9175
45.2	14.9357
45.25	14.9537
45.3	14.9717
45.35	14.9903
45.4	15.009
45.45	15.0283
45.5	15.049
45.55	15.0692
45.6	15.0893
45.65	15.1085
45.7	15.1269
45.75	15.1452
45.8	15.1634
45.85	15.1808
45.9	15.1994
45.95	15.2179
46	15.2363
46.05	15.2539
46.1	15.2725
46.15	15.2934
46.2	15.3154
46.25	15.3363
46.3	15.3554
46.35	15.3731
46.4	15.3906
46.45	15.4078
46.5	15.4244
46.55	15.4413
46.6	15.4581
46.65	15.4742
46.7	15.4908
46.75	15.5067
46.8	15.5227
46.85	15.538
46.9	15.5537
46.95	15.5696
47	15.5855
47.05	15.6018
47.1	15.6207
47.15	15.6392
47.2	15.6593
47.25	15.6831
47.3	15.7056
47.35	15.726
47.4	15.747
47.45	15.7654
47.5	15.7826
47.55	15.8006
47.6	15.8185
47.65	15.8364
47.7	15.8547
47.75	15.8729
47.8	15.8908
47.85	15.9092
47.9	15.9271
47.95	15.944
48	15.9607
48.05	15.9764
48.1	15.9923
48.15	16.0085
48.2	16.0251
48.25	16.0417
48.3	16.0581
48.35	16.0737
48.4	16.0909
48.45	16.1074
48.5	16.1244
48.55	16.1406
48.6	16.1576
48.65	16.1746
48.7	16.1913
48.75	16.2077
48.8	16.2246
48.85	16.2418
48.9	16.2598
48.95	16.2774
49	16.2949
49.05	16.311
49.1	16.3263
49.15	16.3404
49.2	16.3544
49.25	16.3688
49.3	16.3849
49.35	16.4006
49.4	16.4173
49.45	16.4325
49.5	16.4479
49.55	16.4644
49.6	16.4785
49.65	16.4929
49.7	16.5078
49.75	16.5224
49.8	16.5374
49.85	16.5537
49.9	16.5701
49.95	16.5893
50	16.6082
50.05	16.6287
50.1	16.648
50.15	16.6679
50.2	16.6867
50.25	16.7059
50.3	16.725
50.35	16.7433
50.4	16.7609
50.45	16.7784
50.5	16.7965
50.55	16.8154
50.6	16.8326
50.65	16.85
50.7	16.8674
50.75	16.8855
50.8	16.9034
50.85	16.9209
50.9	16.9381
50.95	16.9553
51	16.9732
51.05	16.9925
51.1	17.0123
51.15	17.0317
51.2	17.0501
51.25	17.0678
51.3	17.0856
51.35	17.1036
51.4	17.1229
51.45	17.1416
51.5	17.1604
51.55	17.1803
51.6	17.1973
51.65	17.2127
51.7	17.2282
51.75	17.2435
51.8	17.259
51.85	17.2744
51.9	17.29
51.95	17.304
52	17.3201
52.05	17.3369
52.1	17.3546
52.15	17.3722
52.2	17.3896
52.25	17.4073
52.3	17.4259
52.35	17.4441
52.4	17.4625
52.45	17.4805
52.5	17.4978
52.55	17.5156
52.6	17.5327
52.65	17.5499
52.7	17.566
52.75	17.5814
52.8	17.5963
52.85	17.6118
52.9	17.63
52.95	17.6459
53	17.6615
53.05	17.6752
53.1	17.6908
53.15	17.7055
53.2	17.7206
53.25	17.7365
53.3	17.7523
53.35	17.7677
53.4	17.7828
53.45	17.7979
53.5	17.8127
53.55	17.8261
53.6	17.839
53.65	17.8519
53.7	17.8644
53.75	17.8778
53.8	17.8908
53.85	17.9032
53.9	17.9164
53.95	17.9304
54	17.946
54.05	17.961
54.1	17.9768
54.15	17.9887
54.2	18.0015
54.25	18.0139
54.3	18.0271
54.35	18.0392
54.4	18.0525
54.45	18.0668
54.5	18.0803
54.55	18.0936
54.6	18.1072
54.65	18.1201
54.7	18.1339
54.75	18.1481
54.8	18.1641
54.85	18.1802
54.9	18.1954
54.95	18.2111
55	18.2273
55.05	18.244
55.1	18.2591
55.15	18.2743
55.2	18.2896
55.25	18.3053
55.3	18.3215
55.35	18.338
55.4	18.3546
55.45	18.3694
55.5	18.3881
55.55	18.4062
55.6	18.4241
55.65	18.4405
55.7	18.456
55.75	18.4693
55.8	18.4832
55.85	18.5008
55.9	18.5188
55.95	18.5366
56	18.5569
56.05	18.5766
56.1	18.5944
56.15	18.6122
56.2	18.6313
56.25	18.6474
56.3	18.6633
56.35	18.6794
56.4	18.6951
56.45	18.7097
56.5	18.7243
56.55	18.7418
56.6	18.7596
56.65	18.778
56.7	18.7977
56.75	18.8181
56.8	18.8369
56.85	18.8551
56.9	18.8728
56.95	18.8907
57	18.9083
57.05	18.9266
57.1	18.9449
57.15	18.9629
57.2	18.9817
57.25	18.9961
57.3	19.0108
57.35	19.0264
57.4	19.0419
57.45	19.0597
57.5	19.0793
57.55	19.0976
57.6	19.1164
57.65	19.1336
57.7	19.1506
57.75	19.1674
57.8	19.1822
57.85	19.1972
57.9	19.2115
57.95	19.2261
58	19.241
58.05	19.2567
58.1	19.2762
58.15	19.2958
58.2	19.314
58.25	19.3325
58.3	19.3506
58.35	19.3689
58.4	19.3875
58.45	19.407
58.5	19.4261
58.55	19.445
58.6	19.4615
58.65	19.479
58.7	19.4963
58.75	19.514
58.8	19.5326
58.85	19.5504
58.9	19.5686
58.95	19.5865
59	19.6042
59.05	19.6217
59.1	19.6384
59.15	19.655
59.2	19.6742
59.25	19.6911
59.3	19.7062
59.35	19.7218
59.4	19.7371
59.45	19.753
59.5	19.7688
59.55	19.7848
59.6	19.7981
59.65	19.8121
59.7	19.8278
59.75	19.8424
59.8	19.8577
59.85	19.8732
59.9	19.8882
59.95	19.9038
60	19.9195
60.05	19.9337
60.1	19.9493
60.15	19.9652
60.2	19.981
60.25	19.997
60.3	20.0131
60.35	20.0293
60.4	20.0452
60.45	20.0626
60.5	20.081
60.55	20.0991
60.6	20.1169
60.65	20.1336
60.7	20.1501
60.75	20.168
60.8	20.1865
60.85	20.2037
60.9	20.2205
60.95	20.2352
61	20.2491
61.05	20.264
61.1	20.2786
61.15	20.2935
61.2	20.3121
61.25	20.3335
61.3	20.3527
61.35	20.3746
61.4	20.3955
61.45	20.4158
61.5	20.4363
61.55	20.4547
61.6	20.4733
61.65	20.4923
61.7	20.5111
61.75	20.5296
61.8	20.5477
61.85	20.566
61.9	20.5829
61.95	20.5998
62	20.6161
62.05	20.6334
62.1	20.6508
62.15	20.6681
62.2	20.6852
62.25	20.7019
62.3	20.7181
62.35	20.7355
62.4	20.7526
62.45	20.769
62.5	20.786
62.55	20.803
62.6	20.8197
62.65	20.8377
62.7	20.8553
62.75	20.8721
62.8	20.8891
62.85	20.9058
62.9	20.9224
62.95	20.9393
63	20.9554
63.05	20.9718
63.1	20.9881
63.15	21.0055
63.2	21.0222
63.25	21.0414
63.3	21.0602
63.35	21.0792
63.4	21.0965
63.45	21.1141
63.5	21.1313
63.55	21.1476
63.6	21.1659
63.65	21.184
63.7	21.2018
63.75	21.2195
63.8	21.2369
63.85	21.255
63.9	21.2732
63.95	21.2902
64	21.3088
64.05	21.3276
64.1	21.3459
64.15	21.3624
64.2	21.3802
64.25	21.3989
64.3	21.4185
64.35	21.4376
64.4	21.4558
64.45	21.4724
64.5	21.4885
64.55	21.5047
64.6	21.5202
64.65	21.5344
64.7	21.5488
64.75	21.5646
64.8	21.5783
64.85	21.5904
64.9	21.6033
64.95	21.6168
65	21.6314
65.05	21.645
65.1	21.6557
65.15	21.6657
65.2	21.6768
65.25	21.6881
65.3	21.7007
65.35	21.7144
65.4	21.7277
65.45	21.7423
65.5	21.7564
65.55	21.7697
65.6	21.7836
65.65	21.7993
65.7	21.8155
65.75	21.8314
65.8	21.8478
65.85	21.8635
65.9	21.8797
65.95	21.8958
66	21.9152
66.05	21.9345
66.1	21.9532
66.15	21.9737
66.2	21.9942
66.25	22.0136
66.3	22.0315
66.35	22.0488
66.4	22.0646
66.45	22.0801
66.5	22.0971
66.55	22.1151
66.6	22.1353
66.65	22.1551
66.7	22.1744
66.75	22.1944
66.8	22.2132
66.85	22.2341
66.9	22.2546
66.95	22.2735
67	22.2914
67.05	22.3089
67.1	22.3256
67.15	22.3435
67.2	22.3619
67.25	22.3793
67.3	22.3966
67.35	22.4143
67.4	22.4318
67.45	22.4494
67.5	22.4674
67.55	22.4854
67.6	22.5026
67.65	22.5198
67.7	22.5391
67.75	22.5579
67.8	22.5781
67.85	22.596
67.9	22.6138
67.95	22.6292
68	22.6438
68.05	22.6573
68.1	22.6716
68.15	22.6857
68.2	22.7017
68.25	22.7186
68.3	22.7354
68.35	22.752
68.4	22.7682
68.45	22.7879
68.5	22.808
68.55	22.8292
68.6	22.8489
68.65	22.868
68.7	22.8868
68.75	22.9051
68.8	22.9228
68.85	22.9416
68.9	22.9601
68.95	22.9781
69	22.9934
69.05	23.0101
69.1	23.0257
69.15	23.0421
69.2	23.0575
69.25	23.0737
69.3	23.0891
69.35	23.1051
69.4	23.1206
69.45	23.1356
69.5	23.1507
69.55	23.1658
69.6	23.1802
69.65	23.1964
69.7	23.2114
69.75	23.2276
69.8	23.2441
69.85	23.2607
69.9	23.2764
69.95	23.2922
70	23.3088
70.05	23.326
70.1	23.3431
70.15	23.3599
70.2	23.3773
70.25	23.3946
70.3	23.4125
70.35	23.4301
70.4	23.4476
70.45	23.465
70.5	23.4804
70.55	23.4963
70.6	23.5113
70.65	23.5267
70.7	23.5427
70.75	23.5598
70.8	23.5767
70.85	23.5943
70.9	23.6119
70.95	23.6287
71	23.644
71.05	23.6588
71.1	23.6754
71.15	23.6918
71.2	23.707
71.25	23.7227
71.3	23.7392
71.35	23.7556
71.4	23.7732
71.45	23.7903
71.5	23.809
71.55	23.8252
71.6	23.8411
71.65	23.8572
71.7	23.8735
71.75	23.8903
71.8	23.9069
71.85	23.9233
71.9	23.9391
71.95	23.955
72	23.9715
72.05	23.9885
72.1	24.0041
72.15	24.0196
72.2	24.0351
72.25	24.0508
72.3	24.0667
72.35	24.0834
72.4	24.1009
72.45	24.1196
72.5	24.1393
72.55	24.1599
72.6	24.1807
72.65	24.2014
72.7	24.2227
72.75	24.2424
72.8	24.2624
72.85	24.2835
72.9	24.3043
72.95	24.3233
73	24.343
73.05	24.3622
73.1	24.3808
73.15	24.3991
73.2	24.4161
73.25	24.4337
73.3	24.4512
73.35	24.4708
73.4	24.4893
73.45	24.5079
73.5	24.5278
73.55	24.5469
73.6	24.5664
73.65	24.5854
73.7	24.6053
73.75	24.6232
73.8	24.6412
73.85	24.6599
73.9	24.6779
73.95	24.6953
74	24.7133
74.05	24.7318
74.1	24.7517
74.15	24.7714
74.2	24.7898
74.25	24.8078
74.3	24.8252
74.35	24.8426
74.4	24.86
74.45	24.8773
74.5	24.8946
74.55	24.9117
74.6	24.9276
74.65	24.9425
74.7	24.9604
74.75	24.9757
74.8	24.9916
74.85	25.008
74.9	25.0233
74.95	25.039
75	25.0548
75.05	25.0703
75.1	25.0857
75.15	25.1017
75.2	25.1173
75.25	25.1326
75.3	25.1482
75.35	25.1625
75.4	25.177
75.45	25.1918
75.5	25.2078
75.55	25.2248
75.6	25.242
75.65	25.2576
75.7	25.2743
75.75	25.2914
75.8	25.3069
75.85	25.3224
75.9	25.3376
75.95	25.3507
76	25.364
76.05	25.3772
76.1	25.3908
76.15	25.4056
76.2	25.4223
76.25	25.4382
76.3	25.4549
76.35	25.4708
76.4	25.4864
76.45	25.5015
76.5	25.5165
76.55	25.5319
76.6	25.5458
76.65	25.5588
76.7	25.5742
76.75	25.5874
76.8	25.6006
76.85	25.6139
76.9	25.63
76.95	25.6454
77	25.6605
77.05	25.6752
77.1	25.6892
77.15	25.7045
77.2	25.7187
77.25	25.7319
77.3	25.7461
77.35	25.7599
77.4	25.7746
77.45	25.7893
77.5	25.8047
77.55	25.8202
77.6	25.836
77.65	25.8528
77.7	25.8694
77.75	25.8857
77.8	25.9012
77.85	25.9192
77.9	25.9397
77.95	25.959
78	25.9786
78.05	25.9982
78.1	26.0176
78.15	26.0378
78.2	26.0584
78.25	26.0791
78.3	26.0979
78.35	26.1168
78.4	26.1351
78.45	26.1532
78.5	26.1709
78.55	26.1891
78.6	26.2064
78.65	26.2241
78.7	26.2413
78.75	26.2583
78.8	26.2753
78.85	26.2914
78.9	26.3074
78.95	26.3207
79	26.3344
79.05	26.348
79.1	26.3614
79.15	26.3746
79.2	26.389
79.25	26.4027
79.3	26.4171
79.35	26.4317
79.4	26.4453
79.45	26.4602
79.5	26.4755
79.55	26.4914
79.6	26.5087
79.65	26.524
79.7	26.5418
79.75	26.5591
79.8	26.5765
79.85	26.5935
79.9	26.61
79.95	26.6262
80	26.6423
80.05	26.6578
80.1	26.6729
80.15	26.6881
80.2	26.7032
80.25	26.7198
80.3	26.7364
80.35	26.7528
80.4	26.7683
80.45	26.7843
80.5	26.8009
80.55	26.8187
80.6	26.8363
80.65	26.8549
80.7	26.8733
80.75	26.8913
80.8	26.9088
80.85	26.9259
80.9	26.9416
80.95	26.9573
81	26.9736
81.05	26.9894
81.1	27.0047
81.15	27.0213
81.2	27.0375
81.25	27.0537
81.3	27.0699
81.35	27.0847
81.4	27.1012
81.45	27.1186
81.5	27.1354
81.55	27.1522
81.6	27.1701
81.65	27.1883
81.7	27.2062
81.75	27.2243
81.8	27.2436
81.85	27.2631
81.9	27.2828
81.95	27.3036
82	27.3233
82.05	27.3427
82.1	27.3627
82.15	27.3813
82.2	27.3965
82.25	27.4115
82.3	27.428
82.35	27.4449
82.4	27.4616
82.45	27.4783
82.5	27.4924
82.55	27.5041
82.6	27.5166
82.65	27.5294
82.7	27.5424
82.75	27.555
82.8	27.5679
82.85	27.5809
82.9	27.5938
82.95	27.6064
83	27.6188
83.05	27.6319
83.1	27.6428
83.15	27.6535
83.2	27.6642
83.25	27.6787
83.3	27.6934
83.35	27.7086
83.4	27.7241
83.45	27.7403
83.5	27.7551
83.55	27.7716
83.6	27.788
83.65	27.8043
83.7	27.8206
83.75	27.8371
83.8	27.8524
83.85	27.8655
83.9	27.8773
83.95	27.8887
84	27.9025
84.05	27.917
84.1	27.9306
84.15	27.9446
84.2	27.9591
84.25	27.9749
84.3	27.9904
84.35	28.0061
84.4	28.0221
84.45	28.0378
84.5	28.0545
84.55	28.0717
84.6	28.0907
84.65	28.1093
84.7	28.1273
84.75	28.1454
84.8	28.1628
84.85	28.1805
84.9	28.198
84.95	28.2171
85	28.2346
85.05	28.2508
85.1	28.2654
85.15	28.2829
85.2	28.2989
85.25	28.3149
85.3	28.33
85.35	28.346
85.4	28.3596
85.45	28.372
85.5	28.3869
85.55	28.4029
85.6	28.4166
85.65	28.431
85.7	28.446
85.75	28.4609
85.8	28.475
85.85	28.4899
85.9	28.5066
85.95	28.5238
86	28.5399
86.05	28.5568
86.1	28.5731
86.15	28.5894
86.2	28.6059
86.25	28.6223
86.3	28.6392
86.35	28.6562
86.4	28.674
86.45	28.6942
86.5	28.714
86.55	28.7313
86.6	28.7486
86.65	28.7668
86.7	28.7859
86.75	28.8042
86.8	28.8219
86.85	28.8395
86.9	28.8568
86.95	28.8742
87	28.8932
87.05	28.9094
87.1	28.9258
87.15	28.9439
87.2	28.9625
87.25	28.9807
87.3	28.998
87.35	29.0137
87.4	29.0293
87.45	29.0451
87.5	29.061
87.55	29.0785
87.6	29.0955
87.65	29.1144
87.7	29.1338
87.75	29.1527
87.8	29.1717
87.85	29.1896
87.9	29.2065
87.95	29.2232
88	29.2395
88.05	29.2576
88.1	29.2753
88.15	29.2907
88.2	29.3086
88.25	29.3254
88.3	29.342
88.35	29.3583
88.4	29.374
88.45	29.3899
88.5	29.4063
88.55	29.4229
88.6	29.4384
88.65	29.4532
88.7	29.4665
88.75	29.4832
88.8	29.4999
88.85	29.5157
88.9	29.5301
88.95	29.5457
89	29.5628
89.05	29.5808
89.1	29.5965
89.15	29.6134
89.2	29.6306
89.25	29.6486
89.3	29.6663
89.35	29.6843
89.4	29.7009
89.45	29.718
89.5	29.7347
89.55	29.7518
89.6	29.7694
89.65	29.7864
89.7	29.8033
89.75	29.8214
89.8	29.8392
89.85	29.8569
89.9	29.8738
89.95	29.8905
90	29.9072
90.05	29.924
90.1	29.9409
90.15	29.9585
90.2	29.9758
90.25	29.9925
90.3	30.0087
90.35	30.0257
90.4	30.0427
90.45	30.063
90.5	30.0829
90.55	30.1024
90.6	30.12
90.65	30.1383
90.7	30.1563
90.75	30.1744
90.8	30.1936
90.85	30.214
90.9	30.2337
90.95	30.2533
91	30.2725
91.05	30.2907
91.1	30.3086
91.15	30.3271
91.2	30.3423
91.25	30.3574
91.3	30.3723
91.35	30.3877
91.4	30.4039
91.45	30.4205
91.5	30.4362
91.55	30.4523
91.6	30.4685
91.65	30.4849
91.7	30.5019
91.75	30.5211
91.8	30.5421
91.85	30.5626
91.9	30.5802
91.95	30.5978
92	30.6147
92.05	30.6307
92.1	30.6439
92.15	30.6575
92.2	30.6713
92.25	30.6858
92.3	30.7009
92.35	30.7172
92.4	30.7333
92.45	30.7495
92.5	30.7643
92.55	30.7789
92.6	30.7941
92.65	30.8103
92.7	30.8266
92.75	30.8432
92.8	30.8604
92.85	30.8786
92.9	30.8961
92.95	30.9132
93	30.93
93.05	30.9457
93.1	30.9608
93.15	30.9764
93.2	30.995
93.25	31.0137
93.3	31.0323
93.35	31.0504
93.4	31.0682
93.45	31.0862
93.5	31.1049
93.55	31.1234
93.6	31.1416
93.65	31.1604
93.7	31.1784
93.75	31.1977
93.8	31.2155
93.85	31.2353
93.9	31.2556
93.95	31.2758
94	31.2959
94.05	31.3181
94.1	31.3395
94.15	31.3611
94.2	31.3818
94.25	31.4014
94.3	31.4215
94.35	31.4417
94.4	31.4612
94.45	31.4796
94.5	31.4977
94.55	31.5167
94.6	31.5346
94.65	31.552
94.7	31.5713
94.75	31.5898
94.8	31.6091
94.85	31.6277
94.9	31.6469
94.95	31.6688
95	31.6895
95.05	31.7088
95.1	31.7269
95.15	31.7463
95.2	31.7638
95.25	31.7809
95.3	31.7974
95.35	31.8147
95.4	31.8319
95.45	31.8496
95.5	31.8668
95.55	31.8838
95.6	31.9002
95.65	31.9174
95.7	31.9351
95.75	31.952
95.8	31.9698
95.85	31.9869
95.9	32.0042
95.95	32.0211
96	32.0384
96.05	32.0563
96.1	32.0723
96.15	32.0906
96.2	32.1065
96.25	32.1206
96.3	32.1352
96.35	32.1505
96.4	32.1648
96.45	32.1793
96.5	32.1938
96.55	32.2082
96.6	32.2246
96.65	32.2412
96.7	32.2576
96.75	32.2742
96.8	32.2897
96.85	32.3056
96.9	32.3237
96.95	32.3421
97	32.3592
97.05	32.3762
97.1	32.3935
97.15	32.4117
97.2	32.4294
97.25	32.4482
97.3	32.465
97.35	32.4824
97.4	32.4998
97.45	32.5162
97.5	32.5332
97.55	32.5502
97.6	32.5673
97.65	32.585
97.7	32.6023
97.75	32.6168
97.8	32.6316
97.85	32.6491
97.9	32.6653
97.95	32.6811
98	32.6983
98.05	32.7156
98.1	32.7349
98.15	32.7537
98.2	32.7725
98.25	32.7907
98.3	32.8093
98.35	32.8271
98.4	32.8439
98.45	32.8612
98.5	32.8794
98.55	32.8971
98.6	32.9139
98.65	32.9312
98.7	32.9492
98.75	32.9674
98.8	32.985
98.85	33.0029
98.9	33.0214
98.95	33.0393
99	33.0567
99.05	33.0745
99.1	33.0914
99.15	33.1078
99.2	33.1237
99.25	33.1402
99.3	33.1565
99.35	33.1732
99.4	33.1894
99.45	33.2054
99.5	33.2205
99.55	33.236
99.6	33.252
99.65	33.2677
99.7	33.2841
99.75	33.3008
99.8	33.3179
99.85	33.3348
99.9	33.3542
99.95	33.3731
100	33.3906
100.05	33.4079
100.1	33.4238
100.15	33.4404
100.2	33.458
100.25	33.4746
100.3	33.4925
100.35	33.5105
100.4	33.5297
100.45	33.5476
100.5	33.5662
100.55	33.5855
100.6	33.6041
100.65	33.6223
100.7	33.6416
100.75	33.6578
100.8	33.6738
100.85	33.6903
100.9	33.7072
100.95	33.7242
101	33.7413
101.05	33.7595
101.1	33.7777
101.15	33.7962
101.2	33.8145
101.25	33.8317
101.3	33.849
101.35	33.8668
101.4	33.8837
101.45	33.9005
101.5	33.9192
101.55	33.9378
101.6	33.9563
101.65	33.9745
101.7	33.9924
101.75	34.0094
101.8	34.0265
101.85	34.0434
101.9	34.0605
101.95	34.0751
102	34.0899
102.05	34.1063
102.1	34.1231
102.15	34.14
102.2	34.1569
102.25	34.1747
102.3	34.1927
102.35	34.2101
102.4	34.2277
102.45	34.2451
102.5	34.2623
102.55	34.2794
102.6	34.2963
102.65	34.3132
102.7	34.3327
102.75	34.3516
102.8	34.3702
102.85	34.3878
102.9	34.4052
102.95	34.4228
103	34.4409
103.05	34.4591
103.1	34.4765
103.15	34.4943
103.2	34.5118
103.25	34.5302
103.3	34.5492
103.35	34.5682
103.4	34.5875
103.45	34.6068
103.5	34.6257
103.55	34.6438
103.6	34.6618
103.65	34.6796
103.7	34.6976
103.75	34.7158
103.8	34.7337
103.85	34.7513
103.9	34.7688
103.95	34.7887
104	34.8082
104.05	34.8277
104.1	34.8479
104.15	34.8674
104.2	34.8864
104.25	34.9057
104.3	34.9246
104.35	34.9418
104.4	34.9598
104.45	34.9774
104.5	34.9954
104.55	35.0136
104.6	35.0331
104.65	35.0517
104.7	35.0694
104.75	35.0859
104.8	35.1023
104.85	35.1195
104.9	35.1358
104.95	35.1505
105	35.1644
105.05	35.1767
105.1	35.191
105.15	35.2043
105.2	35.2183
105.25	35.2343
105.3	35.25
105.35	35.2648
105.4	35.2797
105.45	35.294
105.5	35.3097
105.55	35.3254
105.6	35.3408
105.65	35.3586
105.7	35.3752
105.75	35.3921
105.8	35.4084
105.85	35.4245
105.9	35.4408
105.95	35.4571
106	35.472
106.05	35.4868
106.1	35.5018
106.15	35.517
106.2	35.5325
106.25	35.549
106.3	35.5665
106.35	35.5835
106.4	35.5999
106.45	35.6175
106.5	35.6333
106.55	35.6501
106.6	35.6669
106.65	35.6815
106.7	35.6951
106.75	35.7068
106.8	35.7181
106.85	35.7294
106.9	35.7416
106.95	35.7544
107	35.7696
107.05	35.7862
107.1	35.8018
107.15	35.8184
107.2	35.835
107.25	35.8508
107.3	35.8667
107.35	35.883
107.4	35.8987
107.45	35.9151
107.5	35.9335
107.55	35.9495
107.6	35.9659
107.65	35.984
107.7	36.0009
107.75	36.0173
107.8	36.0324
107.85	36.0465
107.9	36.0604
107.95	36.0747
108	36.0891
108.05	36.1033
108.1	36.1177
108.15	36.1333
108.2	36.1492
108.25	36.1657
108.3	36.1815
108.35	36.1975
108.4	36.2134
108.45	36.2295
108.5	36.247
108.55	36.2634
108.6	36.28
108.65	36.2978
108.7	36.3163
108.75	36.3345
108.8	36.3532
108.85	36.3719
108.9	36.391
108.95	36.4103
109	36.4298
109.05	36.4492
109.1	36.4672
109.15	36.4871
109.2	36.5082
109.25	36.5289
109.3	36.5481
109.35	36.5685
109.4	36.5879
109.45	36.6076
109.5	36.628
109.55	36.6486
109.6	36.6668
109.65	36.6841
109.7	36.6991
109.75	36.7141
109.8	36.7281
109.85	36.742
109.9	36.7562
109.95	36.7704
110	36.7851
110.05	36.8003
110.1	36.8155
110.15	36.8311
110.2	36.847
110.25	36.8628
110.3	36.8768
110.35	36.8905
110.4	36.9044
110.45	36.9192
110.5	36.9342
110.55	36.9492
110.6	36.9637
110.65	36.9784
110.7	36.9942
110.75	37.0119
110.8	37.0295
110.85	37.0476
110.9	37.0625
110.95	37.0781
111	37.0941
111.05	37.1096
111.1	37.1244
111.15	37.1395
111.2	37.1541
111.25	37.17
111.3	37.1864
111.35	37.2034
111.4	37.2203
111.45	37.2373
111.5	37.2558
111.55	37.2739
111.6	37.2918
111.65	37.3095
111.7	37.327
111.75	37.3427
111.8	37.3565
111.85	37.3699
111.9	37.3848
111.95	37.3992
112	37.4161
112.05	37.432
112.1	37.4481
112.15	37.4631
112.2	37.4797
112.25	37.4969
112.3	37.5139
112.35	37.5309
112.4	37.5478
112.45	37.5658
112.5	37.5834
112.55	37.6014
112.6	37.6201
112.65	37.6405
112.7	37.6605
112.75	37.6816
112.8	37.7024
112.85	37.7213
112.9	37.7403
112.95	37.7612
113	37.7819
113.05	37.8025
113.1	37.8229
113.15	37.843
113.2	37.8635
113.25	37.8833
113.3	37.9052
113.35	37.9259
113.4	37.9433
113.45	37.9608
113.5	37.979
113.55	37.9977
113.6	38.0162
113.65	38.0332
113.7	38.0493
113.75	38.0656
113.8	38.0818
113.85	38.101
113.9	38.1187
113.95	38.136
114	38.153
114.05	38.1719
114.1	38.1903
114.15	38.2081
114.2	38.2253
114.25	38.2436
114.3	38.2604
114.35	38.2775
114.4	38.2935
114.45	38.3098
114.5	38.3255
114.55	38.3412
114.6	38.3566
114.65	38.3724
114.7	38.3883
114.75	38.4031
114.8	38.4185
114.85	38.4341
114.9	38.4497
114.95	38.4643
115	38.4801
115.05	38.4953
115.1	38.5098
115.15	38.5247
115.2	38.54
115.25	38.5567
115.3	38.5733
115.35	38.5899
115.4	38.6068
115.45	38.6241
115.5	38.6403
115.55	38.6566
115.6	38.6727
115.65	38.689
115.7	38.7055
115.75	38.723
115.8	38.741
115.85	38.7608
115.9	38.7814
115.95	38.8015
116	38.8213
116.05	38.8403
116.1	38.8587
116.15	38.8762
116.2	38.8937
116.25	38.9126
116.3	38.9313
116.35	38.9504
116.4	38.9698
116.45	38.9878
116.5	39.007
116.55	39.0258
116.6	39.0471
116.65	39.0676
116.7	39.0881
116.75	39.1068
116.8	39.1262
116.85	39.1448
116.9	39.1644
116.95	39.1862
117	39.2073
117.05	39.2279
117.1	39.248
117.15	39.2674
117.2	39.2846
117.25	39.3012
117.3	39.3176
117.35	39.3321
117.4	39.345
117.45	39.3586
117.5	39.3728
117.55	39.3879
117.6	39.4032
117.65	39.4187
117.7	39.4352
117.75	39.4514
117.8	39.4684
117.85	39.4854
117.9	39.5038
117.95	39.5224
118	39.541
118.05	39.5591
118.1	39.5784
118.15	39.5969
118.2	39.6149
118.25	39.6322
118.3	39.6493
118.35	39.6671
118.4	39.6836
118.45	39.7002
118.5	39.7168
118.55	39.7332
118.6	39.7498
118.65	39.7678
118.7	39.7855
118.75	39.8027
118.8	39.8192
118.85	39.8357
118.9	39.8533
118.95	39.8692
119	39.8848
119.05	39.9013
119.1	39.9182
119.15	39.9345
119.2	39.9502
119.25	39.967
119.3	39.9858
119.35	40.0045
119.4	40.0202
119.45	40.0334
119.5	40.0469
119.55	40.0606
119.6	40.0754
119.65	40.0904
119.7	40.1056
119.75	40.1217
119.8	40.138
119.85	40.1544
119.9	40.171
119.95	40.1874
120	40.2038
120.05	40.2198
120.1	40.2358
120.15	40.252
120.2	40.2674
120.25	40.2815
120.3	40.2961
120.35	40.3105
120.4	40.3242
120.45	40.3381
120.5	40.3524
120.55	40.3657
120.6	40.3809
120.65	40.397
120.7	40.4132
120.75	40.4274
120.8	40.4421
120.85	40.4583
120.9	40.476
120.95	40.4931
121	40.5117
121.05	40.5298
121.1	40.5492
121.15	40.5665
121.2	40.5832
121.25	40.5999
121.3	40.6173
121.35	40.6345
121.4	40.6515
121.45	40.6685
121.5	40.6841
121.55	40.7002
121.6	40.7168
121.65	40.7343
121.7	40.7534
121.75	40.7695
121.8	40.7858
121.85	40.8036
121.9	40.823
121.95	40.8436
122	40.862
122.05	40.88
122.1	40.8974
122.15	40.9162
122.2	40.9344
122.25	40.9525
122.3	40.9711
122.35	40.9918
122.4	41.0119
122.45	41.0326
122.5	41.0534
122.55	41.0733
122.6	41.0928
122.65	41.1117
122.7	41.1312
122.75	41.1509
122.8	41.171
122.85	41.1924
122.9	41.2132
122.95	41.2324
123	41.2527
123.05	41.2732
123.1	41.2946
123.15	41.3135
123.2	41.3328
123.25	41.3517
123.3	41.3709
123.35	41.3891
123.4	41.4082
123.45	41.4269
123.5	41.4439
123.55	41.4606
123.6	41.4773
123.65	41.4939
123.7	41.5128
123.75	41.532
123.8	41.5524
123.85	41.5716
123.9	41.5904
123.95	41.6079
124	41.6261
124.05	41.6432
124.1	41.6614
124.15	41.6781
124.2	41.6965
124.25	41.7142
124.3	41.7304
124.35	41.7471
124.4	41.7619
124.45	41.7767
124.5	41.7921
124.55	41.8079
124.6	41.8218
124.65	41.8372
124.7	41.8527
124.75	41.8686
124.8	41.8866
124.85	41.9054
124.9	41.9235
124.95	41.942
125	41.9602
125.05	41.9784
125.1	41.9961
125.15	42.012
125.2	42.0291
125.25	42.0443
125.3	42.0602
125.35	42.0759
125.4	42.0893
125.45	42.1025
125.5	42.1181
125.55	42.132
125.6	42.1464
125.65	42.1593
125.7	42.1725
125.75	42.1866
125.8	42.2011
125.85	42.2147
125.9	42.2286
125.95	42.2443
126	42.26
126.05	42.2764
126.1	42.2931
126.15	42.31
126.2	42.3233
126.25	42.3377
126.3	42.351
126.35	42.3649
126.4	42.379
126.45	42.3941
126.5	42.4097
126.55	42.4246
126.6	42.44
126.65	42.4552
126.7	42.4709
126.75	42.4866
126.8	42.5024
126.85	42.518
126.9	42.5349
126.95	42.551
127	42.5655
127.05	42.5792
127.1	42.5942
127.15	42.6095
127.2	42.6229
127.25	42.6369
127.3	42.6517
127.35	42.6671
127.4	42.6828
127.45	42.6994
127.5	42.7157
127.55	42.7318
127.6	42.7483
127.65	42.7648
127.7	42.7803
127.75	42.7959
127.8	42.8115
127.85	42.8276
127.9	42.8436
127.95	42.8598
128	42.8774
128.05	42.8958
128.1	42.9132
128.15	42.9318
128.2	42.9521
128.25	42.9709
128.3	42.9892
128.35	43.0074
128.4	43.0224
128.45	43.0386
128.5	43.055
128.55	43.0713
128.6	43.0869
128.65	43.1022
128.7	43.1171
128.75	43.133
128.8	43.1489
128.85	43.163
128.9	43.1775
128.95	43.1927
129	43.2089
129.05	43.2241
129.1	43.2413
129.15	43.2582
129.2	43.2721
129.25	43.2865
129.3	43.3017
129.35	43.316
129.4	43.3297
129.45	43.3442
129.5	43.3589
129.55	43.3724
129.6	43.3851
129.65	43.3963
129.7	43.4083
129.75	43.421
129.8	43.4341
129.85	43.4478
129.9	43.4619
129.95	43.4765
130	43.4911
130.05	43.5062
130.1	43.5217
130.15	43.5364
130.2	43.5511
130.25	43.5666
130.3	43.582
130.35	43.5986
130.4	43.6152
130.45	43.6317
130.5	43.6503
130.55	43.6697
130.6	43.6897
130.65	43.7075
130.7	43.7242
130.75	43.7413
130.8	43.7594
130.85	43.7766
130.9	43.7938
130.95	43.8112
131	43.829
131.05	43.8459
131.1	43.8636
131.15	43.881
131.2	43.8985
131.25	43.9153
131.3	43.9321
131.35	43.9515
131.4	43.9714
131.45	43.9932
131.5	44.0134
131.55	44.0327
131.6	44.0508
131.65	44.0683
131.7	44.0851
131.75	44.1008
131.8	44.1168
131.85	44.132
131.9	44.1469
131.95	44.1627
132	44.1775
132.05	44.1939
132.1	44.2097
132.15	44.2249
132.2	44.2412
132.25	44.2581
132.3	44.2743
132.35	44.2875
132.4	44.3017
132.45	44.3178
132.5	44.3344
132.55	44.3511
132.6	44.3676
132.65	44.3837
132.7	44.3998
132.75	44.4162
132.8	44.4324
132.85	44.4488
132.9	44.4626
132.95	44.478
133	44.4944
133.05	44.5108
133.1	44.5294
133.15	44.5474
133.2	44.5658
133.25	44.5831
133.3	44.6003
133.35	44.6155
133.4	44.6306
133.45	44.6467
133.5	44.6625
133.55	44.6795
133.6	44.6973
133.65	44.7147
133.7	44.733
133.75	44.7521
133.8	44.769
133.85	44.785
133.9	44.7999
133.95	44.8147
134	44.8315
134.05	44.8441
134.1	44.858
134.15	44.8718
134.2	44.8845
134.25	44.8978
134.3	44.9116
134.35	44.9254
134.4	44.9394
134.45	44.9545
134.5	44.97
134.55	44.9858
134.6	45.0003
134.65	45.0152
134.7	45.0306
134.75	45.0454
134.8	45.0614
134.85	45.0781
134.9	45.0975
134.95	45.1164
135	45.1339
135.05	45.1499
135.1	45.1682
135.15	45.1876
135.2	45.2064
135.25	45.2251
135.3	45.242
135.35	45.2586
135.4	45.275
135.45	45.2898
135.5	45.3064
135.55	45.3223
135.6	45.3388
135.65	45.3548
135.7	45.3705
135.75	45.3855
135.8	45.3989
135.85	45.4144
135.9	45.4303
135.95	45.4464
136	45.4613
136.05	45.4769
136.1	45.4936
136.15	45.5122
136.2	45.5303
136.25	45.5482
136.3	45.5658
136.35	45.5837
136.4	45.6013
136.45	45.6191
136.5	45.6365
136.55	45.6552
136.6	45.6725
136.65	45.6897
136.7	45.7047
136.75	45.7191
136.8	45.7337
136.85	45.7497
136.9	45.7681
136.95	45.7864
137	45.806
137.05	45.8233
137.1	45.8413
137.15	45.8605
137.2	45.8791
137.25	45.8966
137.3	45.9152
137.35	45.9345
137.4	45.9529
137.45	45.9703
137.5	45.9863
137.55	46.0027
137.6	46.0194
137.65	46.0373
137.7	46.0559
137.75	46.0742
137.8	46.0919
137.85	46.1089
137.9	46.1257
137.95	46.1429
138	46.1605
138.05	46.1768
138.1	46.1934
138.15	46.2104
138.2	46.2287
138.25	46.2462
138.3	46.2644
138.35	46.2812
138.4	46.2979
138.45	46.3136
138.5	46.3317
138.55	46.3502
138.6	46.3682
138.65	46.3863
138.7	46.4035
138.75	46.4216
138.8	46.4391
138.85	46.4566
138.9	46.4735
138.95	46.4891
139	46.5057
139.05	46.5227
139.1	46.5396
139.15	46.5563
139.2	46.5736
139.25	46.5904
139.3	46.6078
139.35	46.6265
139.4	46.6449
139.45	46.6633
139.5	46.6818
139.55	46.6994
139.6	46.7175
139.65	46.7363
139.7	46.7514
139.75	46.7684
139.8	46.788
139.85	46.8061
139.9	46.8244
139.95	46.8411
140	46.8579
140.05	46.8742
140.1	46.891
140.15	46.9074
140.2	46.9236
140.25	46.9398
140.3	46.9561
140.35	46.9725
140.4	46.9934
140.45	47.0135
140.5	47.0332
140.55	47.0538
140.6	47.0742
140.65	47.0947
140.7	47.1148
140.75	47.1347
140.8	47.1539
140.85	47.1741
140.9	47.1927
140.95	47.211
141	47.2296
141.05	47.2479
141.1	47.2663
141.15	47.2831
141.2	47.2982
141.25	47.3132
141.3	47.3285
141.35	47.3444
141.4	47.3606
141.45	47.3773
141.5	47.3949
141.55	47.4127
141.6	47.4299
141.65	47.4487
141.7	47.4676
141.75	47.4905
141.8	47.5122
141.85	47.5337
141.9	47.5546
141.95	47.5739
142	47.5928
142.05	47.6113
142.1	47.6294
142.15	47.6473
142.2	47.6643
142.25	47.682
142.3	47.6996
142.35	47.7168
142.4	47.7318
142.45	47.7464
142.5	47.7618
142.55	47.7773
142.6	47.7927
142.65	47.8077
142.7	47.8208
142.75	47.8337
142.8	47.8505
142.85	47.866
142.9	47.8809
142.95	47.8974
143	47.9145
143.05	47.9294
143.1	47.9444
143.15	47.9621
143.2	47.9824
143.25	48.0021
143.3	48.0227
143.35	48.0438
143.4	48.0647
143.45	48.0858
143.5	48.105
143.55	48.1231
143.6	48.1389
143.65	48.155
143.7	48.1713
143.75	48.1874
143.8	48.2028
143.85	48.2187
143.9	48.2344
143.95	48.2493
144	48.2648
144.05	48.2805
144.1	48.2964
144.15	48.3128
144.2	48.33
144.25	48.3458
144.3	48.3614
144.35	48.378
144.4	48.3933
144.45	48.4086
144.5	48.424
144.55	48.4366
144.6	48.4497
144.65	48.4636
144.7	48.4786
144.75	48.4948
144.8	48.5117
144.85	48.5277
144.9	48.5442
144.95	48.5603
145	48.5763
145.05	48.5937
145.1	48.6112
145.15	48.6279
145.2	48.6452
145.25	48.6624
145.3	48.6796
145.35	48.6965
145.4	48.7145
145.45	48.7316
145.5	48.7499
145.55	48.7685
145.6	48.7874
145.65	48.805
145.7	48.8254
145.75	48.8453
145.8	48.8646
145.85	48.8836
145.9	48.9022
145.95	48.9188
146	48.9357
146.05	48.9531
146.1	48.9693
146.15	48.9849
146.2	49.0011
146.25	49.0178
146.3	49.0357
146.35	49.0545
146.4	49.0729
146.45	49.0894
146.5	49.1024
146.55	49.1165
146.6	49.1313
146.65	49.1463
146.7	49.1615
146.75	49.179
146.8	49.1963
146.85	49.2148
146.9	49.2324
146.95	49.2502
147	49.269
147.05	49.2892
147.1	49.308
147.15	49.3257
147.2	49.3422
147.25	49.3587
147.3	49.3755
147.35	49.3923
147.4	49.4108
147.45	49.4285
147.5	49.4467
147.55	49.4634
147.6	49.4804
147.65	49.4968
147.7	49.5137
147.75	49.5313
147.8	49.5469
147.85	49.5634
147.9	49.5782
147.95	49.5933
148	49.6093
148.05	49.624
148.1	49.6387
148.15	49.6535
148.2	49.6686
148.25	49.6837
148.3	49.7015
148.35	49.7191
148.4	49.7372
148.45	49.7548
148.5	49.7722
148.55	49.7883
148.6	49.8055
148.65	49.8228
148.7	49.8386
148.75	49.8549
148.8	49.8732
148.85	49.8905
148.9	49.908
148.95	49.9253
149	49.9423
149.05	49.9589
149.1	49.9763
149.15	49.9958
149.2	50.0153
149.25	50.0338
149.3	50.051
149.35	50.0664
149.4	50.08
149.45	50.0951
149.5	50.1098
149.55	50.1263
149.6	50.145
149.65	50.1639
149.7	50.1823
149.75	50.2005
149.8	50.2176
149.85	50.2358
149.9	50.2537
149.95	50.2701
150	50.2872
150.05	50.3045
150.1	50.3192
150.15	50.332
150.2	50.3454
150.25	50.3605
150.3	50.3739
150.35	50.3882
150.4	50.4007
150.45	50.4156
150.5	50.4284
150.55	50.4415
150.6	50.4556
150.65	50.4706
150.7	50.4859
150.75	50.5009
150.8	50.515
150.85	50.5299
150.9	50.5445
150.95	50.5596
151	50.5737
151.05	50.5877
151.1	50.6022
151.15	50.6177
151.2	50.6334
151.25	50.6487
151.3	50.6626
151.35	50.6789
151.4	50.6951
151.45	50.7111
151.5	50.7273
151.55	50.7426
151.6	50.7592
151.65	50.7762
151.7	50.7933
151.75	50.812
151.8	50.8301
151.85	50.8473
151.9	50.8651
151.95	50.8844
152	50.9033
152.05	50.9199
152.1	50.9357
152.15	50.9503
152.2	50.9638
152.25	50.9789
152.3	50.9949
152.35	51.0111
152.4	51.027
152.45	51.043
152.5	51.0606
152.55	51.0795
152.6	51.0981
152.65	51.1167
152.7	51.1339
152.75	51.1512
152.8	51.1688
152.85	51.1852
152.9	51.202
152.95	51.2165
153	51.2327
153.05	51.2494
153.1	51.2666
153.15	51.2839
153.2	51.3012
153.25	51.3171
153.3	51.3334
153.35	51.35
153.4	51.3651
153.45	51.3794
153.5	51.3948
153.55	51.4088
153.6	51.4213
153.65	51.4358
153.7	51.4501
153.75	51.4644
153.8	51.4792
153.85	51.495
153.9	51.5115
153.95	51.5282
154	51.5442
154.05	51.5609
154.1	51.5777
154.15	51.5945
154.2	51.6114
154.25	51.6288
154.3	51.6477
154.35	51.6675
154.4	51.6873
154.45	51.7065
154.5	51.7254
154.55	51.7434
154.6	51.7626
154.65	51.7817
154.7	51.8002
154.75	51.8172
154.8	51.8339
154.85	51.8518
154.9	51.8693
154.95	51.8866
155	51.9032
155.05	51.9199
155.1	51.9381
155.15	51.9563
155.2	51.9739
155.25	51.9906
155.3	52.0074
155.35	52.0246
155.4	52.0416
155.45	52.0588
155.5	52.0785
155.55	52.0977
155.6	52.1164
155.65	52.135
155.7	52.1531
155.75	52.1709
155.8	52.1887
155.85	52.2063
155.9	52.2243
155.95	52.243
156	52.2593
156.05	52.2752
156.1	52.2912
156.15	52.3076
156.2	52.3228
156.25	52.3379
156.3	52.3531
156.35	52.3695
156.4	52.3855
156.45	52.4023
156.5	52.4194
156.55	52.4373
156.6	52.4569
156.65	52.476
156.7	52.4948
156.75	52.5116
156.8	52.5288
156.85	52.5455
156.9	52.5622
156.95	52.5792
157	52.5962
157.05	52.6137
157.1	52.6307
157.15	52.6485
157.2	52.6652
157.25	52.6813
157.3	52.6974
157.35	52.7135
157.4	52.7306
157.45	52.7458
157.5	52.7611
157.55	52.7763
157.6	52.7932
157.65	52.8092
157.7	52.8255
157.75	52.8399
157.8	52.8554
157.85	52.8716
157.9	52.8859
157.95	52.9006
158	52.9139
158.05	52.9271
158.1	52.9408
158.15	52.9554
158.2	52.9704
158.25	52.9866
158.3	53.0027
158.35	53.0207
158.4	53.0383
158.45	53.0574
158.5	53.0763
158.55	53.0948
158.6	53.1114
158.65	53.1292
158.7	53.147
158.75	53.1651
158.8	53.1818
158.85	53.1983
158.9	53.2152
158.95	53.2319
159	53.2488
159.05	53.2652
159.1	53.2814
159.15	53.2981
159.2	53.3161
159.25	53.3338
159.3	53.3516
159.35	53.3691
159.4	53.3859
159.45	53.4016
159.5	53.4175
159.55	53.4325
159.6	53.4468
159.65	53.4615
159.7	53.4761
159.75	53.4908
159.8	53.5065
159.85	53.5222
159.9	53.5373
159.95	53.5518
160	53.5644
160.05	53.5767
160.1	53.5902
160.15	53.6037
160.2	53.6192
160.25	53.6354
160.3	53.6534
160.35	53.6708
160.4	53.689
160.45	53.7067
160.5	53.7249
160.55	53.7441
160.6	53.7613
160.65	53.7788
160.7	53.7961
160.75	53.8142
160.8	53.833
160.85	53.8505
160.9	53.8678
160.95	53.8844
161	53.9001
161.05	53.9171
161.1	53.9345
161.15	53.9517
161.2	53.9688
161.25	53.9863
161.3	54.0044
161.35	54.0224
161.4	54.0403
161.45	54.0581
161.5	54.0749
161.55	54.0911
161.6	54.1077
161.65	54.1242
161.7	54.1401
161.75	54.1554
161.8	54.1703
161.85	54.1848
161.9	54.1995
161.95	54.2122
162	54.2261
162.05	54.2425
162.1	54.2586
162.15	54.2746
162.2	54.2909
162.25	54.3071
162.3	54.3239
162.35	54.3406
162.4	54.3566
162.45	54.373
162.5	54.3868
162.55	54.4023
162.6	54.4167
162.65	54.4313
162.7	54.4474
162.75	54.4635
162.8	54.4798
162.85	54.4964
162.9	54.513
162.95	54.5287
163	54.5446
163.05	54.5629
163.1	54.5805
163.15	54.5994
163.2	54.6181
163.25	54.6365
163.3	54.6552
163.35	54.6725
163.4	54.6907
163.45	54.7087
163.5	54.7288
163.55	54.7465
163.6	54.7644
163.65	54.7822
163.7	54.8009
163.75	54.8184
163.8	54.8349
163.85	54.8516
163.9	54.8694
163.95	54.8863
164	54.9022
164.05	54.9178
164.1	54.9312
164.15	54.9439
164.2	54.9572
164.25	54.9712
164.3	54.9844
164.35	54.9969
164.4	55.0109
164.45	55.0262
164.5	55.0412
164.55	55.0572
164.6	55.0718
164.65	55.087
164.7	55.102
164.75	55.1158
164.8	55.1303
164.85	55.146
164.9	55.1629
164.95	55.1788
165	55.1972
165.05	55.216
165.1	55.2351
165.15	55.253
165.2	55.2692
165.25	55.2863
165.3	55.3015
165.35	55.3159
165.4	55.3329
165.45	55.3496
165.5	55.3658
165.55	55.3824
165.6	55.3991
165.65	55.416
165.7	55.4321
165.75	55.4486
165.8	55.4651
165.85	55.4818
165.9	55.4986
165.95	55.5154
166	55.5314
166.05	55.5512
166.1	55.5707
166.15	55.5896
166.2	55.6079
166.25	55.6269
166.3	55.6439
166.35	55.6598
166.4	55.6755
166.45	55.6912
166.5	55.7054
166.55	55.7196
166.6	55.7342
166.65	55.7487
166.7	55.7641
166.75	55.7799
166.8	55.7964
166.85	55.8115
166.9	55.8252
166.95	55.8402
167	55.8553
167.05	55.8684
167.1	55.8803
167.15	55.895
167.2	55.909
167.25	55.9245
167.3	55.9395
167.35	55.9553
167.4	55.9702
167.45	55.9858
167.5	56.0016
167.55	56.0174
167.6	56.0333
167.65	56.051
167.7	56.0676
167.75	56.0839
167.8	56.099
167.85	56.114
167.9	56.1291
167.95	56.1461
168	56.1619
168.05	56.178
168.1	56.1956
168.15	56.2136
168.2	56.2316
168.25	56.2492
168.3	56.2645
168.35	56.2812
168.4	56.2982
168.45	56.3147
168.5	56.3311
168.55	56.3483
168.6	56.3693
168.65	56.3898
168.7	56.4101
168.75	56.4299
168.8	56.4495
168.85	56.4682
168.9	56.4859
168.95	56.5028
169	56.5186
169.05	56.5334
169.1	56.547
169.15	56.5617
169.2	56.5757
169.25	56.5898
169.3	56.6043
169.35	56.6209
169.4	56.6369
169.45	56.6532
169.5	56.6685
169.55	56.6841
169.6	56.7003
169.65	56.7167
169.7	56.7326
169.75	56.7484
169.8	56.7666
169.85	56.7849
169.9	56.8032
169.95	56.8226
170	56.8416
170.05	56.861
170.1	56.8799
170.15	56.9013
170.2	56.924
170.25	56.9456
170.3	56.964
170.35	56.9831
170.4	57.0021
170.45	57.0203
170.5	57.0387
170.55	57.0569
170.6	57.0745
170.65	57.092
170.7	57.1093
170.75	57.1263
170.8	57.1431
170.85	57.1599
170.9	57.1752
170.95	57.1904
171	57.2086
171.05	57.2254
171.1	57.2413
171.15	57.2569
171.2	57.2733
171.25	57.2895
171.3	57.3064
171.35	57.3234
171.4	57.34
171.45	57.3574
171.5	57.3755
171.55	57.3933
171.6	57.4111
171.65	57.4295
171.7	57.448
171.75	57.4665
171.8	57.4845
171.85	57.5021
171.9	57.5186
171.95	57.5352
172	57.5518
172.05	57.5667
172.1	57.5821
172.15	57.5984
172.2	57.6158
172.25	57.6335
172.3	57.6516
172.35	57.6701
172.4	57.6895
172.45	57.7081
172.5	57.7269
172.55	57.7442
172.6	57.761
172.65	57.7777
172.7	57.7922
172.75	57.8061
172.8	57.8227
172.85	57.8392
172.9	57.8559
172.95	57.8726
173	57.892
173.05	57.9107
173.1	57.9286
173.15	57.9465
173.2	57.9646
173.25	57.9831
173.3	58.0021
173.35	58.0209
173.4	58.04
173.45	58.059
173.5	58.0776
173.55	58.0954
173.6	58.1121
173.65	58.1288
173.7	58.1455
173.75	58.1625
173.8	58.1788
173.85	58.1929
173.9	58.2081
173.95	58.2236
174	58.2405
174.05	58.2579
174.1	58.2719
174.15	58.2867
174.2	58.3018
174.25	58.3175
174.3	58.3334
174.35	58.3509
174.4	58.3674
174.45	58.3835
174.5	58.3972
174.55	58.4109
174.6	58.4254
174.65	58.4415
174.7	58.4574
174.75	58.4738
174.8	58.49
174.85	58.5062
174.9	58.5215
174.95	58.538
175	58.5543
175.05	58.5721
175.1	58.5893
175.15	58.6075
175.2	58.6251
175.25	58.6423
175.3	58.6589
175.35	58.675
175.4	58.6896
175.45	58.7057
175.5	58.7226
175.55	58.7397
175.6	58.7581
175.65	58.7765
175.7	58.7959
175.75	58.8134
175.8	58.8307
175.85	58.8463
175.9	58.8619
175.95	58.8769
176	58.8903
176.05	58.9053
176.1	58.922
176.15	58.9378
176.2	58.9537
176.25	58.9678
176.3	58.983
176.35	58.9986
176.4	59.0144
176.45	59.0306
176.5	59.0475
176.55	59.0635
176.6	59.0796
176.65	59.0966
176.7	59.1128
176.75	59.1289
176.8	59.1454
176.85	59.1613
176.9	59.1772
176.95	59.1919
177	59.2051
177.05	59.218
177.1	59.2317
177.15	59.2458
177.2	59.2612
177.25	59.2776
177.3	59.295
177.35	59.3125
177.4	59.3307
177.45	59.3495
177.5	59.3681
177.55	59.3867
177.6	59.4046
177.65	59.4229
177.7	59.4412
177.75	59.4602
177.8	59.4789
177.85	59.4973
177.9	59.5142
177.95	59.5315
178	59.5495
178.05	59.5671
178.1	59.5839
178.15	59.6
178.2	59.6155
178.25	59.6322
178.3	59.6495
178.35	59.6663
178.4	59.6851
178.45	59.7036
178.5	59.7216
178.55	59.7405
178.6	59.7587
178.65	59.7769
178.7	59.7949
178.75	59.8107
178.8	59.8268
178.85	59.8432
178.9	59.8601
178.95	59.8769
179	59.8945
179.05	59.9115
179.1	59.9285
179.15	59.9459
179.2	59.9611
179.25	59.9764
179.3	59.992
179.35	60.0078
179.4	60.0241
179.45	60.0428
179.5	60.0609
179.55	60.0779
179.6	60.0957
179.65	60.1141
179.7	60.1324
179.75	60.1514
179.8	60.1699
179.85	60.1898
179.9	60.2089
179.95	60.2277
180	60.2456
180.05	60.2635
180.1	60.2808
180.15	60.2982
180.2	60.3161
180.25	60.3339
180.3	60.3515
180.35	60.3686
180.4	60.3866
180.45	60.4043
180.5	60.4207
180.55	60.4365
180.6	60.4515
180.65	60.467
180.7	60.4858
180.75	60.5039
180.8	60.5218
180.85	60.54
180.9	60.5574
180.95	60.5762
181	60.5913
181.05	60.6022
181.1	60.6136
181.15	60.6283
181.2	60.6462
181.25	60.6646
181.3	60.6821
181.35	60.7004
181.4	60.7198
181.45	60.7413
181.5	60.7622
181.55	60.7807
181.6	60.7987
181.65	60.8166
181.7	60.8344
181.75	60.8527
181.8	60.8723
181.85	60.8911
181.9	60.9104
181.95	60.9292
182	60.9475
182.05	60.9656
182.1	60.9836
182.15	60.9997
182.2	61.0157
182.25	61.0295
182.3	61.0425
182.35	61.0569
182.4	61.0716
182.45	61.0861
182.5	61.0996
182.55	61.1153
182.6	61.1314
182.65	61.1473
182.7	61.1632
182.75	61.1793
182.8	61.196
182.85	61.2144
182.9	61.2311
182.95	61.2511
183	61.2688
183.05	61.2862
183.1	61.3033
183.15	61.3201
183.2	61.3366
183.25	61.353
183.3	61.3694
183.35	61.3849
183.4	61.4006
183.45	61.4177
183.5	61.4353
183.55	61.4537
183.6	61.4724
183.65	61.4908
183.7	61.5094
183.75	61.5281
183.8	61.547
183.85	61.5648
183.9	61.5819
183.95	61.599
184	61.6126
184.05	61.6235
184.1	61.635
184.15	61.6493
184.2	61.6638
184.25	61.6784
184.3	61.6933
184.35	61.7093
184.4	61.726
184.45	61.7444
184.5	61.7624
184.55	61.7802
184.6	61.7995
184.65	61.817
184.7	61.8344
184.75	61.853
184.8	61.8707
184.85	61.8882
184.9	61.9065
184.95	61.9256
185	61.9441
185.05	61.9596
185.1	61.9772
185.15	61.9948
185.2	62.0121
185.25	62.0316
185.3	62.0502
185.35	62.0686
185.4	62.0864
185.45	62.1033
185.5	62.1194
185.55	62.136
185.6	62.1526
185.65	62.1692
185.7	62.186
185.75	62.2037
185.8	62.2203
185.85	62.2374
185.9	62.2532
185.95	62.2686
186	62.2817
186.05	62.2977
186.1	62.3139
186.15	62.3313
186.2	62.3493
186.25	62.3679
186.3	62.3861
186.35	62.404
186.4	62.4257
186.45	62.4468
186.5	62.4672
186.55	62.4873
186.6	62.5072
186.65	62.5268
186.7	62.546
186.75	62.5651
186.8	62.582
186.85	62.6
186.9	62.6173
186.95	62.6343
187	62.6517
187.05	62.6691
187.1	62.6853
187.15	62.7016
187.2	62.7192
187.25	62.7371
187.3	62.7567
187.35	62.7765
187.4	62.7957
187.45	62.8154
187.5	62.8353
187.55	62.8541
187.6	62.8713
187.65	62.8879
187.7	62.905
187.75	62.9222
187.8	62.9394
187.85	62.9555
187.9	62.9719
187.95	62.9883
188	63.0052
188.05	63.0221
188.1	63.0409
188.15	63.0594
188.2	63.0795
188.25	63.1
188.3	63.1212
188.35	63.1431
188.4	63.1658
188.45	63.1875
188.5	63.2102
188.55	63.2314
188.6	63.2533
188.65	63.2743
188.7	63.294
188.75	63.3135
188.8	63.3321
188.85	63.35
188.9	63.3694
188.95	63.3886
189	63.4073
189.05	63.4264
189.1	63.4421
189.15	63.4578
189.2	63.4741
189.25	63.4906
189.3	63.5072
189.35	63.5215
189.4	63.5365
189.45	63.5519
189.5	63.5675
189.55	63.5832
189.6	63.6015
189.65	63.6206
189.7	63.6394
189.75	63.6577
189.8	63.6769
189.85	63.6956
189.9	63.714
189.95	63.7326
190	63.7514
190.05	63.7701
190.1	63.7883
190.15	63.8069
190.2	63.8252
190.25	63.843
190.3	63.8622
190.35	63.8809
190.4	63.8991
190.45	63.9175
190.5	63.937
190.55	63.9552
190.6	63.9737
190.65	63.9914
190.7	64.0089
190.75	64.0259
190.8	64.0423
190.85	64.0592
190.9	64.076
190.95	64.0941
191	64.1119
191.05	64.1294
191.1	64.1473
191.15	64.1635
191.2	64.1794
191.25	64.1949
191.3	64.2104
191.35	64.2259
191.4	64.2411
191.45	64.2565
191.5	64.2718
191.55	64.2871
191.6	64.305
191.65	64.3237
191.7	64.342
191.75	64.3603
191.8	64.3782
191.85	64.3961
191.9	64.4138
191.95	64.4311
192	64.4512
192.05	64.4709
192.1	64.4903
192.15	64.5089
192.2	64.5281
192.25	64.5465
192.3	64.5645
192.35	64.5801
192.4	64.5963
192.45	64.6114
192.5	64.6264
192.55	64.6396
192.6	64.6531
192.65	64.666
192.7	64.6797
192.75	64.6942
192.8	64.7114
192.85	64.7287
192.9	64.7449
192.95	64.7626
193	64.78
193.05	64.7957
193.1	64.8132
193.15	64.8322
193.2	64.8506
193.25	64.8686
193.3	64.8857
193.35	64.9026
193.4	64.9195
193.45	64.9353
193.5	64.9509
193.55	64.9665
193.6	64.9819
193.65	64.9975
193.7	65.0133
193.75	65.0307
193.8	65.0498
193.85	65.0699
193.9	65.0895
193.95	65.109
194	65.1261
194.05	65.143
194.1	65.1586
194.15	65.1743
194.2	65.1892
194.25	65.2043
194.3	65.2226
194.35	65.2406
194.4	65.2593
194.45	65.2777
194.5	65.2962
194.55	65.3141
194.6	65.3313
194.65	65.3489
194.7	65.3677
194.75	65.3866
194.8	65.4048
194.85	65.4239
194.9	65.4424
194.95	65.4609
195	65.4789
195.05	65.4967
195.1	65.5141
195.15	65.5306
195.2	65.548
195.25	65.5649
195.3	65.5819
195.35	65.5981
195.4	65.6149
195.45	65.6311
195.5	65.6492
195.55	65.6671
195.6	65.6864
195.65	65.7053
195.7	65.7238
195.75	65.7405
195.8	65.7577
195.85	65.7735
195.9	65.7887
195.95	65.8034
196	65.8182
196.05	65.8341
196.1	65.8491
196.15	65.864
196.2	65.8795
196.25	65.8966
196.3	65.9132
196.35	65.9299
196.4	65.9465
196.45	65.9651
196.5	65.9812
196.55	65.9972
196.6	66.0132
196.65	66.0294
196.7	66.0446
196.75	66.0592
196.8	66.0735
196.85	66.0871
196.9	66.1018
196.95	66.1169
197	66.1321
197.05	66.1485
197.1	66.1648
197.15	66.181
197.2	66.1968
197.25	66.2124
197.3	66.2285
197.35	66.2433
197.4	66.2593
197.45	66.2755
197.5	66.2915
197.55	66.3091
197.6	66.3271
197.65	66.3472
197.7	66.3664
197.75	66.3853
197.8	66.4031
197.85	66.4208
197.9	66.4381
197.95	66.4561
198	66.4749
198.05	66.4934
198.1	66.5112
198.15	66.5287
198.2	66.5468
198.25	66.5645
198.3	66.584
198.35	66.6017
198.4	66.6193
198.45	66.6367
198.5	66.6537
198.55	66.6708
198.6	66.6869
198.65	66.7017
198.7	66.7156
198.75	66.7306
198.8	66.7454
198.85	66.7607
198.9	66.7765
198.95	66.7934
199	66.8097
199.05	66.8268
199.1	66.8428
199.15	66.8592
199.2	66.8744
199.25	66.8897
199.3	66.9058
199.35	66.9214
199.4	66.9358
199.45	66.9508
199.5	66.9655
199.55	66.981
199.6	66.9961
199.65	67.0113
199.7	67.0271
199.75	67.0424
199.8	67.0586
199.85	67.0748
199.9	67.0899
199.95	67.1054
200	67.1184
200.05	67.1306
200.1	67.1444
200.15	67.1591
200.2	67.1743
200.25	67.1897
200.3	67.2055
200.35	67.2214
200.4	67.2364
200.45	67.2518
200.5	67.2681
200.55	67.2835
200.6	67.2999
200.65	67.3191
200.7	67.3388
200.75	67.3586
200.8	67.3787
200.85	67.3974
200.9	67.4159
200.95	67.434
201	67.4519
201.05	67.4691
201.1	67.4862
201.15	67.5041
201.2	67.5192
201.25	67.5353
201.3	67.5516
201.35	67.5684
201.4	67.5838
201.45	67.5991
201.5	67.6142
201.55	67.6285
201.6	67.6433
201.65	67.6594
201.7	67.6731
201.75	67.6873
201.8	67.7015
201.85	67.7172
201.9	67.7324
201.95	67.7449
202	67.7596
202.05	67.7744
202.1	67.7896
202.15	67.8081
202.2	67.8257
202.25	67.8437
202.3	67.8618
202.35	67.88
202.4	67.8988
202.45	67.9157
202.5	67.9328
202.55	67.9505
202.6	67.9679
202.65	67.9852
202.7	68.0015
202.75	68.0158
202.8	68.0305
202.85	68.0461
202.9	68.0611
202.95	68.0776
203	68.0938
203.05	68.1095
203.1	68.1255
203.15	68.1423
203.2	68.1589
203.25	68.1762
203.3	68.1957
203.35	68.2149
203.4	68.2345
203.45	68.255
203.5	68.2748
203.55	68.2927
203.6	68.3109
203.65	68.3292
203.7	68.3468
203.75	68.3652
203.8	68.3808
203.85	68.3985
203.9	68.4192
203.95	68.4387
204	68.4569
204.05	68.4749
204.1	68.4922
204.15	68.5096
204.2	68.526
204.25	68.5418
204.3	68.5579
204.35	68.576
204.4	68.5934
204.45	68.6138
204.5	68.634
204.55	68.6543
204.6	68.6751
204.65	68.6954
204.7	68.7146
204.75	68.7334
204.8	68.7519
204.85	68.7701
204.9	68.7888
204.95	68.8077
205	68.8285
205.05	68.8467
205.1	68.8618
205.15	68.8774
205.2	68.8896
205.25	68.9032
205.3	68.9179
205.35	68.9331
205.4	68.9504
205.45	68.9676
205.5	68.9856
205.55	69.0033
205.6	69.0195
205.65	69.0354
205.7	69.0517
205.75	69.0698
205.8	69.0876
205.85	69.1054
205.9	69.1242
205.95	69.1438
206	69.1631
206.05	69.1807
206.1	69.1979
206.15	69.215
206.2	69.2324
206.25	69.2493
206.3	69.2628
206.35	69.2773
206.4	69.2905
206.45	69.3038
206.5	69.3162
206.55	69.329
206.6	69.3428
206.65	69.3571
206.7	69.3729
206.75	69.3889
206.8	69.4053
206.85	69.4198
206.9	69.4354
206.95	69.453
207	69.4698
207.05	69.4857
207.1	69.5023
207.15	69.52
207.2	69.5405
207.25	69.5599
207.3	69.579
207.35	69.5979
207.4	69.6179
207.45	69.6364
207.5	69.6546
207.55	69.6722
207.6	69.6882
207.65	69.7048
207.7	69.7215
207.75	69.738
207.8	69.7561
207.85	69.7739
207.9	69.792
207.95	69.8099
208	69.8273
208.05	69.8446
208.1	69.8628
208.15	69.8794
208.2	69.8957
208.25	69.9123
208.3	69.9286
208.35	69.945
208.4	69.9616
208.45	69.9768
208.5	69.9929
208.55	70.0099
208.6	70.0273
208.65	70.0456
208.7	70.0631
208.75	70.0822
208.8	70.1024
208.85	70.1179
208.9	70.1335
208.95	70.1497
209	70.1649
209.05	70.1804
209.1	70.1977
209.15	70.2146
209.2	70.2322
209.25	70.2504
209.3	70.2686
209.35	70.2857
209.4	70.3006
209.45	70.3166
209.5	70.3295
209.55	70.3429
209.6	70.3569
209.65	70.3714
209.7	70.3862
209.75	70.4014
209.8	70.416
209.85	70.431
209.9	70.4457
209.95	70.4597
210	70.4739
210.05	70.4881
210.1	70.5025
210.15	70.5171
210.2	70.5322
210.25	70.5477
210.3	70.5638
210.35	70.5802
210.4	70.5963
210.45	70.613
210.5	70.6291
210.55	70.6461
210.6	70.6637
210.65	70.6807
210.7	70.6983
210.75	70.7159
210.8	70.7335
210.85	70.7504
210.9	70.7692
210.95	70.7885
211	70.807
211.05	70.8238
211.1	70.8409
211.15	70.8586
211.2	70.8765
211.25	70.8942
211.3	70.9117
211.35	70.929
211.4	70.9457
211.45	70.963
211.5	70.9781
211.55	70.9938
211.6	71.0102
211.65	71.0267
211.7	71.0442
211.75	71.0615
211.8	71.0785
211.85	71.0954
211.9	71.1125
211.95	71.129
212	71.1474
212.05	71.1653
212.1	71.1827
212.15	71.1992
212.2	71.2141
212.25	71.2295
212.3	71.2463
212.35	71.2633
212.4	71.2825
212.45	71.3006
212.5	71.3208
212.55	71.3378
212.6	71.3546
212.65	71.3714
212.7	71.3859
212.75	71.3999
212.8	71.4147
212.85	71.4302
212.9	71.4453
212.95	71.4615
213	71.4777
213.05	71.4936
213.1	71.51
213.15	71.5265
213.2	71.5429
213.25	71.5587
213.3	71.575
213.35	71.5917
213.4	71.6102
213.45	71.6249
213.5	71.6407
213.55	71.6567
213.6	71.6725
213.65	71.6883
213.7	71.7035
213.75	71.7176
213.8	71.7316
213.85	71.7456
213.9	71.7604
213.95	71.7775
214	71.7949
214.05	71.8109
214.1	71.8264
214.15	71.8401
214.2	71.8545
214.25	71.8699
214.3	71.8851
214.35	71.9001
214.4	71.9135
214.45	71.9276
214.5	71.9432
214.55	71.9593
214.6	71.9752
214.65	71.9926
214.7	72.01
214.75	72.0281
214.8	72.046
214.85	72.0635
214.9	72.0797
214.95	72.0963
215	72.1152
215.05	72.1342
215.1	72.1522
215.15	72.1701
215.2	72.1867
215.25	72.2041
215.3	72.2213
215.35	72.239
215.4	72.2587
215.45	72.2793
215.5	72.297
215.55	72.3133
215.6	72.3292
215.65	72.3463
215.7	72.3639
215.75	72.3813
215.8	72.3985
215.85	72.4152
215.9	72.433
215.95	72.4505
216	72.4683
216.05	72.486
216.1	72.5048
216.15	72.5239
216.2	72.5423
216.25	72.5591
216.3	72.5754
216.35	72.5916
216.4	72.6072
216.45	72.6245
216.5	72.6401
216.55	72.6543
216.6	72.6696
216.65	72.6866
216.7	72.7031
216.75	72.7201
216.8	72.7356
216.85	72.7507
216.9	72.7652
216.95	72.7809
217	72.7978
217.05	72.8147
217.1	72.829
217.15	72.8437
217.2	72.8584
217.25	72.8737
217.3	72.8875
217.35	72.9004
217.4	72.9165
217.45	72.9312
217.5	72.9467
217.55	72.9641
217.6	72.9821
217.65	72.9999
217.7	73.0176
217.75	73.0357
217.8	73.0535
217.85	73.0735
217.9	73.0945
217.95	73.113
218	73.1301
218.05	73.1485
218.1	73.1667
218.15	73.184
218.2	73.2002
218.25	73.2168
218.3	73.232
218.35	73.2473
218.4	73.2624
218.45	73.2788
218.5	73.2952
218.55	73.3115
218.6	73.3295
218.65	73.3463
218.7	73.3626
218.75	73.378
218.8	73.3936
218.85	73.4098
218.9	73.4264
218.95	73.4398
219	73.4551
219.05	73.4708
219.1	73.4865
219.15	73.5014
219.2	73.5153
219.25	73.5289
219.3	73.5431
219.35	73.5553
219.4	73.5684
219.45	73.5844
219.5	73.6012
219.55	73.6181
219.6	73.6354
219.65	73.6536
219.7	73.6671
219.75	73.6822
219.8	73.6973
219.85	73.713
219.9	73.7288
219.95	73.7442
220	73.7595
220.05	73.7724
220.1	73.7865
220.15	73.8013
220.2	73.8163
220.25	73.8299
220.3	73.8448
220.35	73.86
220.4	73.8764
220.45	73.8929
220.5	73.9071
220.55	73.9213
220.6	73.9382
220.65	73.957
220.7	73.9753
220.75	73.9922
220.8	74.0098
220.85	74.0277
220.9	74.0453
220.95	74.0631
221	74.0802
221.05	74.0969
221.1	74.1134
221.15	74.1306
221.2	74.1468
221.25	74.1638
221.3	74.1802
221.35	74.1953
221.4	74.2106
221.45	74.2267
221.5	74.2418
221.55	74.258
221.6	74.2741
221.65	74.2902
221.7	74.3061
221.75	74.3222
221.8	74.338
221.85	74.3539
221.9	74.3719
221.95	74.3887
222	74.4055
222.05	74.4201
222.1	74.4342
222.15	74.4489
222.2	74.464
222.25	74.4803
222.3	74.4964
222.35	74.5118
222.4	74.5265
222.45	74.5412
222.5	74.556
222.55	74.5687
222.6	74.5827
222.65	74.5971
222.7	74.6112
222.75	74.6251
222.8	74.6373
222.85	74.6504
222.9	74.6624
222.95	74.6751
223	74.6877
223.05	74.7015
223.1	74.7157
223.15	74.7312
223.2	74.7486
223.25	74.7677
223.3	74.7865
223.35	74.8053
223.4	74.8225
223.45	74.8382
223.5	74.8561
223.55	74.8751
223.6	74.8948
223.65	74.9158
223.7	74.9347
223.75	74.9545
223.8	74.9732
223.85	74.9925
223.9	75.0115
223.95	75.028
224	75.0444
224.05	75.061
224.1	75.0785
224.15	75.095
224.2	75.111
224.25	75.1269
224.3	75.1446
224.35	75.1634
224.4	75.1818
224.45	75.1989
224.5	75.2165
224.55	75.2354
224.6	75.2564
224.65	75.2776
224.7	75.2979
224.75	75.3168
224.8	75.3363
224.85	75.3553
224.9	75.3717
224.95	75.3876
225	75.403
225.05	75.4201
225.1	75.4372
225.15	75.4546
225.2	75.472
225.25	75.4893
225.3	75.5063
225.35	75.5232
225.4	75.5396
225.45	75.5561
225.5	75.5729
225.55	75.5895
225.6	75.6053
225.65	75.6214
225.7	75.6386
225.75	75.6558
225.8	75.6741
225.85	75.6924
225.9	75.7097
225.95	75.7274
226	75.7449
226.05	75.7622
226.1	75.7794
226.15	75.7978
226.2	75.8178
226.25	75.8373
226.3	75.8563
226.35	75.8756
226.4	75.8956
226.45	75.9139
226.5	75.9343
226.55	75.9526
226.6	75.9706
226.65	75.9883
226.7	76.0058
226.75	76.0231
226.8	76.0406
226.85	76.0581
226.9	76.0757
226.95	76.0933
227	76.1107
227.05	76.1291
227.1	76.148
227.15	76.1673
227.2	76.1869
227.25	76.2055
227.3	76.2256
227.35	76.2465
227.4	76.2676
227.45	76.2898
227.5	76.3104
227.55	76.3286
227.6	76.3436
227.65	76.36
227.7	76.377
227.75	76.3943
227.8	76.4116
227.85	76.4276
227.9	76.4435
227.95	76.4603
228	76.4761
228.05	76.4925
228.1	76.5088
228.15	76.5251
228.2	76.5426
228.25	76.5604
228.3	76.578
228.35	76.5954
228.4	76.6135
228.45	76.6307
228.5	76.6472
228.55	76.6637
228.6	76.6809
228.65	76.6993
228.7	76.7181
228.75	76.7366
228.8	76.7543
228.85	76.7679
228.9	76.7819
228.95	76.7966
229	76.8129
229.05	76.8295
229.1	76.8463
229.15	76.8629
229.2	76.8805
229.25	76.8977
229.3	76.9137
229.35	76.9296
229.4	76.9468
229.45	76.9634
229.5	76.9778
229.55	76.9935
229.6	77.0093
229.65	77.0252
229.7	77.041
229.75	77.0554
229.8	77.0727
229.85	77.0901
229.9	77.1092
229.95	77.1278
230	77.1459
230.05	77.1622
230.1	77.1788
230.15	77.194
230.2	77.2093
230.25	77.2266
230.3	77.2454
230.35	77.2643
230.4	77.2825
230.45	77.2999
230.5	77.3178
230.55	77.3353
230.6	77.3526
230.65	77.3675
230.7	77.3843
230.75	77.4009
230.8	77.4183
230.85	77.4355
230.9	77.4512
230.95	77.4668
231	77.4822
231.05	77.4977
231.1	77.5129
231.15	77.529
231.2	77.5453
231.25	77.5615
231.3	77.5778
231.35	77.5947
231.4	77.6111
231.45	77.6284
231.5	77.6468
231.55	77.6645
231.6	77.6838
231.65	77.7028
231.7	77.722
231.75	77.7398
231.8	77.7572
231.85	77.7746
231.9	77.793
231.95	77.8109
232	77.8279
232.05	77.8453
232.1	77.8625
232.15	77.8786
232.2	77.8949
232.25	77.9111
232.3	77.929
232.35	77.9448
232.4	77.9605
232.45	77.9753
232.5	77.991
232.55	78.0067
232.6	78.0231
232.65	78.0408
232.7	78.058
232.75	78.0763
232.8	78.0934
232.85	78.113
232.9	78.132
232.95	78.1504
233	78.1685
233.05	78.1865
233.1	78.2054
233.15	78.2239
233.2	78.2434
233.25	78.262
233.3	78.2791
233.35	78.2981
233.4	78.3167
233.45	78.3364
233.5	78.3549
233.55	78.3731
233.6	78.3919
233.65	78.4103
233.7	78.4288
233.75	78.4466
233.8	78.4623
233.85	78.4767
233.9	78.4907
233.95	78.5046
234	78.5186
234.05	78.5307
234.1	78.5435
234.15	78.5574
234.2	78.5729
234.25	78.5884
234.3	78.6038
234.35	78.6189
234.4	78.6321
234.45	78.6459
234.5	78.6609
234.55	78.6756
234.6	78.6889
234.65	78.7028
234.7	78.7179
234.75	78.7343
234.8	78.7511
234.85	78.7678
234.9	78.7842
234.95	78.8021
235	78.8208
235.05	78.8382
235.1	78.8571
235.15	78.8757
235.2	78.8934
235.25	78.9108
235.3	78.9278
235.35	78.9448
235.4	78.959
235.45	78.9724
235.5	78.9858
235.55	78.9996
235.6	79.0126
235.65	79.0237
235.7	79.0347
235.75	79.047
235.8	79.0604
235.85	79.074
235.9	79.0891
235.95	79.1049
236	79.1215
236.05	79.1392
236.1	79.1549
236.15	79.1719
236.2	79.1873
236.25	79.2021
236.3	79.216
236.35	79.2309
236.4	79.2449
236.45	79.258
236.5	79.2709
236.55	79.2845
236.6	79.2987
236.65	79.3131
236.7	79.3272
236.75	79.3417
236.8	79.3563
236.85	79.374
236.9	79.3916
236.95	79.4088
237	79.4252
237.05	79.4421
237.1	79.4596
237.15	79.4765
237.2	79.4927
237.25	79.5103
237.3	79.5263
237.35	79.5428
237.4	79.5572
237.45	79.5694
237.5	79.5823
237.55	79.5959
237.6	79.6097
237.65	79.6239
237.7	79.6377
237.75	79.6525
237.8	79.6682
237.85	79.6854
237.9	79.7032
237.95	79.7206
238	79.7385
238.05	79.7568
238.1	79.7736
238.15	79.7918
238.2	79.8094
238.25	79.827
238.3	79.8469
238.35	79.869
238.4	79.8898
238.45	79.9091
238.5	79.9269
238.55	79.9443
238.6	79.9611
238.65	79.9774
238.7	79.9934
238.75	80.0089
238.8	80.0244
238.85	80.04
238.9	80.0567
238.95	80.0725
239	80.0891
239.05	80.1059
239.1	80.1238
239.15	80.1413
239.2	80.1598
239.25	80.1759
239.3	80.1921
239.35	80.2079
239.4	80.2232
239.45	80.238
239.5	80.2531
239.55	80.2675
239.6	80.2823
239.65	80.2974
239.7	80.3126
239.75	80.3288
239.8	80.3447
239.85	80.3617
239.9	80.3792
239.95	80.3949
240	80.4127
240.05	80.4326
240.1	80.4518
240.15	80.4687
240.2	80.4857
240.25	80.5044
240.3	80.5229
240.35	80.5412
240.4	80.5578
240.45	80.5747
240.5	80.5911
240.55	80.6083
240.6	80.6249
240.65	80.6412
240.7	80.6582
240.75	80.6731
240.8	80.6882
240.85	80.7045
240.9	80.7213
240.95	80.7389
241	80.7561
241.05	80.7735
241.1	80.7906
241.15	80.8094
241.2	80.8271
241.25	80.8453
241.3	80.8629
241.35	80.8805
241.4	80.8966
241.45	80.9107
241.5	80.9252
241.55	80.9407
241.6	80.9573
241.65	80.9729
241.7	80.9889
241.75	81.0049
241.8	81.0231
241.85	81.0431
241.9	81.0638
241.95	81.0854
242	81.1059
242.05	81.1258
242.1	81.1447
242.15	81.1638
242.2	81.1823
242.25	81.2012
242.3	81.2208
242.35	81.239
242.4	81.2566
242.45	81.2737
242.5	81.2905
242.55	81.3067
242.6	81.3221
242.65	81.3377
242.7	81.3537
242.75	81.3698
242.8	81.3858
242.85	81.4014
242.9	81.4172
242.95	81.4334
243	81.4481
243.05	81.4643
243.1	81.4806
243.15	81.4962
243.2	81.5131
243.25	81.5298
243.3	81.5464
243.35	81.5629
243.4	81.5793
243.45	81.595
243.5	81.6107
243.55	81.6262
243.6	81.6408
243.65	81.6557
243.7	81.6706
243.75	81.6848
243.8	81.6999
243.85	81.7163
243.9	81.7326
243.95	81.7491
244	81.7655
244.05	81.7817
244.1	81.8001
244.15	81.8165
244.2	81.834
244.25	81.8503
244.3	81.8672
244.35	81.8843
244.4	81.9008
244.45	81.917
244.5	81.9346
244.55	81.9521
244.6	81.9691
244.65	81.9849
244.7	82.0004
244.75	82.0155
244.8	82.0302
244.85	82.0446
244.9	82.0596
244.95	82.075
245	82.0925
245.05	82.1098
245.1	82.1262
245.15	82.1428
245.2	82.1571
245.25	82.1731
245.3	82.1884
245.35	82.2039
245.4	82.2205
245.45	82.2344
245.5	82.2488
245.55	82.265
245.6	82.2813
245.65	82.2968
245.7	82.3126
245.75	82.3295
245.8	82.3455
245.85	82.3618
245.9	82.3801
245.95	82.3991
246	82.4177
246.05	82.4362
246.1	82.4516
246.15	82.4665
246.2	82.4827
246.25	82.5009
246.3	82.5188
246.35	82.5364
246.4	82.5542
246.45	82.5691
246.5	82.5823
246.55	82.5963
246.6	82.6085
246.65	82.6213
246.7	82.635
246.75	82.6504
246.8	82.6669
246.85	82.6836
246.9	82.7005
246.95	82.7159
247	82.7316
247.05	82.7461
247.1	82.7591
247.15	82.7727
247.2	82.7872
247.25	82.802
247.3	82.8173
247.35	82.8327
247.4	82.8465
247.45	82.8602
247.5	82.8734
247.55	82.8864
247.6	82.8999
247.65	82.9144
247.7	82.9283
247.75	82.9432
247.8	82.9589
247.85	82.9766
247.9	82.9954
247.95	83.0144
248	83.0357
248.05	83.0565
248.1	83.0767
248.15	83.0965
248.2	83.1204
248.25	83.1434
248.3	83.1628
248.35	83.1825
248.4	83.2024
248.45	83.2212
248.5	83.2393
248.55	83.2564
248.6	83.2751
248.65	83.2948
248.7	83.3141
248.75	83.3319
248.8	83.3504
248.85	83.3688
248.9	83.3865
248.95	83.4042
249	83.4205
249.05	83.437
249.1	83.4536
249.15	83.4702
249.2	83.4876
249.25	83.505
249.3	83.5237
249.35	83.5419
249.4	83.5595
249.45	83.5766
249.5	83.5943
249.55	83.6127
249.6	83.6316
249.65	83.651
249.7	83.6698
249.75	83.6888
249.8	83.7058
249.85	83.7214
249.9	83.738
249.95	83.7547
250	83.769
