###  Units are X_hat = 1.73cm.
0.785398
0.784232
0.780769
0.762277
0.857402
0.819514
0.820541
0.758343
0.719884
0.805712
0.801092
0.852107
0.866105
0.94887
0.971155
0.952382
0.945045
0.967187
0.885841
0.950124
0.962241
0.992498
0.902032
0.892231
0.976319
0.8884
0.878373
0.909011
0.888689
0.898915
0.855175
0.864544
0.94995
0.941763
0.863997
0.894887
0.89088
0.934271
0.939593
0.890645
0.886432
0.985709
0.891512
0.825266
0.659285
0.609721
0.613677
0.569458
0.534364
0.52682
0.617515
0.677563
0.638206
0.606871
0.713948
0.702179
0.755354
0.767212
0.774374
0.868417
0.891502
0.792908
0.688241
0.686283
0.748962
0.792731
0.696402
0.72128
0.666643
0.579684
0.547085
0.634852
0.605741
0.647883
0.556879
0.516941
0.499541
0.368225
0.39775
0.481449
0.470911
0.468272
0.457074
0.480055
0.433679
0.525651
0.515088
0.454412
0.364072
0.491359
0.560901
0.56738
0.605429
0.686858
0.664781
0.591282
0.463182
0.478832
0.458862
0.481784
0.518928
0.50513
0.468421
0.377709
0.368325
0.294077
0.29825
0.322431
0.343028
0.279545
0.286989
0.204061
0.192733
0.19389
0.227921
0.242244
0.162996
0.10164
0.109059
0.152668
0.128124
0.218152
0.287377
0.336906
0.295456
0.267123
0.239313
0.232863
0.128347
0.188203
0.256224
0.268279
0.236816
0.242328
0.325658
0.332865
0.299303
0.176117
0.184796
0.238628
0.259551
0.365739
0.402534
0.282378
0.267814
0.306248
0.155934
0.154611
0.180152
0.0841619
0.0894947
0.0833693
0.132707
-0.0255331
0.0370033
0.029761
0.00576109
-0.0287799
-0.0262077
0.0752101
0.0643557
0.062191
0.307108
0.312501
0.320122
0.321646
0.205607
0.220945
0.261646
0.427747
0.427051
0.339238
0.325214
0.339153
0.343243
0.364961
0.440784
0.51039
0.546802
0.530245
0.448511
0.641856
0.534661
0.526396
0.37335
0.326251
0.315008
0.38596
0.40452
0.379363
0.409106
0.40184
0.400225
0.385439
0.294384
0.380862
0.329241
0.352203
0.315927
0.302159
0.321941
0.337654
0.301858
0.260394
0.323041
0.317589
0.347262
0.305169
0.304359
0.347809
0.415777
0.388792
0.329462
0.334943
0.334411
0.310695
0.392476
0.379119
0.383471
0.505933
0.400322
0.39002
0.415244
0.372275
0.218135
0.209336
0.22124
0.209622
0.312586
0.407106
0.449908
0.459507
0.458444
0.429635
0.41043
0.442419
0.618443
0.620103
0.658178
0.699029
0.743197
0.64582
0.652413
0.620011
0.537341
0.538087
0.533191
0.528495
0.524893
0.530854
0.546242
0.546655
0.525181
0.52886
0.527956
0.60668
0.690171
0.774836
0.541301
0.505235
0.490455
0.498958
0.466926
0.478319
0.426803
0.223963
0.164458
0.212257
0.0826536
-0.0788195
-0.0763129
-0.0259687
0.0172192
0.0818437
0.0791209
0.0279483
0.0298664
0.186715
0.226446
0.394506
0.446259
0.413659
0.426984
0.435856
0.329079
0.2966
0.278963
0.257301
0.173106
0.199529
0.229638
0.1945
-0.0437737
-0.0560469
-0.129817
-0.141276
-0.124513
-0.144395
-0.192584
-0.168646
-0.108795
-0.0787763
-0.0600366
-0.0570987
-0.0187777
-0.0996457
-0.0686283
-0.0253422
-0.12452
-0.0503513
-0.0057725
-0.000857962
0.00908921
-0.01911
-0.123235
-0.133172
-0.173658
-0.180545
-0.179132
-0.191784
-0.223974
-0.0778213
-0.0949925
-0.0137426
-0.0214287
-0.00712211
0.0145628
-0.00941344
0.061941
0.0647934
0.0293428
0.0877422
0.0512764
0.0306199
-0.000156151
-0.013361
-0.00885854
-0.00684872
-0.0297606
-0.0351609
-0.0410347
0.000424043
0.106334
0.126826
0.121176
0.13254
0.0782614
0.0494792
0.066515
0.170957
0.145625
0.147574
0.0915157
0.190126
0.181135
0.130782
0.122398
0.146976
0.190964
0.123446
0.111646
0.0942004
0.0714685
0.107153
0.156004
0.216112
0.213988
0.328261
0.335007
0.40441
0.326511
0.357383
0.345464
0.334038
0.345189
0.322313
0.315336
0.353473
0.334371
0.385116
0.268822
0.214737
0.169568
0.136502
0.109264
0.0622546
0.0810737
0.0431617
-0.0967894
-0.140533
-0.121176
-0.187335
-0.198547
-0.124824
-0.189619
-0.175764
-0.171198
-0.148949
-0.128226
-0.0801413
-0.0430378
-0.0753467
-0.0247675
-0.0277645
-0.178596
-0.0941834
-0.0826365
0.116879
0.0741704
0.0462672
0.0541659
-0.0432603
-0.0577567
-0.060665
-0.0229416
-0.0235945
-0.0854299
-0.0667254
-0.0567796
0.0563671
0.0193384
0.0163078
0.0334254
0.0419801
0.0972847
-0.0317917
-0.0309296
-0.0193158
-0.00402322
0.0292766
0.0941762
0.060194
-0.00908738
-0.0118813
-0.0248393
-0.0282261
-0.165682
-0.164204
-0.152212
-0.148721
-0.0822093
-0.0813082
-0.0829808
-0.0061117
-0.00621399
-0.00947307
-0.0537201
-0.0881507
-0.0731853
-0.0784717
-0.0604149
0.0228617
0.0189562
0.00181685
-0.106307
-0.176549
-0.177918
-0.198717
-0.198428
-0.185431
-0.193932
-0.210662
-0.172563
-0.0997914
-0.147298
-0.146996
-0.130865
-0.181073
-0.064776
-0.0180216
0.0880699
0.0561891
0.0769182
0.0840823
0.00504536
0.0184019
0.0426039
0.328271
0.344613
0.36237
0.200486
0.193653
0.226682
0.325219
0.257059
0.520992
0.519632
0.575428
0.416882
0.377042
0.369943
0.378369
0.471715
0.474449
0.486444
0.401919
0.457057
0.428528
0.367174
0.438948
0.495303
0.505179
0.471904
0.437975
0.460087
0.435736
0.427074
0.382661
0.443447
0.311703
0.297976
0.340697
0.337353
0.336994
0.290283
0.295238
0.310921
0.308083
0.255647
0.350034
0.402063
0.372157
0.383298
0.361941
0.416668
0.420066
0.387637
0.364646
0.34781
0.479513
0.445682
0.427788
0.452578
0.470704
0.436702
0.514791
0.512674
0.501521
0.446884
0.383776
0.333577
0.318409
0.254832
0.20922
0.230438
0.225629
0.358863
0.31459
0.351074
0.303725
0.287558
0.285991
0.277876
0.311256
0.306742
0.299075
0.301258
0.304918
0.300016
0.246468
0.243222
0.223136
0.253094
0.214317
0.250779
0.158931
0.0349446
0.0755055
0.131072
0.246306
0.146744
0.17897
0.0673492
0.0426554
0.0170704
-0.0178203
-0.224478
-0.22346
-0.222577
-0.267431
-0.174845
-0.210768
-0.0916863
-0.0963603
-0.0146708
-0.0146924
-0.0312254
0.0219721
0.0356049
0.0444319
0.0716069
0.0930328
0.0026811
0.0277846
-0.107964
-0.043187
-0.019848
0.0325946
0.0616995
0.125328
0.188806
0.27513
0.144835
0.191297
0.220014
0.216955
0.219484
0.291305
0.244004
0.175958
0.100953
0.108467
0.112896
0.204885
0.221835
0.212703
0.211614
0.135042
0.193014
0.124036
0.112694
0.181969
0.17065
0.171241
0.201764
0.188313
0.262928
0.234289
0.14024
0.135338
0.0302463
0.035485
0.0546999
0.105142
0.107823
0.12608
0.0756531
0.0197003
0.0335143
0.116305
0.128197
0.081465
0.0392627
0.102021
0.202625
0.194862
0.198796
0.217578
0.0568654
0.0197478
0.00507896
-0.0551965
-0.0245925
0.0285209
0.0216228
0.0171888
-0.066349
-0.0798757
-0.0817742
-0.171442
-0.203043
-0.205888
-0.24072
-0.309397
-0.307525
-0.331196
-0.382852
-0.456344
-0.475541
-0.440351
-0.477638
-0.484679
-0.48894
-0.464009
-0.434808
-0.461069
-0.395838
-0.335746
-0.42907
-0.690315
-0.672265
-0.838548
-0.965577
-0.940088
-0.944974
-0.888735
-0.882678
-0.932337
-0.941807
-0.986157
-1.1166
-1.12092
-1.12138
-1.14396
-1.16737
-1.17087
-1.15187
-1.08116
-1.11884
-1.24247
-1.24547
-1.15692
-1.17942
-1.19469
-1.11587
-1.34842
-1.23608
-1.38245
-1.39231
-1.41385
-1.52847
-1.52568
-1.50035
-1.54603
-1.59936
-1.55734
-1.52721
-1.53371
-1.57019
-1.6202
-1.46516
-1.35706
-1.41756
-1.3954
-1.42396
-1.43595
-1.44284
-1.45883
-1.62144
-1.58152
-1.53367
-1.60909
-1.6145
-1.60497
-1.59718
-1.62049
-1.63182
-1.6541
-1.6043
-1.78334
-1.88425
-1.85963
-1.82105
-1.87022
-1.77873
-1.69067
-1.92044
-1.9305
-1.91426
-1.9369
-1.93367
-2.03082
-1.97672
-1.8463
-1.87206
-1.81739
-1.78985
-1.7109
-1.67902
-1.66754
-1.68421
-1.69638
-1.67547
-1.68551
-1.67039
-1.69335
-1.56882
-1.55452
-1.57192
-1.57793
-1.59329
-1.53824
-1.57589
-1.53789
-1.55953
-1.67889
-1.82012
-1.82097
-2.09787
-2.14349
-2.15219
-2.04973
-1.9582
-1.9915
-1.94789
-1.97996
-1.98326
-2.05355
-2.06515
-2.06316
-1.94617
-1.91321
-1.89026
-1.85905
-1.92415
-2.0395
-1.95077
-1.98104
-1.9883
-1.93236
-1.92251
-1.9586
-2.03089
-1.92948
-1.87925
-1.86384
-1.87121
-1.86721
-1.85054
-1.86111
-1.79951
-1.85161
-1.92644
-1.90054
-1.78644
-1.7439
-1.71153
-1.61906
-1.83683
-1.84891
-1.778
-1.85138
-1.91324
-1.88839
-1.86932
-1.98056
-2.06822
-2.00349
-2.02512
-2.07032
-2.12969
-2.15833
-2.20759
-2.22737
-2.21551
-2.19475
-2.22906
-2.251
-2.35044
-2.30191
-2.27814
-2.25773
-2.27753
-2.31257
-2.36581
-2.34553
-2.35273
-2.34501
-2.36153
-2.36945
-2.49053
-2.55892
-2.56632
-2.57219
-2.57192
-2.64739
-2.53098
-2.56056
-2.48276
-2.46705
-2.37945
-2.39663
-2.40561
-2.41404
-2.47026
-2.4777
-2.42593
-2.45956
-2.45965
-2.47842
-2.62044
-2.59357
-2.59221
-2.55885
-2.51421
-2.56017
-2.54528
-2.48547
-2.44813
-2.46121
-2.5173
-2.54091
-2.56879
-2.64855
-2.67796
-2.57996
-2.55933
-2.58086
-2.54784
-2.52328
-2.49069
-2.49567
-2.41902
-2.3554
-2.33727
-2.33099
-2.34652
-2.34409
-2.22777
-2.31055
-2.43823
-2.41082
-2.55332
-2.56962
-2.55745
-2.58277
-2.59954
-2.6334
-2.63167
-2.5837
-2.6928
-2.70535
-2.67226
-2.58258
-2.52291
-2.46804
-2.45999
-2.44873
-2.39799
-2.45743
-2.47407
-2.54351
-2.55398
-2.64403
-2.49224
-2.52264
-2.51927
-2.46629
-2.465
-2.46525
-2.50204
-2.4772
-2.47601
-2.49976
-2.49851
-2.47196
-2.49337
-2.53247
-2.48185
-2.39447
-2.39784
-2.40006
-2.46291
-2.46941
-2.43436
-2.54375
-2.54673
-2.6873
-2.66372
-2.62145
-2.64425
-2.61649
-2.62286
-2.58941
-2.54996
-2.56079
-2.56711
-2.63754
-2.67068
-2.56563
-2.55389
-2.38565
-2.3609
-2.3613
-2.43446
-2.41318
-2.40782
-2.19876
-2.15286
-2.17662
-2.23514
-2.16421
-2.02684
-2.00502
-1.97976
-1.92989
-2.00994
-2.04273
-2.06307
-1.99871
-1.99313
-2.02086
-1.86377
-1.83779
-1.74955
-1.71167
-1.76722
-1.74513
-1.77517
-1.60605
-1.59988
-1.5259
-1.4204
-1.40415
-1.36275
-1.54996
-1.53612
-1.50617
-1.49789
-1.49252
-1.50329
-1.49169
-1.518
-1.44797
-1.38885
-1.30769
-1.25632
-1.11785
-1.05191
-1.03596
-1.04877
-0.923958
-0.875819
-0.871956
-0.844585
-0.827677
-0.784292
-0.834851
-0.811001
-0.825394
-0.768598
-0.715662
-0.736145
-0.801671
-0.741229
-0.735122
-0.73146
-0.739716
-0.72535
-0.624736
-0.583901
-0.513531
-0.632691
-0.554504
-0.564018
-0.522278
-0.531965
-0.496952
-0.514412
-0.533293
-0.620954
-0.598051
-0.615834
-0.629091
-0.609776
-0.656299
-0.772854
-0.929342
-0.846007
-0.907393
-0.904715
-0.954964
-1.12425
-1.09798
-1.16173
-1.17033
-1.26604
-1.25967
-1.19763
-1.21805
-1.27967
-1.3629
-1.4677
-1.4237
-1.49681
-1.52712
-1.45839
-1.51637
-1.45779
-1.46662
-1.49502
-1.45111
-1.58021
-1.60823
-1.71189
-1.59576
-1.59615
-1.48872
-1.50699
-1.51232
-1.56356
-1.64957
-1.66354
-1.74567
-1.75522
-1.81766
-1.83207
-1.86289
-1.80819
-1.83023
-1.83062
-1.85542
-1.8611
-1.80432
-1.83902
-1.72708
-1.8225
-1.83514
-1.89124
-1.91667
-1.9606
-1.97519
-2.0164
-2.02774
-2.07616
-2.07078
-2.08079
-2.08373
-2.06041
-2.05922
-2.2023
-2.24321
-2.25211
-2.16464
-2.25494
-2.1977
-2.19843
-2.19221
-2.18231
-2.17535
-2.20818
-2.21487
-2.30827
-2.29725
-2.33659
-2.27455
-2.2662
-2.27431
-2.18743
-2.14065
-1.93875
-1.96048
-1.97136
-2.05507
-2.14095
-2.02709
-2.00128
-1.99222
-1.9793
-1.92131
-1.97798
-1.97929
-2.00904
-2.00222
-1.92265
-1.95741
-2.04571
-2.13538
-2.14856
-2.00681
-1.93654
-1.77205
-1.72442
-1.75039
-1.73054
-1.72035
-1.72801
-1.72319
-1.78074
-1.77311
-1.74715
-1.82858
-1.87838
-1.73305
-1.65846
-1.57194
-1.69123
-1.62287
-1.56745
-1.56799
-1.55876
-1.58334
-1.64596
-1.6367
-1.60633
-1.51438
-1.32368
-1.31677
-1.27836
-1.32959
-1.31
-1.1897
-1.12861
-1.108
-1.13091
-1.13354
-1.2417
-1.21443
-1.19475
-1.21282
-1.15419
-1.18863
-1.2738
-1.20731
-1.26756
-1.2908
-1.28519
-1.25085
-1.3354
-1.2785
-1.27712
-1.40415
-1.43363
-1.49923
-1.63663
-1.60795
-1.59544
-1.58647
-1.53588
-1.51822
-1.36064
-1.34592
-1.32802
-1.24433
-1.2622
-1.21767
-1.26375
-1.31519
-1.28692
-1.42601
-1.4487
-1.46707
-1.54157
-1.63587
-1.68499
-1.64719
-1.65328
-1.64822
-1.65669
-1.67136
-1.68748
-1.67096
-1.68024
-1.77782
-1.77333
-1.78414
-1.87703
-1.86114
-1.81321
-1.72711
-1.74396
-1.72857
-1.72886
-1.71196
-1.72
-1.73908
-1.72813
-1.70891
-1.64262
-1.55631
-1.46856
-1.43201
-1.41764
-1.48388
-1.46536
-1.42513
-1.59605
-1.54266
-1.52503
-1.4888
-1.4948
-1.51695
-1.5076
-1.53562
-1.53473
-1.70889
-1.69429
-1.68429
-1.65621
-1.62923
-1.77262
-1.71305
-1.65872
-1.63166
-1.65514
-1.6441
-1.62746
-1.52339
-1.38357
-1.338
-1.34826
-1.3921
-1.37371
-1.34697
-1.30715
-1.32486
-1.26411
-1.2524
-1.20877
-1.22481
-1.20601
-1.21721
-1.22486
-1.2116
-1.21775
-1.29474
-1.28467
-1.23501
-1.3091
-1.32556
-1.33863
-1.31227
-1.42226
-1.42777
-1.58353
-1.65095
-1.74894
-1.76721
-1.7918
-1.83891
-1.74515
-1.75682
-1.77228
-1.7598
-1.80093
-1.8388
-1.93655
-1.88173
-1.85433
-1.80442
-1.77982
-1.75256
-1.74771
-1.83937
-1.84025
-1.81391
-1.80302
-1.71899
-1.69734
-1.69762
-1.65319
-1.55647
-1.5198
-1.50343
-1.49958
-1.53638
-1.57494
-1.54503
-1.71714
-1.66331
-1.6639
-1.66092
-1.60121
-1.60915
-1.61214
-1.61287
-1.61763
-1.58749
-1.59156
-1.57824
-1.58645
-1.56877
-1.56259
-1.54262
-1.56993
-1.55478
-1.52581
-1.4254
-1.41014
-1.39799
-1.50588
-1.6277
-1.61611
-1.60964
-1.65403
-1.64675
-1.63201
-1.70128
-1.72349
-1.76724
-1.81566
-1.62644
-1.60446
-1.59017
-1.5557
-1.53998
-1.51112
-1.50068
-1.49927
-1.49093
-1.35001
-1.2376
-1.06344
-1.02964
-1.05534
-1.11939
-1.1152
-1.0709
-1.04742
-1.08804
-1.12303
-1.17307
-1.19632
-1.15632
-1.1011
-1.22144
-1.23465
-1.26933
-1.29536
-1.24404
-1.18167
-1.23265
-1.26897
-1.27007
-1.29169
-1.29664
-1.30624
-1.16792
-1.18424
-1.20063
-1.05089
-1.23853
-1.26098
-1.3357
-1.35379
-1.35615
-1.37239
-1.40877
-1.33991
-1.36453
-1.38075
-1.36716
-1.48207
-1.49064
-1.55356
-1.55241
-1.56521
-1.53861
-1.5424
-1.56593
-1.50776
-1.48555
-1.54741
-1.55938
-1.5998
-1.63014
-1.64505
-1.57091
-1.63368
-1.56296
-1.69301
-1.70171
-1.63503
-1.63453
-1.7161
-1.73163
-1.77397
-1.81642
-1.81209
-1.75677
-1.76506
-1.76475
-1.81421
-1.81743
-1.83248
-1.81639
-1.86075
-1.90447
-1.91757
-1.9507
-1.86953
-1.88004
-1.90424
-1.91271
-1.99929
-1.98837
-1.93383
-2.04881
-2.05213
-2.04431
-2.11688
-2.09984
-2.05865
-2.03851
-2.03757
-2.01823
-2.02709
-2.00565
-1.97502
-1.99245
-1.95006
-1.86285
-1.82216
-1.8029
-1.77385
-1.74321
-1.74686
-1.81212
-1.79176
-1.91893
-1.86216
-1.89221
-1.90606
-1.83753
-1.94398
-1.79057
-1.64668
-1.55611
-1.47192
-1.36232
-1.35951
-1.32205
-1.34454
-1.33641
-1.23714
-1.19076
-1.21918
-1.1085
-1.09379
-1.06855
-1.06691
-1.09699
-1.08156
-1.11342
-1.04639
-1.04935
-1.08428
-1.09993
-1.20552
-1.12227
-1.23354
-1.04383
-1.02185
-1.05828
-1.09859
-1.20131
-1.13107
-1.29045
-1.33823
-1.29175
-1.229
-1.25837
-1.22253
-1.18016
-1.076
-1.19596
-1.17504
-1.16289
-1.08115
-1.06443
-1.07758
-1.12362
-1.111
-1.19856
-1.30944
-1.31068
-1.30313
-1.28816
-1.43583
-1.40721
-1.42877
-1.44529
-1.45424
-1.46486
-1.48496
-1.46489
-1.47718
-1.60607
-1.57819
-1.58545
-1.68279
-1.65603
-1.65823
-1.66405
-1.73942
-1.7442
-1.76058
-1.67429
-1.77888
-1.78994
-1.82951
-1.8239
-1.85984
-1.88054
-1.87694
-1.89963
-1.89254
-1.93236
-1.90075
-2.03285
-2.09352
-2.14277
-2.09965
-2.0809
-2.07775
-2.20464
-2.20814
-2.21356
-2.23142
-2.20516
-2.09512
-2.12527
-2.17637
-2.29205
-2.27289
-2.15806
-2.18064
-2.16869
-2.07522
-2.0247
-2.0313
-1.99446
-1.88806
-1.88201
-1.81711
-1.65627
-1.63596
-1.60748
-1.61057
-1.67651
-1.6783
-1.68665
-1.67626
-1.6409
-1.61536
-1.57324
-1.55017
-1.52077
-1.52265
-1.38478
-1.37481
-1.35184
-1.44288
-1.49074
-1.35855
-1.34458
-1.32996
-1.36877
-1.40605
-1.3535
-1.2847
-1.26944
-1.26571
-1.16995
-1.15085
-1.08136
-1.02765
-1.02268
-0.973821
-1.01274
-1.02975
-1.04765
-0.957938
-0.863727
-0.805217
-0.77209
-0.878338
-0.907126
-0.929144
-0.943107
-0.916922
-0.870472
-0.891768
-0.764012
-0.771474
-0.743068
-0.807087
-0.884329
-0.925834
-0.976427
-0.914982
-0.925989
-1.18839
-1.03908
-1.15761
-1.07952
-1.12082
-1.20632
-1.22721
-1.16417
-1.13932
-1.17848
-1.18896
-1.26167
-1.27518
-1.28413
-1.3136
-1.50005
-1.54895
-1.44589
-1.46517
-1.49501
-1.50432
-1.51171
-1.53049
-1.4788
-1.56017
-1.58557
-1.59919
-1.74476
-1.74033
-1.81893
-1.81102
-1.73425
-1.82728
-1.79626
-1.95398
-1.9502
-1.96156
-1.92967
-2.03063
-2.07942
-2.12357
-2.06713
-1.9846
-2.06133
-2.17572
-2.24526
-2.13916
-2.12293
-2.21227
-2.17481
-2.18742
-2.11055
-2.04632
-2.03135
-2.07696
-2.16548
-2.13607
-2.2748
-2.27508
-2.31038
-2.2694
-2.31012
-2.32324
-2.30284
-2.33381
-2.32298
-2.39732
-2.38529
-2.38625
-2.40736
-2.33695
-2.30281
-2.2886
-2.37767
-2.39016
-2.44729
-2.43695
-2.37578
-2.40867
-2.34317
-2.31786
-2.28432
-2.2786
-2.24458
-2.23021
-2.15008
-2.26213
-2.23446
-2.21467
-2.39548
-2.39334
-2.40453
-2.36224
-2.43352
-2.3381
-2.33025
-2.34069
-2.44849
-2.4118
-2.40705
-2.41173
-2.37164
-2.32166
-2.31098
-2.28623
-2.16678
-2.0968
-2.10697
-2.09547
-2.14016
-2.05182
-2.00262
-1.89701
-1.81276
-1.82524
-1.85636
-1.79104
-1.82427
-1.86787
-1.89635
-1.88681
-1.80181
-1.77576
-1.78042
-1.76915
-1.80241
-1.76774
-1.67263
-1.65329
-1.57485
-1.56338
-1.54647
-1.51461
-1.55366
-1.5409
-1.50497
-1.45898
-1.44003
-1.43495
-1.45191
-1.47958
-1.49523
-1.48326
-1.43723
-1.3447
-1.1894
-1.17391
-1.17998
-1.16929
-1.29518
-1.30491
-1.23564
-1.26277
-1.27599
-1.35729
-1.34299
-1.32649
-1.23129
-1.22363
-1.14777
-1.13488
-1.04
-0.963897
-0.905621
-0.846465
-0.835469
-0.959268
-0.962566
-0.909635
-0.840241
-0.797162
-0.787697
-0.729701
-0.728171
-0.692624
-0.695532
-0.745483
-0.734387
-0.705741
-0.702802
-0.797152
-0.781392
-0.772406
-0.759325
-0.747989
-0.738755
-0.784416
-0.773623
-0.798436
-0.702102
-0.697412
-0.740884
-0.675053
-0.657027
-0.643576
-0.747089
-0.750982
-0.751628
-0.800607
-0.795294
-0.691502
-0.670339
-0.700872
-0.735663
-0.894631
-0.947719
-0.969325
-0.981952
-0.954616
-0.967113
-0.915093
-0.855382
-0.904542
-1.0554
-1.06413
-1.05543
-1.01588
-1.20336
-1.21782
-1.27523
-1.14432
-1.09721
-1.11355
-1.09602
-1.21077
-1.18973
-1.26919
-1.30622
-1.35745
-1.34993
-1.1782
-1.18567
-1.19079
-1.24637
-1.41116
-1.43114
-1.48881
-1.56311
-1.58169
-1.56156
-1.5701
-1.52007
-1.47716
-1.53935
-1.58235
-1.51079
-1.57116
-1.59906
-1.58338
-1.6383
-1.62208
-1.6606
-1.73233
-1.71087
-1.73339
-1.66947
-1.65786
-1.65924
-1.64463
-1.67854
-1.75023
-1.71351
-1.74017
-1.69735
-1.72471
-1.75771
-1.73532
-1.73927
-1.7243
-1.70855
-1.78583
-1.83021
-1.8252
-1.7986
-1.83248
-2.13406
-2.20054
-2.30451
-2.3881
-2.39495
-2.42185
-2.37141
-2.42917
-2.46013
-2.50802
-2.41238
-2.40625
-2.57014
-2.54073
-2.50736
-2.55235
-2.52898
-2.5187
-2.39652
-2.3854
-2.32779
-2.33381
-2.33989
-2.30254
-2.32192
-2.30636
-2.29933
-2.4044
-2.47053
-2.44485
-2.44522
-2.42249
-2.33298
-2.30064
-2.18723
-2.08664
-2.01034
-2.02656
-1.98825
-1.96168
-1.91688
-1.88467
-1.86707
-1.84294
-1.83819
-2.03566
-2.02536
-1.94026
-1.85774
-1.91335
-1.93571
-2.18663
-2.1724
-2.18819
-2.14992
-2.15188
-2.17074
-2.03244
-2.10808
-2.06932
-2.05091
-1.95548
-1.94401
-1.94265
-1.92667
-1.88627
-1.84899
-1.96252
-1.87783
-1.84056
-1.85415
-1.8092
-1.70612
-1.71737
-1.77935
-1.78028
-1.74857
-1.7019
-1.66018
-1.63936
-1.58891
-1.56781
-1.63508
-1.64323
-1.64868
-1.63239
-1.57347
-1.56644
-1.56917
-1.50875
-1.3687
-1.35863
-1.36247
-1.20531
-1.18109
-1.20488
-1.19726
-1.18506
-1.10173
-1.01599
-0.980803
-0.946589
-0.981158
-0.968478
-0.911372
-0.945146
-0.996378
-0.983882
-0.900858
-0.918474
-0.940927
-0.741378
-0.712962
-0.692659
-0.713122
-0.724186
-0.723864
-0.737373
-0.781241
-0.775879
-0.63863
-0.63764
-0.63285
-0.590211
-0.636243
-0.553647
-0.564212
-0.491957
-0.491598
-0.523733
-0.505157
-0.472697
-0.504365
-0.502385
-0.544811
-0.554881
-0.5727
-0.568125
-0.792161
-0.886745
-0.898098
-0.782577
-0.876021
-0.873614
-0.881451
-0.891127
-0.904399
-0.827991
-0.780368
-0.756268
-0.838493
-0.900503
-0.898518
-0.912942
-0.920341
-0.9713
-0.938532
-0.902073
-0.832737
-0.836323
-0.87317
-0.791971
-0.673996
-0.677802
-0.597954
-0.620644
-0.578141
-0.586789
-0.620842
-0.666162
-0.728209
-0.771295
-0.766781
-0.807464
-0.847476
-0.831084
-0.83478
-0.883184
-0.855576
-0.837788
-0.742626
-0.77521
-0.772284
-0.74797
-0.811402
-0.797113
-0.798512
-0.867732
-0.942258
-0.893238
-0.947136
-1.0595
-0.974136
-0.944056
-0.924931
-0.91226
-0.960322
-0.908264
-0.705409
-0.561204
-0.531658
-0.539095
-0.6003
-0.437487
-0.363176
-0.325395
-0.351238
-0.322277
-0.421892
-0.503885
-0.536617
-0.481175
-0.475842
-0.502823
-0.559787
-0.579537
-0.608817
-0.695018
-0.715466
-0.760904
-0.730905
-0.698151
-0.71067
-0.589777
-0.615065
-0.624213
-0.6383
-0.696167
-0.779873
-0.801242
-0.709367
-0.615694
-0.603239
-0.663693
-0.761797
-0.732737
-0.763086
-0.73233
-0.740228
-0.847487
-0.78799
-0.799195
-0.840218
-0.864604
-0.980116
-0.9625
-1.02227
-1.05227
-1.02732
-1.12693
-1.14795
-1.12425
-1.21279
-1.17113
-1.20169
-1.20386
-1.27041
-1.34854
-1.35973
-1.46881
-1.41764
-1.44803
-1.43707
-1.46662
-1.45178
-1.43247
-1.46996
-1.57209
-1.63776
-1.6818
-1.69638
-1.70225
-1.62889
-1.63309
-1.63559
-1.66691
-1.68851
-1.50235
-1.58102
-1.62788
-1.6354
-1.66268
-1.72008
-1.70665
-1.73391
-1.77976
-1.77756
-1.80685
-1.87249
-1.88673
-1.91974
-1.98737
-1.92494
-1.83016
-1.85119
-1.85802
-1.86877
-1.87577
-1.83921
-1.75144
-1.78028
-1.69994
-1.8389
-1.90116
-1.92106
-1.90738
-1.94122
-1.98977
-1.98165
-1.99263
-1.92956
-1.92341
-1.95916
-2.03321
-2.19114
-2.28452
-2.246
-2.30167
-2.36161
-2.39729
-2.4314
-2.4298
-2.39848
-2.42672
-2.35366
-2.38638
-2.38824
-2.31122
-2.28223
-2.40868
-2.43837
-2.38474
-2.25055
-2.23167
-2.26272
-2.2726
-2.31371
-2.25763
-2.2686
-2.20337
-2.16743
-2.15865
-2.19865
-2.23987
-2.22472
-2.24051
-2.31834
-2.33318
-2.29724
-2.29513
-2.30462
-2.42432
-2.47735
-2.47783
-2.48181
-2.6177
-2.82064
-2.82497
-2.78209
-2.83904
-2.81642
-2.78262
-2.62455
-2.62973
-2.70055
-2.69258
-2.75899
-2.76557
-2.77739
-2.80209
-2.85238
-2.70819
-2.70826
-2.77678
-2.78148
-2.79168
-2.72402
-2.87696
-2.92285
-2.843
-2.92733
-2.99097
-2.9797
-2.98456
-2.96699
-2.93237
-2.89115
-2.89485
-3.02619
-3.02808
-3.05326
-3.10406
-3.06982
-3.09273
-3.08383
-3.13957
-3.13921
-3.09001
-3.09432
-3.06484
-3.07397
-3.09059
-3.0295
-2.99157
-2.95737
-2.99427
-2.97383
-2.86786
-2.84317
-2.83913
-2.74387
-2.59558
-2.57872
-2.51899
-2.49951
-2.4378
-2.49873
-2.47758
-2.43788
-2.40846
-2.40385
-2.44633
-2.45505
-2.43039
-2.41033
-2.36061
-2.32126
-2.29835
-2.36568
-2.36296
-2.1935
-2.1846
-2.14291
-2.12635
-2.07867
-2.06165
-2.05524
-2.03995
-2.04131
-2.09424
-2.06755
-2.16319
-2.09074
-2.22419
-2.30466
-2.02794
-1.96213
-1.91781
-1.93062
-1.90226
-1.91688
-1.90002
-1.80173
-1.81029
-1.89722
-1.9222
-1.88937
-1.87943
-1.95487
-1.93597
-1.95572
-1.9568
-2.02675
-2.01702
-1.92263
-1.86895
-1.89561
-2.05031
-2.06868
-2.04829
-1.97816
-1.95322
-1.92111
-1.92749
-1.81619
-1.83835
-1.84731
-1.82222
-1.59623
-1.5418
-1.61371
-1.63165
-1.6222
-1.58896
-1.61707
-1.7137
-1.69144
-1.67497
-1.65238
-1.54526
-1.5299
-1.50976
-1.49136
-1.46922
-1.492
-1.57275
-1.55185
-1.60672
-1.57158
-1.52681
-1.5668
-1.44647
-1.52494
-1.46693
-1.45628
-1.45159
-1.37811
-1.46971
-1.44357
-1.41308
-1.40771
-1.37538
-1.37991
-1.33048
-1.36746
-1.33806
-1.23436
-1.22392
-1.21252
-1.14662
-1.14306
-1.12545
-1.14665
-1.08532
-1.07545
-1.06475
-1.05372
-1.18833
-1.18011
-1.23225
-1.10238
-1.12776
-1.12001
-1.15156
-1.18135
-1.18549
-1.13879
-1.12591
-1.09268
-0.94932
-0.963041
-0.96884
-0.900376
-0.929804
-0.973137
-0.934641
-0.881481
-0.86959
-0.91286
-1.00846
-1.00681
-1.0443
-1.04788
-0.945814
-0.935005
-0.780019
-0.833421
-0.744751
-0.72294
-0.641131
-0.718625
-0.702734
-0.800885
-0.791345
-0.838072
-0.868049
-0.939609
-0.9595
-0.888963
-0.953299
-0.952192
-1.00947
-0.894876
-0.665926
-0.534903
-0.540885
-0.383552
-0.452764
-0.406785
-0.388814
-0.325663
-0.309697
-0.388872
-0.416082
-0.452283
-0.512829
-0.489219
-0.522423
-0.577999
-0.482529
-0.542046
-0.531975
-0.480621
-0.680023
-0.711791
-0.714815
-0.718029
-0.7309
-0.722525
-0.689461
-0.719376
-0.67358
-0.683142
-0.689258
-0.64595
-0.685748
-0.691123
-0.820606
-0.850704
-0.975286
-1.00279
-0.973351
-0.910488
-0.915597
-0.871062
-0.989118
-1.0028
-0.971371
-1.00171
-1.01135
-1.04364
-1.09672
-1.11426
-1.01394
-1.00139
-1.11404
-1.05239
-0.986228
-1.0206
-1.03161
-1.04307
-0.991613
-0.88361
-0.829491
-0.844001
-0.919792
-0.990267
-1.03459
-1.08517
-1.11353
-1.13079
-1.14507
-1.21539
-1.17039
-1.35703
-1.31605
-1.39447
-1.41979
-1.35703
-1.29049
-1.2398
-1.41083
-1.41691
-1.48324
-1.66368
-1.73489
-1.73049
-1.68699
-1.60167
-1.5856
-1.65022
-1.66013
-1.68049
-1.76912
-1.83244
-1.85012
-1.85393
-1.86486
-1.89047
-1.95685
-2.07886
-2.07517
-2.00596
-1.98333
-2.08279
-2.09007
-2.08716
-2.16174
-2.12807
-2.12445
-2.14489
-2.16956
-2.34861
-2.39833
-2.57375
-2.53219
-2.56919
-2.58667
-2.49473
-2.49858
-2.54991
-2.56019
-2.60146
-2.5516
-2.54614
-2.58732
-2.59438
-2.6197
-2.55539
-2.60555
-2.6257
-2.48504
-2.43355
-2.54875
-2.52107
-2.53778
-2.60303
-2.61557
-2.64311
-2.67446
-2.52927
-2.58198
-2.5072
-2.73757
-2.67232
-2.73349
-2.75096
-2.67288
-2.52593
-2.48563
-2.45998
-2.3564
-2.38513
-2.3747
-2.387
-2.47455
-2.47061
-2.54235
-2.50139
-2.47663
-2.47217
-2.45766
-2.44533
-2.41467
-2.36459
-2.32576
-2.28889
-2.31323
-2.32421
-2.29214
-2.28029
-2.21385
-2.24039
-2.26517
-2.22035
-2.27538
-2.30203
-2.28973
-2.28703
-2.2876
-2.29142
-2.29467
-2.19143
-2.09558
-2.08766
-2.18983
-2.32137
-2.31291
-2.20817
-2.10948
-2.05991
-2.11917
-2.20239
-2.15373
-2.13307
-1.99641
-1.91825
-1.90997
-1.9155
-1.89148
-1.92398
-1.87789
-1.81412
-1.80932
-1.86355
-1.94783
-1.88279
-1.93137
-1.94541
-1.89573
-1.83751
-1.77516
-1.82209
-1.80437
-1.92125
-1.93414
-1.98926
-1.96285
-1.94711
-2.00778
-1.9854
-2.01991
-1.97363
-1.95916
-1.94531
-1.92172
-1.89652
-1.92553
-1.75791
-1.73032
-1.74943
-1.72421
-1.68685
-1.69358
-1.57131
-1.62299
-1.61795
-1.55394
-1.6037
-1.62086
-1.61719
-1.6872
-1.61498
-1.65724
-1.63776
-1.60888
-1.6694
-1.58077
-1.58611
-1.46276
-1.52463
-1.62381
-1.63341
-1.56967
-1.4536
-1.45242
-1.39138
-1.3321
-1.39227
-1.36384
-1.31452
-1.29909
-1.24195
-1.20299
-1.26508
-1.24059
-1.20934
-1.17796
-1.08594
-1.03232
-1.01446
-1.00264
-0.939948
-1.05355
-1.03226
-1.0198
-1.01208
-0.958361
-0.947849
-0.815549
-0.754027
-0.746164
-0.73132
-0.745605
-0.681607
-0.693297
-0.698557
-0.645789
-0.504556
-0.461248
-0.430738
-0.418986
-0.420193
-0.417627
-0.442025
-0.274604
-0.343244
-0.344344
-0.330016
-0.378525
-0.374287
-0.324881
-0.343626
-0.382271
-0.429422
-0.504344
-0.51598
-0.498507
-0.534583
-0.496143
-0.452749
-0.490689
-0.498616
-0.527234
-0.520622
-0.528112
-0.580689
-0.650853
-0.59634
-0.625032
-0.688363
-0.68295
-0.680538
-0.617951
-0.675147
-0.684137
-0.773184
-0.811766
-0.891202
-0.900938
-0.832314
-0.843548
-0.90323
-0.945535
-0.960475
-0.970923
-0.988538
-1.05589
-1.12112
-1.12211
-1.14425
-1.15701
-1.24545
-1.20111
-1.23038
-1.12169
-1.18544
-1.19513
-1.27581
-1.21011
-1.18263
-1.28978
-1.23962
-1.29896
-1.24066
-1.27418
-1.34029
-1.38331
-1.39425
-1.49032
-1.51743
-1.53857
-1.48665
-1.59188
-1.6419
-1.59987
-1.61531
-1.5752
-1.68645
-1.51511
-1.55575
-1.58037
-1.61732
-1.68279
-1.67968
-1.61265
-1.5846
-1.55037
-1.66126
-1.68294
-1.66529
-1.64774
-1.66541
-1.67559
-1.62614
-1.65879
-1.67184
-1.57255
-1.50197
-1.55839
-1.66543
-1.66746
-1.52422
-1.48869
-1.62218
-1.64235
-1.7332
-1.73565
-1.7234
-1.73649
-1.73809
-1.77061
-1.79469
-1.68564
-1.72802
-1.68598
-1.71809
-1.73893
-1.79895
-1.80844
-1.93022
-1.98286
-1.97949
-1.97989
-1.93274
-1.959
-2.03708
-2.00875
-2.01944
-1.99907
-2.0973
-2.15702
-2.25443
-2.25389
-2.30625
-2.35651
-2.25421
-2.26987
-2.25016
-2.32268
-2.35259
-2.32554
-2.25363
-2.33113
-2.31441
-2.32391
-2.33687
-2.38529
-2.39711
-2.38628
-2.25309
-2.26433
-2.2614
-2.27717
-2.36371
-2.28042
-2.23066
-2.21916
-2.15979
-2.05862
-2.02016
-1.90865
-1.88919
-1.97814
-1.81546
-1.82744
-1.76007
-1.74032
-1.71038
-1.73948
-1.72692
-1.71613
-1.6667
-1.66397
-1.63125
-1.48197
-1.45269
-1.43076
-1.37316
-1.36122
-1.52507
-1.56928
-1.55941
-1.5359
-1.49219
-1.38869
-1.3529
-1.39305
-1.30973
-1.32835
-1.27639
-1.28793
-1.22741
-1.17914
-1.31845
-1.22642
-1.22286
-1.21619
-1.19933
-1.13225
-1.09587
-1.09304
-1.03789
-0.928608
-0.964675
-1.09774
-1.28403
-1.23356
-1.48186
-1.62924
-1.61175
-1.59795
-1.61947
-1.71338
-1.89894
-2.01415
-2.20586
-2.21478
-2.21535
-2.28752
-2.29161
-2.2912
-2.28936
-2.32254
-2.32243
-2.36549
-2.22473
-2.28742
-2.23245
-2.143
-2.29508
-2.28079
-2.2684
-2.36457
-2.3592
-2.46264
-2.47054
-2.50553
-2.46421
-2.4661
-2.42905
-2.41165
-2.40212
-2.40068
-2.39955
-2.24554
-2.35454
-2.29755
-2.16547
-2.25555
-2.3244
-2.32547
-2.32225
-2.19266
-2.22057
-2.14436
-2.2468
-2.24691
-2.28958
-2.29064
-2.1835
-2.18826
-2.24196
-2.21679
-2.22695
-2.14063
-2.08019
-2.05211
-1.92767
-1.95284
-1.95444
-1.98313
-1.93762
-1.8232
-1.84931
-1.93184
-1.94527
-2.01992
-2.00281
-2.10069
-1.99643
-1.88672
-1.86557
-1.7624
-1.72513
-1.70349
-1.66954
-1.66058
-1.49072
-1.47446
-1.42414
-1.40062
-1.38842
-1.37446
-1.33624
-1.222
-1.209
-1.19199
-1.07028
-1.07616
-1.05432
-1.03998
-1.00354
-0.830224
-0.792216
-0.691789
-0.694283
-0.79796
-0.741141
-0.731035
-0.622823
-0.617521
-0.602006
-0.683769
-0.683858
-0.677142
-0.638856
-0.626151
-0.624093
-0.635442
-0.541759
-0.536274
-0.593606
-0.664893
-0.631084
-0.553518
-0.577545
-0.666536
-0.715777
-0.789446
-0.700894
-0.658727
-0.612085
-0.550499
-0.583942
-0.53207
-0.455621
-0.46391
-0.495796
-0.580402
-0.646168
-0.616455
-0.623999
-0.635485
-0.708187
-0.676865
-0.738572
-0.88849
-0.905054
-0.872358
-0.902382
-0.860459
-0.794471
-0.802393
-0.658724
-0.629974
-0.54487
-0.504989
-0.432698
-0.393093
-0.326141
-0.378676
-0.3854
-0.319657
-0.332414
-0.331236
-0.384577
-0.563016
-0.647562
-0.657894
-0.675217
-0.683303
-0.740078
-0.78623
-0.789752
-0.756759
-0.772259
-0.728603
-0.732874
-0.671703
-0.68141
-0.739435
-0.744756
-0.805673
-0.771539
-0.822771
-0.799652
-0.830874
-0.812972
-0.847584
-0.853039
-0.933061
-0.811618
-0.808771
-0.687661
-0.678344
-0.695207
-0.707517
-0.679213
-0.680492
-0.674055
-0.666531
-0.747265
-0.738699
-0.644101
-0.642504
-0.645077
-0.643524
-0.63835
-0.632862
-0.657127
-0.774172
-0.688057
-0.743583
-0.756199
-0.784455
-0.850714
-0.856179
-0.909835
-0.92249
-0.903809
-0.910028
-0.925089
-0.940672
-0.930576
-0.964678
-1.02119
-1.0162
-1.02997
-1.01866
-1.03392
-1.11317
-1.06593
-0.997009
-1.04693
-1.04532
-1.0058
-0.968656
-1.02867
-0.955934
-0.955165
-0.956093
-0.873
-0.873859
-0.812165
-0.820097
-0.835198
-0.822842
-0.837291
-0.807759
-0.817145
-0.869673
-0.91166
-0.860791
-0.780052
-0.770719
-0.767271
-0.710242
-0.758315
-0.79614
-0.808822
-0.777011
-0.760825
-0.770911
-0.787743
-0.900779
-0.919291
-0.899919
-0.878439
-0.924572
-0.932676
-0.919536
-0.904109
-0.926658
-1.03256
-0.970222
-0.981975
-1.06188
-1.07263
-1.11114
-1.04029
-0.989787
-0.959745
-1.0111
-1.15139
-1.09396
-1.05073
-1.05051
-1.01457
-0.966232
-0.982893
-0.94368
-0.913662
-0.898536
-0.824751
-0.951741
-0.920853
-0.966276
-0.953837
-1.01705
-0.953423
-0.881435
-0.895006
-1.01132
-0.96452
-0.958696
-0.97208
-0.793003
-0.775631
-0.964734
-1.00734
-1.10636
-1.09225
-1.06984
-1.12936
-1.13891
-1.12627
-1.11325
-1.11616
-1.18319
-1.18834
-1.25263
-1.33284
-1.29727
-1.36175
-1.41072
-1.42318
-1.36263
-1.36767
-1.41851
-1.33393
-1.16649
-1.17592
-1.23746
-1.30027
-1.26556
-1.25102
-1.28143
-1.2847
-1.31658
-1.36181
-1.41003
-1.43219
-1.3885
-1.42824
-1.38511
-1.47768
-1.44211
-1.43383
-1.51856
-1.58303
-1.66014
-1.66613
-1.67519
-1.68509
-1.6805
-1.81265
-1.82816
-1.79217
-1.56478
-1.57122
-1.58067
-1.4934
-1.4994
-1.56096
-1.53634
-1.59349
-1.59134
-1.61644
-1.57044
-1.57938
-1.57227
-1.57252
-1.52451
-1.56937
-1.59389
-1.54242
-1.62717
-1.61058
-1.63143
-1.68866
-1.6759
-1.6966
-1.70468
-1.74453
-1.8936
-1.87948
-1.87565
-1.88989
-1.96576
-1.89897
-1.80004
-1.83957
-1.84973
-1.85745
-1.88263
-1.87397
-1.81334
-1.82028
-1.82004
-1.78293
-1.71898
-1.75366
-1.76739
-1.77057
-1.81414
-1.8262
-1.79604
-1.80382
-1.85388
-1.87278
-1.90873
-1.85666
-1.88548
-1.90061
-1.92556
-1.94589
-1.95236
-1.88913
-1.8732
-1.85765
-1.87788
-1.81517
-1.9965
-1.88192
-1.95664
-2.00996
-1.90457
-1.93809
-1.91394
-1.97502
-1.92208
-1.93942
-1.89908
-1.88954
-1.90769
-1.92589
-1.94523
-1.93424
-2.0084
-2.17628
-2.04963
-2.06034
-2.08031
-1.78709
-1.76656
-1.84865
-1.91447
-1.85019
-1.81339
-1.79754
-1.82025
-1.8286
-1.79995
-1.80756
-1.8734
-1.83134
-1.94311
-1.95394
-1.98541
-1.95135
-1.92504
-1.9525
-1.86026
-1.7625
-1.76824
-1.77556
-1.83265
-1.81789
-1.86796
-1.84855
-1.79664
-1.80442
-1.82952
-1.82351
-1.81336
-1.81657
-1.84769
-1.92867
-1.91661
-1.94934
-1.78535
-1.89517
-1.86512
-1.87648
-2.04207
-2.09512
-2.11113
-2.17116
-2.14214
-2.12002
-2.22052
-2.22078
-2.23987
-2.29596
-2.24243
-2.33367
-2.33225
-2.28446
-2.27675
-2.27777
-2.23577
-2.22421
-2.13109
-1.96767
-2.14591
-2.13478
-2.12627
-2.12118
-2.1421
-2.05589
-1.78488
-1.83875
-1.80845
-1.77128
-1.60236
-1.5411
-1.5617
-1.44589
-1.45753
-1.49858
-1.50509
-1.52082
-1.69964
-1.63861
-1.62104
-1.65079
-1.66857
-1.71144
-1.78488
-1.78885
-1.90987
-1.99451
-2.06477
-1.96651
-1.97501
-1.93424
-1.77237
-1.80577
-1.84495
-1.83771
-1.95332
-2.02237
-1.99351
-1.95782
-1.97328
-1.90418
-1.99276
-2.02543
-1.97111
-1.98139
-1.98276
-1.97512
-2.00839
-2.11214
-2.11355
-2.19722
-2.19701
-2.10732
-2.12661
-2.19342
-2.14767
-2.1317
-2.19274
-2.15913
-2.17916
-2.20146
-2.30967
-2.36754
-2.41504
-2.45959
-2.47253
-2.4603
-2.4848
-2.5212
-2.53789
-2.54702
-2.51579
-2.51322
-2.42294
-2.46005
-2.46233
-2.414
-2.35716
-2.41016
-2.41321
-2.32068
-2.24122
-2.23334
-2.24358
-2.26526
-2.29506
-2.29848
-2.31626
-2.27879
-2.2193
-2.36694
-2.33232
-2.44926
-2.46542
-2.37731
-2.34203
-2.3377
-2.44107
-2.4539
-2.53308
-2.43724
-2.3923
-2.44827
-2.45272
-2.2995
-2.22254
-2.20245
-2.22005
-2.07513
-2.04786
-2.05419
-2.0783
-2.14283
-2.11237
-2.16909
-2.24477
-2.27623
-2.33264
-2.46056
-2.44052
-2.53812
-2.56743
-2.54985
-2.53732
-2.48092
-2.58033
-2.51483
-2.51879
-2.53082
-2.57577
-2.60097
-2.55391
-2.64618
-2.65481
-2.68137
-2.73394
-2.69732
-2.80715
-2.69715
-2.66953
-2.6639
-2.66647
-2.62377
-2.65845
-2.67671
-2.66092
-2.62893
-2.62682
-2.64878
-2.63815
-2.61087
-2.59858
-2.57882
-2.66099
-2.82747
-2.82922
-2.88161
-2.97016
-2.97043
-2.96417
-3.00373
-2.89451
-2.88708
-2.88042
-2.77241
-2.76827
-2.8809
-2.9701
-2.93907
-2.90169
-2.90935
-2.79855
-2.7164
-2.7042
-2.7157
-2.76618
-2.7449
-2.71936
-2.6468
-2.51104
-2.43637
-2.42226
-2.41698
-2.32326
-2.30517
-2.26419
-2.19602
-2.1819
-2.17019
-2.20473
-2.19531
-2.16931
-2.10119
-2.1288
-2.10144
-2.12356
-2.15839
-2.15301
-2.01844
-1.93988
-1.94426
-1.82626
-1.69238
-1.70178
-1.74244
-1.71632
-1.67315
-1.76623
-1.58686
-1.61716
-1.61789
-1.56123
-1.53345
-1.45168
-1.44994
-1.39531
-1.50766
-1.60834
-1.60955
-1.60312
-1.58812
-1.70518
-1.68618
-1.58199
-1.57019
-1.44681
-1.38726
-1.37621
-1.20843
-1.18713
-1.19864
-1.17611
-1.15787
-1.14561
-1.23468
-1.22566
-1.21748
-1.2093
-1.18056
-1.10408
-1.10209
-1.04892
-1.14559
-1.03195
-1.08645
-1.04515
-1.09779
-1.116
-1.16584
-1.15058
-1.25687
-1.1854
-1.11779
-1.10383
-1.02266
-1.05747
-1.04317
-1.03903
-1.03083
-1.03333
-1.02996
-0.974381
-0.967845
-0.988387
-0.954353
-0.900548
-0.884092
-0.932543
-0.900604
-0.852186
-0.846057
-0.898776
-0.869054
-0.863148
-0.869709
-0.791392
-0.869454
-0.859565
-0.807453
-0.843811
-0.839245
-0.795401
-0.730464
-0.732295
-0.818704
-0.81264
-0.785783
-0.80634
-0.797302
-0.800795
-0.766032
-0.751377
-0.844744
-0.854467
-0.840817
-0.837781
-0.831274
-0.867542
-0.856997
-0.90679
-0.896134
-0.881822
-0.813586
-0.765666
-0.721407
-0.711507
-0.651758
-0.642328
-0.613668
-0.569751
-0.512848
-0.553001
-0.60759
-0.650302
-0.555236
-0.565573
-0.517357
-0.513711
-0.431104
-0.420673
-0.439559
-0.436298
-0.438205
-0.446328
-0.460393
-0.4551
-0.461226
-0.521585
-0.426274
-0.369466
-0.433635
-0.45492
-0.480917
-0.495166
-0.434756
-0.460438
-0.588599
-0.666501
-0.738821
-0.724897
-0.700885
-0.733477
-0.692535
-0.696073
-0.516557
-0.514961
-0.454412
-0.599203
-0.474796
-0.506237
-0.572481
-0.673333
-0.734559
-0.598847
-0.563035
-0.565709
-0.593785
-0.605252
-0.507977
-0.467889
-0.511108
-0.487382
-0.486019
-0.516839
-0.576464
-0.54503
-0.642163
-0.620617
-0.602581
-0.619267
-0.624291
-0.618438
-0.740511
-0.722741
-0.734379
-0.805728
-0.866397
-0.952447
-0.959591
-0.692986
-0.70454
-0.644966
-0.669764
-0.723495
-0.778189
-0.81839
-0.833544
-0.890284
-0.85949
-0.877605
-0.888168
-1.0229
-1.04602
-0.992812
-0.833383
-0.840306
-0.869815
-0.878223
-0.888952
-0.871003
-0.907826
-0.905643
-0.837062
-0.827897
-0.863531
-0.875837
-0.906236
-0.936321
-0.943516
-0.974884
-0.938512
-0.929599
-0.93631
-0.917799
-0.929248
-0.962915
-1.01003
-1.05587
-1.00136
-0.922368
-0.871186
-0.851722
-0.875965
-0.915589
-0.925624
-0.938647
-0.970987
-0.932915
-0.918529
-0.957666
-1.00366
-1.02651
-1.02211
-0.979541
-0.935265
-0.954205
-0.879093
-0.827545
-0.787309
-0.762998
-0.765294
-0.860302
-0.867046
-0.899961
-0.818479
-0.861255
-0.870578
-0.928901
-0.952067
-0.992038
-1.03684
-1.08413
-1.08891
-1.11107
-1.12021
-1.14686
-0.98312
-1.0224
-1.02082
-0.909699
-0.919076
-1.08624
-1.09666
-1.01769
-1.06144
-1.07696
-1.08562
-1.09606
-1.11417
-1.11551
-1.09369
-1.17497
-1.1693
-1.18034
-1.19746
-1.23792
-1.2688
-1.26879
-1.29102
-1.23072
-1.17342
-1.09192
-1.11781
-1.10158
-1.17728
-1.20165
-1.18281
-1.26163
-1.26645
-1.21772
-1.2142
-1.15744
-1.24672
-1.22748
-1.24052
-1.26221
-1.27379
-1.35808
-1.35266
-1.24648
-1.19345
-1.21903
-1.22372
-1.25713
-1.26966
-1.22621
-1.23883
-1.23836
-1.31213
-1.38954
-1.40787
-1.38952
-1.39203
-1.44549
-1.36703
-1.37372
-1.48314
-1.48334
-1.55366
-1.56273
-1.56957
-1.55356
-1.58472
-1.6793
-1.71884
-1.68691
-1.7087
-1.64461
-1.75653
-1.76485
-1.80101
-1.84048
-1.85469
-1.91152
-1.95276
-1.94908
-1.97472
-2.05803
-2.04468
-2.03467
-2.08191
-2.10125
-2.17803
-2.34825
-2.33058
-2.20517
-2.11307
-2.0567
-1.99347
-2.00486
-2.02238
-2.01078
-1.83035
-1.83694
-1.84275
-2.04362
-2.14107
-2.12223
-2.13427
-2.13832
-2.16062
-2.17244
-2.22555
-2.19002
-2.15284
-2.12695
-2.09782
-2.1888
-2.12148
-2.11074
-2.17299
-2.16986
-2.15733
-2.17964
-2.22584
-2.19282
-2.32683
-2.27852
-2.28823
-2.28985
-2.43242
-2.4359
-2.51574
-2.53577
-2.55235
-2.58636
-2.54589
-2.54935
-2.53076
-2.48482
-2.48307
-2.48282
-2.489
-2.74454
-2.74678
-2.78445
-2.80636
-2.82557
-2.72986
-2.91869
-2.87922
-2.9725
-3.03211
-2.96193
-3.0033
-3.04303
-3.07129
-3.09328
-3.12151
-3.04514
-3.01364
-3.01688
-2.99592
-3.05351
-3.03152
-3.04365
-3.09561
-3.10714
-2.99283
-2.9665
-2.96713
-2.97306
-2.92972
-2.8927
-2.85758
-2.85549
-2.90335
-2.87701
-2.9423
-2.92082
-2.89615
-2.89337
-2.90238
-2.90992
-2.96426
-2.87774
-2.86292
-2.84905
-2.76088
-2.74744
-2.81857
-2.86454
-2.86673
-2.8435
-2.85506
-2.90141
-2.9711
-2.99417
-2.95205
-2.86881
-2.83728
-2.80487
-2.79754
-2.6705
-2.66304
-2.77557
-2.77854
-2.78292
-2.78943
-2.8353
-2.81795
-2.86098
-2.80686
-2.92178
-2.9294
-2.9381
-2.84567
-2.84185
-2.83054
-2.84539
-2.85694
-2.90805
-2.84888
-2.81299
-2.89909
-2.8865
-2.88359
-2.81355
-2.81205
-2.75644
-2.77113
-2.82987
-2.83478
-2.76316
-2.75301
-2.75596
-2.76568
-2.859
-2.85021
-2.82361
-2.74
-2.73189
-2.58701
-2.69975
-2.74019
-2.73428
-2.73833
-2.73388
-2.75111
-2.74812
-2.71847
-2.71764
-2.74216
-2.73528
-2.87758
-2.91928
-2.8787
-2.89332
-2.88111
-2.9257
-2.93098
-2.83738
-2.81004
-2.79364
-2.76134
-2.76902
-2.83016
-2.82413
-2.77524
-2.7405
-2.71091
-2.64831
-2.65056
-2.63934
-2.68108
-2.7375
-2.70556
-2.68139
-2.692
-2.70942
-2.73059
-2.50017
-2.47539
-2.45976
-2.43822
-2.36247
-2.38756
-2.46602
-2.45447
-2.36133
-2.31644
-2.1468
-2.11315
-1.92044
-1.87281
-1.7566
-1.69194
-1.72358
-1.4988
-1.47604
-1.46901
-1.6009
-1.53417
-1.55717
-1.54311
-1.57227
-1.49817
-1.48374
-1.50529
-1.54902
-1.52624
-1.48639
-1.55286
-1.54661
-1.53617
-1.40191
-1.32801
-1.25352
-1.23857
-1.23678
-1.1605
-1.08663
-1.26287
-1.31694
-1.2292
-1.24264
-1.21325
-1.22718
-1.23564
-1.28249
-1.30934
-1.28695
-1.24491
-1.15201
-1.10481
-1.05607
-1.03735
-1.0125
-0.923632
-0.810943
-0.894773
-1.07458
-1.1366
-1.12215
-1.11036
-1.1787
-1.11226
-1.18608
-1.13183
-1.17388
-1.21182
-1.30164
-1.2194
-1.23598
-1.21888
-1.27093
-1.16965
-1.12642
-1.03595
-0.93444
-0.932929
-0.957489
-0.957747
-0.982558
-0.93993
-0.996268
-0.987958
-0.981487
-0.98437
-1.03649
-1.03646
-1.04063
-0.998906
-0.961939
-0.99109
-0.847844
-0.778557
-0.704719
-0.591002
-0.667607
-0.845268
-0.824142
-0.803996
-0.803179
-0.998499
-0.985779
-0.972014
-0.945236
-0.932841
-1.05373
-1.03009
-0.997439
-1.04353
-1.0855
-1.22099
-0.945181
-0.985212
-0.963495
-0.925373
-0.815711
-0.924038
-0.944234
-0.911851
-0.919667
-0.822802
-0.775237
-0.804253
-0.834281
-0.848523
-0.838446
-0.88132
-0.913992
-0.93478
-0.860189
-0.786463
-0.766664
-0.788339
-0.754199
-0.831155
-0.844623
-0.888371
-0.902206
-0.868907
-0.903348
-0.902304
-0.908503
-0.914612
-0.910949
-0.962931
-0.9799
-1.02555
-1.05672
-1.19149
-1.25916
-1.34527
-1.43107
-1.40692
-1.28917
-1.37214
-1.474
-1.45836
-1.60102
-1.54734
-1.54789
-1.53137
-1.54711
-1.53153
-1.62633
-1.6483
-1.68642
-1.64045
-1.65482
-1.53778
-1.53492
-1.52272
-1.61427
-1.62717
-1.52028
-1.51421
-1.51324
-1.4805
-1.46839
-1.46693
-1.48099
-1.50981
-1.53275
-1.54315
-1.60395
-1.60379
-1.61253
-1.59039
-1.55212
-1.50299
-1.48219
-1.40169
-1.47486
-1.50354
-1.39886
-1.18606
-1.22615
-1.23735
-1.24546
-1.2547
-1.28847
-1.31319
-1.2786
-1.35775
-1.35078
-1.37146
-1.36654
-1.39985
-1.39275
-1.44377
-1.40429
-1.46978
-1.56975
-1.43385
-1.45998
-1.61052
-1.69228
-1.70777
-1.71834
-1.77719
-1.72253
-1.74253
-1.78797
-1.78043
-1.68728
-1.69396
-1.69763
-1.79252
-1.65952
-1.71848
-1.76664
-1.78865
-1.79005
-1.7705
-1.98264
-2.05334
-2.06872
-2.191
-2.11039
-2.21055
-2.20739
-2.25855
-2.23872
-2.26338
-2.29697
-2.40424
-2.34094
-2.38725
-2.43608
-2.46984
-2.54311
-2.51785
-2.5459
-2.43654
-2.40747
-2.47989
-2.44771
-2.43107
-2.40695
-2.38344
-2.25428
-2.19013
-2.13136
-1.99316
-2.07366
-2.04122
-2.03355
-2.08771
-1.99308
-1.99416
-2.03271
-2.01224
-1.92834
-1.88164
-1.86463
-1.83837
-1.84461
-1.83694
-1.69534
-1.81297
-1.90027
-1.87147
-1.81597
-1.73365
-1.76609
-1.75043
-1.68342
-1.60691
-1.45285
-1.42699
-1.38997
-1.4027
-1.46482
-1.5283
-1.44473
-1.40612
-1.41823
-1.39094
-1.38364
-1.35555
-1.30949
-1.30755
-1.26766
-1.2309
-1.26989
-1.29114
-1.32707
-1.44424
-1.386
-1.35455
-1.39759
-1.34263
-1.2495
-1.19099
-1.19298
-1.23904
-1.23993
-1.20937
-1.31885
-1.34239
-1.33718
-1.309
-1.26437
-1.28739
-1.23086
-1.09598
-1.04307
-1.059
-0.876287
-0.886154
-0.879042
-0.869488
-0.938158
-1.02059
-0.993363
-1.05591
-1.06211
-1.09163
-0.980541
-0.96935
-0.947889
-0.941403
-0.964941
-0.956484
-0.999229
-0.929171
-0.86873
-0.872184
-0.872395
-0.901848
-0.944133
-0.900454
-0.908288
-0.914849
-1.05759
-0.990252
-1.00045
-0.978104
-0.850772
-0.847226
-0.740103
-0.797183
-0.810637
-0.81292
-0.791443
-0.871508
-0.925318
-0.865053
-0.889356
-0.963081
-1.03412
-1.01887
-1.02162
-1.00746
-0.840715
-0.813974
-0.831455
-0.817659
-0.920853
-0.973698
-1.06974
-1.08387
-1.17844
-1.1535
-1.17691
-1.2688
-1.32632
-1.35143
-1.42417
-1.42928
-1.41773
-1.42609
-1.36311
-1.24959
-1.25524
-1.26124
-1.24292
-1.23152
-1.30817
-1.3648
-1.38401
-1.39521
-1.39656
-1.40785
-1.48704
-1.50013
-1.4368
-1.45704
-1.43813
-1.46507
-1.49581
-1.52078
-1.51324
-1.5423
-1.53469
-1.51411
-1.5893
-1.6552
-1.61776
-1.6342
-1.65463
-1.7935
-1.80872
-1.79384
-1.79637
-1.82948
-1.88152
-1.88179
-1.79905
-1.81209
-1.86151
-1.85453
-1.86507
-1.87724
-2.04037
-2.22775
-2.14638
-2.16508
-2.12704
-2.11972
-2.13472
-2.11459
-2.19398
-2.14137
-2.0867
-2.0379
-2.08211
-2.18382
-2.2279
-2.21603
-2.11909
-2.16377
-2.22063
-2.21285
-2.24179
-2.37156
-2.28353
-2.28892
-2.15281
-2.2608
-2.27016
-2.27699
-2.29381
-2.2548
-2.20946
-2.09892
-2.11034
-2.13856
-2.16621
-2.16829
-2.19207
-2.20048
-2.28185
-2.26938
-2.30065
-2.29056
-2.41773
-2.32386
-2.45357
-2.477
-2.50951
-2.49603
-2.4949
-2.56061
-2.65173
-2.68392
-2.78326
-2.73638
-2.62419
-2.69107
-2.65975
-2.75624
-2.75062
-2.86353
-2.82891
-2.8457
-2.83039
-2.76046
-2.73719
-2.73207
-2.70348
-2.79343
-2.80981
-2.78147
-2.77948
-2.68339
-2.71251
-2.69291
-2.68211
-2.69334
-2.65716
-2.59452
-2.74611
-2.70181
-2.50159
-2.43987
-2.4142
-2.35146
-2.34503
-2.34467
-2.21029
-2.12865
-2.02342
-1.85459
-1.80731
-1.80869
-1.77545
-1.64572
-1.62054
-1.58035
-1.65442
-1.68092
-1.62517
-1.64118
-1.65708
-1.60865
-1.53309
-1.6647
-1.5561
-1.59178
-1.66368
-1.65301
-1.56443
-1.45547
-1.40608
-1.37627
-1.37989
-1.2439
-1.24
-1.29195
-1.23153
-1.19875
-1.12471
-1.23122
-1.23211
-1.18134
-1.05076
-0.959444
-1.07712
-1.01215
-0.970391
-0.901195
-0.89224
-0.852216
-0.78857
-0.856916
-0.849878
-0.858815
-0.808602
-0.854073
-0.843139
-0.842136
-0.680123
-0.641955
-0.650249
-0.684265
-0.751236
-0.785307
-0.77753
-0.735944
-0.717954
-0.803166
-0.777886
-0.741697
-0.700884
-0.690368
-0.684551
-0.650773
-0.662462
-0.643428
-0.541681
-0.602651
-0.603657
-0.550737
-0.544311
-0.514266
-0.472453
-0.468307
-0.493966
-0.51667
-0.578676
-0.506357
-0.481046
-0.491273
-0.546484
-0.549089
-0.670888
-0.692749
-0.693653
-0.652233
-0.616046
-0.559748
-0.570031
-0.543069
-0.576446
-0.650145
-0.605936
-0.63306
-0.605274
-0.555928
-0.558322
-0.628035
-0.680875
-0.688658
-0.682266
-0.633948
-0.628492
-0.682526
-0.7282
-0.734435
-0.766524
-0.873998
-0.878671
-0.823872
-0.822186
-0.831848
-0.876321
-0.876864
-0.926979
-0.864222
-0.829827
-0.747566
-0.748909
-0.75527
-0.765947
-0.823077
-0.799795
-0.801678
-0.748382
-0.784715
-0.801312
-0.830636
-0.90919
-0.907052
-0.905059
-0.88921
-0.86909
-0.806941
-0.825424
-0.859682
-0.757677
-0.79715
-0.789988
-0.801596
-0.873008
-0.878286
-0.950288
-0.942089
-0.885214
-0.8778
-1.00194
-1.01423
-1.00349
-0.995408
-0.959217
-1.07743
-1.084
-1.08357
-1.02608
-1.05011
-1.03211
-1.00309
-0.969645
-1.00496
-1.0137
-1.03388
-0.973162
-1.00881
-1.03985
-1.02039
-1.01554
-1.04731
-0.988126
-1.03025
-0.626091
-0.6364
-0.431522
-0.520116
-0.535181
-0.494111
-0.457647
-0.395066
-0.376686
-0.428402
-0.430603
-0.51268
-0.373789
-0.296663
-0.259505
-0.279303
-0.385363
-0.37007
-0.414543
-0.634396
-0.666351
-0.699106
-0.705129
-0.772231
-0.798449
-0.786372
-0.844598
-0.83174
-0.853723
-0.811509
-0.856368
-0.858289
-0.873723
-0.918247
-0.850779
-0.865616
-0.773729
-0.850104
-0.877402
-0.947664
-0.968399
-0.994049
-1.04746
-1.11326
-0.982668
-1.1003
-1.10306
-1.17305
-1.26672
-1.30208
-1.21765
-1.29442
-1.32885
-1.35646
-1.36527
-1.39479
-1.49966
-1.50747
-1.56898
-1.59016
-1.5808
-1.62604
-1.56677
-1.62551
-1.64741
-1.70003
-1.67004
-1.66838
-1.6266
-1.62949
-1.67397
