###  Units are X_hat = 1.73cm.
0.1	0.1
0.106465	0.106217
0.111724	0.110694
0.115569	0.110345
0.097213	0.112327
0.109706	0.117459
0.11389	0.12219
0.128905	0.122112
0.136808	0.119962
0.113999	0.118727
0.120136	0.123967
0.113766	0.130056
0.118438	0.139283
0.115368	0.160944
0.112668	0.164813
0.115049	0.161695
0.10999	0.152208
0.104256	0.151217
0.135465	0.16583
0.122626	0.171523
0.115352	0.165552
0.11402	0.174679
0.115776	0.146506
0.121526	0.150722
0.105285	0.155733
0.133028	0.1637
0.130246	0.157032
0.116322	0.149328
0.103034	0.126866
0.110133	0.138476
0.111849	0.128658
0.113366	0.132898
0.109999	0.153804
0.111532	0.15328
0.140964	0.165068
0.129559	0.161562
0.128226	0.158593
0.111922	0.151418
0.110827	0.151618
0.115961	0.143355
0.118171	0.144834
0.110126	0.166237
0.1102	0.136474
0.122283	0.132444
0.147999	0.114693
0.160797	0.112317
0.167529	0.118009
0.160883	0.102998
0.163105	0.0965249
0.161534	0.0939569
0.134297	0.0953728
0.143846	0.115744
0.122093	0.0905634
0.127317	0.0883923
0.140619	0.121835
0.139163	0.117735
0.144014	0.135611
0.140356	0.135342
0.133091	0.130189
0.119168	0.1408
0.129179	0.159976
0.148918	0.151171
0.145473	0.119634
0.146756	0.120208
0.138367	0.128634
0.127541	0.129425
0.142795	0.119399
0.144486	0.127052
0.143199	0.11267
0.138858	0.0909126
0.142501	0.0867977
0.141937	0.104547
0.147643	0.102257
0.146547	0.110917
0.151205	0.094142
0.173039	0.0983737
0.165958	0.0905643
0.164382	0.0634224
0.151472	0.0636401
0.154379	0.0806561
0.152592	0.0776864
0.154569	0.0781803
0.151711	0.0746128
0.148826	0.0774907
0.141135	0.0653572
0.136533	0.0792012
0.14214	0.0804597
0.17465	0.085318
0.167412	0.0637936
0.154841	0.0828611
0.14939	0.0938478
0.156654	0.0998324
0.164543	0.113886
0.179434	0.147148
0.179247	0.140493
0.17495	0.117464
0.188676	0.0942282
0.185179	0.0961314
0.176526	0.0872097
0.18611	0.0973136
0.168123	0.0960214
0.166198	0.0919046
0.171962	0.0870096
0.177668	0.0704915
0.18145	0.0700284
0.182904	0.055394
0.185864	0.0571382
0.188969	0.0631324
0.191463	0.0683806
0.187112	0.0537127
0.210844	0.0622279
0.219194	0.0453604
0.233454	0.0455597
0.228593	0.0448858
0.219075	0.0508147
0.207821	0.0513519
0.203424	0.0334541
0.215024	0.0219306
0.204943	0.02244
0.198167	0.0304911
0.212732	0.0274063
0.197641	0.0438131
0.176073	0.0520398
0.168809	0.0591271
0.18207	0.0554156
0.215246	0.0589048
0.216526	0.05283
0.210925	0.0500241
0.217257	0.0280385
0.209538	0.0399081
0.208923	0.054734
0.206959	0.0568942
0.212698	0.0513336
0.204612	0.0505772
0.202777	0.0684739
0.197793	0.0683828
0.195078	0.0601957
0.205796	0.0366237
0.200311	0.0374439
0.186217	0.0452996
0.184934	0.0491075
0.163138	0.062477
0.152885	0.065096
0.16346	0.0474245
0.167307	0.04591
0.165288	0.0522634
0.181259	0.0284958
0.160036	0.0249424
0.167831	0.0305665
0.193215	0.0162998
0.193752	0.0173862
0.19299	0.0161269
0.202536	0.027037
0.179173	-0.00457583
0.182367	0.00675126
0.18653	0.00555297
0.183054	0.0010546
0.153217	-0.0044108
0.15878	-0.0041622
0.165468	0.0124684
0.168449	0.0108556
0.172702	0.0107544
0.141006	0.044719
0.13702	0.0442695
0.145012	0.0480751
0.142137	0.0473623
0.154467	0.0322146
0.135773	0.0304963
0.154378	0.0413401
0.15328	0.0698796
0.155587	0.0708012
0.188787	0.066619
0.187671	0.0632799
0.186411	0.0657629
0.176372	0.0630337
0.182265	0.0696394
0.161375	0.0761267
0.150915	0.0844929
0.132479	0.0806416
0.13374	0.0784048
0.146638	0.070565
0.146307	0.109354
0.159209	0.0942825
0.166217	0.0965864
0.189146	0.0740926
0.195097	0.0660093
0.194154	0.0632668
0.192875	0.0783728
0.177342	0.0759257
0.186108	0.0741964
0.184633	0.080051
0.188777	0.0802233
0.185134	0.0783226
0.184227	0.0747471
0.185238	0.056163
0.182639	0.0731311
0.198294	0.0677526
0.202818	0.0745409
0.200893	0.0656667
0.195318	0.0608813
0.204869	0.0683328
0.168349	0.0591074
0.17438	0.0542971
0.165338	0.0440531
0.160123	0.053604
0.163902	0.0538771
0.156666	0.0567018
0.147838	0.0465704
0.152735	0.0479767
0.161967	0.0587209
0.163048	0.0719885
0.165239	0.0676889
0.174577	0.0596922
0.183187	0.0637596
0.182816	0.0635216
0.182164	0.0584919
0.188898	0.0781948
0.185117	0.073749
0.187532	0.0756586
0.175421	0.0971885
0.183237	0.077541
0.187091	0.0769092
0.182675	0.080538
0.18236	0.0712086
0.193435	0.0428773
0.190644	0.0405021
0.185873	0.0418068
0.185105	0.0393806
0.20139	0.0650856
0.181174	0.0781215
0.159199	0.0768837
0.161649	0.0799894
0.162074	0.0799854
0.177951	0.0815337
0.170894	0.0743634
0.202967	0.0961533
0.169234	0.12042
0.16398	0.117092
0.159602	0.123403
0.158892	0.133569
0.150105	0.137942
0.164484	0.12396
0.182179	0.139188
0.173027	0.123528
0.171637	0.102265
0.171381	0.102286
0.177652	0.104852
0.180808	0.105573
0.178935	0.103617
0.211114	0.123937
0.195601	0.118915
0.188183	0.114511
0.166245	0.0963329
0.16569	0.0968268
0.176566	0.102969
0.168761	0.117118
0.151051	0.124711
0.116795	0.114354
0.1323	0.0795388
0.150462	0.0832232
0.15541	0.0829846
0.152365	0.0830313
0.16357	0.0824564
0.18641	0.0966494
0.185463	0.0843409
0.17564	0.040008
0.204476	0.0339343
0.208285	0.044886
0.213808	0.0177124
0.204849	-0.0161796
0.203813	-0.0155838
0.198617	-0.005159
0.197434	0.00339999
0.183863	0.0150817
0.184997	0.0146677
0.1864	0.00521092
0.195936	0.00585363
0.197073	0.0372301
0.202251	0.0465981
0.165509	0.0689068
0.163405	0.0781808
0.19485	0.0855371
0.184626	0.0840001
0.19052	0.0887304
0.202151	0.0690336
0.153047	0.0467736
0.152026	0.0435451
0.151134	0.0397683
0.170146	0.0297511
0.174775	0.035343
0.177482	0.0414884
0.18535	0.0365121
0.189963	-0.00832067
0.192076	-0.0107766
0.175192	-0.0228716
0.181546	-0.0258201
0.192272	-0.0240647
0.190078	-0.0276387
0.185445	-0.0361619
0.172305	-0.0293371
0.197551	-0.0215778
0.21156	-0.0167005
0.215737	-0.0129677
0.217961	-0.0124588
0.23809	-0.00447129
0.210223	-0.0210174
0.204179	-0.0140345
0.207371	-0.00525638
0.19973	-0.0249998
0.196703	-0.00991264
0.206144	-0.00118998
0.199873	-0.000171483
0.205027	0.00186359
0.211751	-0.00404705
0.213004	-0.0263832
0.197965	-0.0265204
0.197961	-0.0347272
0.198689	-0.0362672
0.19946	-0.036117
0.196634	-0.0381806
0.21792	-0.0496413
0.2438	-0.0190112
0.225759	-0.0215102
0.2158	-0.00296585
0.209869	-0.0044979
0.192372	-0.00137012
0.188499	0.00274527
0.179685	-0.0016915
0.17867	0.0110812
0.182744	0.0118572
0.196868	0.00577833
0.200924	0.0176749
0.204827	0.010512
0.207271	0.0063486
0.213877	-3.33972e-05
0.201021	-0.002686
0.199944	-0.00177126
0.200575	-0.0013737
0.200024	-0.0059546
0.180628	-0.00635366
0.172654	-0.00708878
0.170861	7.24524e-05
0.177836	0.0189817
0.174545	0.0222563
0.190935	0.0232507
0.188318	0.0251068
0.193727	0.0151924
0.178906	0.00885935
0.15746	0.0104889
0.168518	0.0290934
0.172473	0.0252953
0.174926	0.0260036
0.185699	0.017042
0.198431	0.0381881
0.197939	0.036251
0.21994	0.0289294
0.223926	0.0275458
0.218932	0.0324115
0.227152	0.0439131
0.246802	0.0306225
0.249024	0.0279188
0.230355	0.0217639
0.224476	0.0160703
0.214118	0.0230316
0.202002	0.0317713
0.184349	0.040472
0.183292	0.0398321
0.179077	0.0609905
0.190339	0.0662624
0.184728	0.0790638
0.191474	0.0648392
0.194857	0.072763
0.19506	0.0702014
0.196369	0.0681487
0.193479	0.0695726
0.196994	0.0657876
0.19558	0.0638023
0.185476	0.068435
0.179523	0.0623691
0.146267	0.0592903
0.153166	0.0421959
0.170843	0.0372609
0.181613	0.0310943
0.188705	0.0259198
0.203551	0.0223297
0.186198	0.0116067
0.185166	0.0150451
0.185953	0.00803105
0.170465	-0.0165509
0.168962	-0.0239024
0.184914	-0.0225175
0.175298	-0.033229
0.167881	-0.0337773
0.182929	-0.0229533
0.196088	-0.0376341
0.197589	-0.035091
0.203017	-0.0350996
0.197752	-0.0296747
0.199365	-0.0257049
0.206665	-0.0165979
0.205628	-0.00885526
0.205714	-0.0155293
0.182879	-0.00453037
0.182608	-0.00507131
0.201662	-0.0364038
0.176187	-0.0166432
0.188233	-0.0155904
0.192193	0.0225662
0.204886	0.0152244
0.217255	0.010059
0.211466	0.0114654
0.212299	-0.00918988
0.224013	-0.0129527
0.233208	-0.014165
0.235546	-0.00540475
0.210211	-0.00496073
0.199595	-0.017093
0.196233	-0.0131132
0.196335	-0.0111598
0.206308	0.0116413
0.20684	0.00400044
0.186134	0.00303571
0.197255	0.00659579
0.196015	0.00823355
0.200327	0.0195504
0.204453	-0.00650209
0.21019	-0.00650317
0.210247	-0.0040616
0.216496	-0.000871014
0.212684	0.00622842
0.193634	0.0182898
0.215574	0.012992
0.242695	-0.00220552
0.238004	-0.00282792
0.219828	-0.00546149
0.204303	-0.00576821
0.224526	-0.0375442
0.20239	-0.0335352
0.194665	-0.0298612
0.176858	-0.026498
0.197114	-0.0162412
0.180069	-0.0146735
0.183018	-0.0152219
0.177628	-0.00108563
0.180833	-0.00112371
0.184841	-0.00175106
0.19307	-0.0103818
0.198072	-0.0175055
0.208167	-0.015262
0.197337	-0.0155172
0.184255	-0.0111453
0.19511	0.00446132
0.198827	0.00376946
0.200561	0.000364391
0.205707	-0.0219509
0.198714	-0.0354519
0.188975	-0.0339812
0.188739	-0.0380073
0.161956	-0.0325653
0.152576	-0.0286211
0.163819	-0.032174
0.158267	-0.033843
0.164538	-0.0286784
0.15787	-0.0158066
0.170026	-0.0252272
0.159163	-0.0235662
0.174028	-0.0229051
0.170993	-0.0313052
0.186779	-0.0121158
0.181964	-0.00327964
0.191609	0.0169187
0.202968	0.0114166
0.193211	0.0148909
0.193191	0.0162823
0.194813	0.000982909
0.197015	0.00362585
0.179563	0.00765474
0.163489	0.0556835
0.174618	0.0626767
0.158739	0.0601798
0.172666	0.0350885
0.170449	0.0334268
0.17259	0.0398072
0.169554	0.057172
0.190285	0.0500211
0.144685	0.0830319
0.148785	0.085116
0.137645	0.0892841
0.141694	0.0627477
0.151689	0.0600667
0.154319	0.0598446
0.155697	0.061893
0.146284	0.0746229
0.153043	0.0785993
0.183513	0.0970467
0.205144	0.0871979
0.195525	0.0961569
0.195517	0.08932
0.206403	0.0793859
0.18672	0.0876643
0.189058	0.102133
0.193094	0.10679
0.2134	0.108912
0.216869	0.101562
0.217748	0.107907
0.21516	0.100174
0.223509	0.101716
0.221552	0.0891752
0.211915	0.100659
0.215973	0.0695879
0.239453	0.0735408
0.222754	0.0789711
0.216471	0.0759298
0.211486	0.0740958
0.215355	0.064331
0.190038	0.0577956
0.193549	0.0621957
0.192974	0.0614071
0.196774	0.0514299
0.206186	0.0752716
0.186443	0.0792808
0.197749	0.0771907
0.191056	0.0770416
0.195278	0.0739361
0.192314	0.0851149
0.188457	0.0841746
0.163084	0.0665863
0.168302	0.0642438
0.173562	0.0629244
0.154427	0.080301
0.152924	0.0730579
0.158619	0.0723215
0.16608	0.0807545
0.162902	0.0828932
0.170741	0.0796945
0.167649	0.0948334
0.167825	0.0944645
0.1628	0.0892595
0.192162	0.0920877
0.208694	0.0842702
0.202234	0.0700794
0.195392	0.0644059
0.196232	0.0511174
0.189443	0.0402238
0.180927	0.0424464
0.1822	0.0418217
0.187451	0.0703138
0.185017	0.0602038
0.185109	0.0677957
0.195549	0.0612895
0.198741	0.0587786
0.179851	0.0528854
0.178833	0.0510131
0.188811	0.0607429
0.174384	0.0552343
0.187008	0.0576588
0.208812	0.0648811
0.213847	0.0673046
0.208167	0.0643973
0.210271	0.0529006
0.215319	0.0534282
0.224603	0.0509658
0.214518	0.0554829
0.209641	0.0456302
0.202722	0.0519318
0.187392	0.0300358
0.185136	0.00647213
0.205025	0.01551
0.197669	0.0260582
0.19264	0.0484317
0.19443	0.028738
0.192163	0.0347633
0.17955	0.0121109
0.187272	0.00799303
0.177244	0.00302593
0.18043	-0.00321566
0.181547	-0.0414519
0.179645	-0.0408252
0.179198	-0.0405574
0.213242	-0.0584273
0.208596	-0.0368482
0.207142	-0.044317
0.188628	-0.0173432
0.193391	-0.0186931
0.195927	-0.00287461
0.195767	-0.00287649
0.193999	-0.00605967
0.201488	0.00442782
0.210429	0.00749547
0.20629	0.00917189
0.200931	0.0144126
0.198836	0.0185518
0.176815	0.000474061
0.171848	0.00477596
0.169362	-0.0183564
0.185605	-0.00802073
0.181989	-0.0036126
0.173214	0.00564786
0.174491	0.0107797
0.183546	0.0231247
0.189275	0.0361671
0.171833	0.0485067
0.197188	0.0287611
0.166919	0.0323263
0.184922	0.041355
0.182224	0.0401665
0.183935	0.0410318
0.203685	0.0610717
0.192543	0.0479366
0.193259	0.0343609
0.203441	0.020608
0.194185	0.0211456
0.188709	0.0213954
0.198969	0.041346
0.197392	0.044521
0.189699	0.0409692
0.196843	0.0422878
0.198534	0.0269747
0.185236	0.0362039
0.162078	0.0202073
0.165867	0.0187718
0.172019	0.0316524
0.183417	0.0316075
0.18378	0.031782
0.184601	0.0377596
0.188996	0.0360172
0.180334	0.0485386
0.183563	0.0438112
0.173582	0.0245041
0.19952	0.0271687
0.192798	0.0058332
0.192118	0.00682018
0.189076	0.0103528
0.169103	0.0178457
0.172669	0.0186901
0.171104	0.0216877
0.180403	0.0136741
0.178567	0.00351828
0.175069	0.00586951
0.175556	0.0205106
0.174916	0.0225474
0.18516	0.0151175
0.173739	0.00682496
0.169364	0.0173389
0.177711	0.0365098
0.174278	0.0343967
0.176984	0.0356546
0.188682	0.0417134
0.203151	0.0115647
0.202678	0.00400297
0.201182	0.0010218
0.193154	-0.0106723
0.188299	-0.00463167
0.185635	0.00529592
0.184272	0.0039851
0.184895	0.00317844
0.173841	-0.0115511
0.182848	-0.0146363
0.183141	-0.0150097
0.181551	-0.0314341
0.191081	-0.0393398
0.183983	-0.0384244
0.181991	-0.0446752
0.156165	-0.0499201
0.164606	-0.052279
0.152512	-0.0524433
0.148348	-0.0597433
0.145775	-0.0715617
0.143224	-0.073754
0.157477	-0.0742045
0.171434	-0.0887366
0.170284	-0.089667
0.168635	-0.0897185
0.168336	-0.0842439
0.169195	-0.078583
0.170366	-0.0846347
0.158643	-0.0662962
0.147645	-0.0515216
0.133992	-0.0613008
0.109836	-0.0907097
0.121931	-0.0970504
0.111669	-0.124219
0.0991937	-0.143379
0.100341	-0.137416
0.101856	-0.140931
0.115262	-0.141934
0.108827	-0.132365
0.0958605	-0.129166
0.104041	-0.142998
0.107128	-0.161869
0.0861496	-0.176448
0.0797146	-0.165075
0.0931224	-0.193067
0.0879433	-0.193368
0.0845952	-0.198191
0.0870218	-0.205866
0.0849197	-0.190709
0.0898798	-0.168654
0.0849633	-0.175014
0.0710354	-0.208522
0.0638278	-0.189227
0.0835489	-0.190209
0.0785528	-0.190353
0.0699753	-0.177194
0.0695759	-0.142239
0.0329597	-0.145768
0.0482533	-0.138738
0.0282612	-0.148269
0.0284403	-0.157642
0.0257142	-0.162495
0.00681937	-0.161005
0.00806867	-0.17872
0.0130053	-0.184315
0.00456949	-0.184441
-0.00523268	-0.183132
0.00289985	-0.215449
0.00850222	-0.194955
0.00721741	-0.194496
0.000114423	-0.188318
-0.00913624	-0.184778
0.0193827	-0.182794
0.0414239	-0.190846
0.0333141	-0.215694
0.0380229	-0.214552
0.0276349	-0.186851
0.0252443	-0.186078
0.0243916	-0.189587
0.0208702	-0.185623
-0.0079132	-0.156116
-0.00180485	-0.168364
0.00623661	-0.167925
-0.00679575	-0.177361
-0.00797846	-0.182434
-0.0062563	-0.183012
-0.00498892	-0.189078
-0.0093782	-0.188565
-0.0115239	-0.188613
-0.0153043	-0.183284
-0.00580978	-0.173326
-0.0398606	-0.184704
-0.062049	-0.191425
-0.0540065	-0.181752
-0.0454418	-0.177773
-0.0535429	-0.173442
-0.0370811	-0.175751
-0.021118	-0.175326
-0.0687432	-0.18853
-0.0699938	-0.18612
-0.0692953	-0.193761
-0.067262	-0.175444
-0.0652745	-0.171917
-0.0808642	-0.163205
-0.0765268	-0.178055
-0.0468231	-0.165635
-0.0512933	-0.165081
-0.0456288	-0.181274
-0.0331952	-0.149111
-0.0238146	-0.16887
-0.0158251	-0.145652
-0.0141109	-0.145399
-0.0166	-0.145743
-0.0200113	-0.158512
-0.0163722	-0.155847
-0.019183	-0.166498
-0.0161398	-0.161518
-0.0234794	-0.190622
0.000394833	-0.199876
0.00320837	-0.197106
-0.000219781	-0.194769
-0.00142851	-0.200208
-0.0044444	-0.197545
0.00577709	-0.177363
-0.000921941	-0.180912
0.00594412	-0.180557
0.0020358	-0.180743
-0.0175079	-0.161336
-0.0429479	-0.168675
-0.0394465	-0.154373
-0.0777814	-0.133646
-0.0860637	-0.133479
-0.0937167	-0.142609
-0.0736766	-0.141888
-0.0641817	-0.1573
-0.0678103	-0.151561
-0.0636364	-0.160681
-0.0758797	-0.174984
-0.0755397	-0.172636
-0.0836861	-0.159671
-0.0857715	-0.159133
-0.0931904	-0.173723
-0.0724783	-0.183928
-0.0682788	-0.191549
-0.0651018	-0.196804
-0.0514605	-0.173553
-0.0672746	-0.182399
-0.0906745	-0.17908
-0.0775027	-0.194055
-0.0815859	-0.18759
-0.0819282	-0.184695
-0.0756727	-0.200094
-0.0770328	-0.209914
-0.086636	-0.212086
-0.10059	-0.202981
-0.0707874	-0.188815
-0.0586561	-0.18409
-0.0530309	-0.175753
-0.0552603	-0.178382
-0.0540675	-0.177033
-0.051743	-0.180113
-0.0540892	-0.18105
-0.043532	-0.187002
-0.0533559	-0.184984
-0.0622661	-0.167636
-0.0545286	-0.159331
-0.037075	-0.169256
-0.0222221	-0.127088
-0.0186027	-0.131311
-0.00793114	-0.164191
-0.0381343	-0.139943
-0.0421912	-0.147775
-0.0325706	-0.154934
-0.0463998	-0.161009
-0.0584306	-0.163907
-0.0534137	-0.16249
-0.0455693	-0.148089
-0.0599167	-0.137945
-0.0685367	-0.126229
-0.0652291	-0.141224
-0.0711432	-0.145667
-0.0811741	-0.148756
-0.0956204	-0.152892
-0.116718	-0.175254
-0.131336	-0.177583
-0.130428	-0.169248
-0.131031	-0.174266
-0.131513	-0.182682
-0.132722	-0.171623
-0.144462	-0.178569
-0.166389	-0.168315
-0.159041	-0.177318
-0.147289	-0.172285
-0.131471	-0.160294
-0.136458	-0.159813
-0.140886	-0.153746
-0.149061	-0.146222
-0.148212	-0.151406
-0.1472	-0.148223
-0.141489	-0.144688
-0.141463	-0.139962
-0.143304	-0.139554
-0.145069	-0.110526
-0.153881	-0.101408
-0.138532	-0.0898285
-0.142395	-0.0911495
-0.137439	-0.0880302
-0.139423	-0.0751205
-0.129218	-0.0904299
-0.128636	-0.0844675
-0.143121	-0.110809
-0.146209	-0.11692
-0.141586	-0.135149
-0.142929	-0.131815
-0.153284	-0.138836
-0.153174	-0.136404
-0.155934	-0.123879
-0.159824	-0.12504
-0.136185	-0.118403
-0.14018	-0.11383
-0.125564	-0.101942
-0.131074	-0.102396
-0.154525	-0.0887114
-0.170449	-0.10404
-0.164014	-0.100418
-0.165008	-0.108755
-0.174294	-0.126384
-0.184587	-0.121312
-0.158705	-0.10772
-0.161236	-0.124137
-0.157638	-0.131024
-0.152719	-0.123594
-0.155689	-0.11216
-0.162684	-0.111462
-0.181088	-0.116788
-0.171691	-0.0922503
-0.163565	-0.0817786
-0.160391	-0.100921
-0.159152	-0.104786
-0.160811	-0.100985
-0.162499	-0.109688
-0.155838	-0.110857
-0.147932	-0.112669
-0.117453	-0.088535
-0.112124	-0.0988528
-0.115042	-0.115225
-0.110665	-0.114935
-0.118588	-0.124722
-0.120614	-0.122971
-0.1207	-0.123659
-0.113796	-0.147543
-0.126986	-0.139141
-0.137997	-0.117029
-0.128446	-0.115128
-0.134977	-0.0900383
-0.158248	-0.101874
-0.174914	-0.115637
-0.176484	-0.110358
-0.178439	-0.10746
-0.187688	-0.10454
-0.189239	-0.105832
-0.189318	-0.118139
-0.21529	-0.103677
-0.211255	-0.0984864
-0.207826	-0.105393
-0.188276	-0.117782
-0.173409	-0.123454
-0.164954	-0.131643
-0.163027	-0.132268
-0.155444	-0.129044
-0.157662	-0.145005
-0.166389	-0.135702
-0.166444	-0.131196
-0.16847	-0.114783
-0.179351	-0.119467
-0.212173	-0.11524
-0.202426	-0.15368
-0.196884	-0.140245
-0.179616	-0.12886
-0.159762	-0.127956
-0.157743	-0.126673
-0.154902	-0.124329
-0.153333	-0.114057
-0.15424	-0.120795
-0.152579	-0.119788
-0.148902	-0.111288
-0.153982	-0.115385
-0.14384	-0.113872
-0.147376	-0.111622
-0.145102	-0.101226
-0.143871	-0.111599
-0.134337	-0.124428
-0.135708	-0.124852
-0.138863	-0.127186
-0.169667	-0.136834
-0.167345	-0.133175
-0.176862	-0.151168
-0.227359	-0.154825
-0.215706	-0.14595
-0.212128	-0.103595
-0.215221	-0.111464
-0.184523	-0.105685
-0.175121	-0.095067
-0.180157	-0.104374
-0.179141	-0.102269
-0.17612	-0.108511
-0.176016	-0.118269
-0.175622	-0.115264
-0.174382	-0.112879
-0.185688	-0.102421
-0.184676	-0.0940218
-0.163302	-0.106049
-0.161039	-0.107289
-0.132541	-0.124953
-0.130274	-0.129054
-0.132732	-0.131384
-0.146281	-0.125004
-0.142951	-0.127522
-0.141248	-0.12737
-0.105619	-0.145481
-0.109293	-0.166068
-0.108872	-0.157166
-0.120815	-0.154281
-0.105102	-0.155819
-0.0865997	-0.176542
-0.0823536	-0.177587
-0.0768237	-0.177258
-0.0665625	-0.177328
-0.0833745	-0.177494
-0.0901534	-0.176633
-0.0985895	-0.183827
-0.0843802	-0.185002
-0.0830952	-0.184914
-0.0809282	-0.167506
-0.0509499	-0.168903
-0.043019	-0.157274
-0.0288315	-0.159574
-0.0233905	-0.164933
-0.036319	-0.182518
-0.0314612	-0.178634
-0.0390801	-0.188549
-0.0061892	-0.175467
-0.00519615	-0.178627
0.00857212	-0.190787
0.0243362	-0.160594
0.0276468	-0.164358
0.0355175	-0.168252
0.0035225	-0.169044
0.00601884	-0.173495
0.0121352	-0.187502
0.0138103	-0.189087
0.0174006	-0.221829
0.014689	-0.217264
0.0187345	-0.236326
0.011813	-0.223541
0.0281828	-0.228296
0.0391554	-0.21282
0.057876	-0.214874
0.0683525	-0.210144
0.092353	-0.189757
0.101268	-0.177326
0.103006	-0.173871
0.104414	-0.181509
0.131675	-0.174351
0.127395	-0.152799
0.129184	-0.153734
0.133749	-0.150599
0.141639	-0.154152
0.146461	-0.146138
0.135837	-0.149983
0.136735	-0.143922
0.134616	-0.145839
0.148757	-0.143841
0.168171	-0.146212
0.170216	-0.154224
0.155888	-0.161046
0.156703	-0.143438
0.152016	-0.137451
0.152667	-0.137026
0.154105	-0.140632
0.166635	-0.147735
0.175575	-0.126604
0.181362	-0.119836
0.200263	-0.112949
0.158655	-0.116333
0.151412	-0.0937721
0.151727	-0.0959762
0.153039	-0.0880879
0.154295	-0.0908119
0.156249	-0.0847418
0.157539	-0.0890358
0.139606	-0.0824163
0.150816	-0.107887
0.160946	-0.10965
0.16698	-0.118161
0.163868	-0.11925
0.165324	-0.115493
0.161811	-0.124625
0.154453	-0.150625
0.125925	-0.168618
0.140785	-0.158976
0.128097	-0.163896
0.123935	-0.157699
0.11878	-0.167855
0.0854659	-0.178499
0.0901953	-0.176331
0.0741534	-0.171049
0.0695055	-0.164183
0.0515619	-0.163918
0.054916	-0.170773
0.0768417	-0.196269
0.0632342	-0.171762
0.0519182	-0.173268
0.0327115	-0.155071
0.0185288	-0.179081
0.0249249	-0.168221
0.012879	-0.173746
0.0080099	-0.183294
0.0205745	-0.182269
0.00966746	-0.177454
0.0196831	-0.173428
0.018141	-0.173511
0.0129507	-0.170577
0.0185945	-0.154619
-0.00140019	-0.1487
-0.00558842	-0.149206
-0.0202256	-0.142397
-0.00386254	-0.15468
-0.00382849	-0.150942
0.0117588	-0.142949
0.00968589	-0.151607
0.00950081	-0.1623
0.00129926	-0.179649
-0.0136541	-0.172977
-0.0169821	-0.182579
-0.0239094	-0.135327
-0.0270888	-0.145215
-0.0351352	-0.139426
-0.0393659	-0.147227
-0.0401555	-0.133541
-0.036331	-0.150159
-0.0421577	-0.158836
-0.0403478	-0.15178
-0.0430699	-0.147215
-0.0450125	-0.150671
-0.0345752	-0.14536
-0.04218	-0.153465
-0.0255391	-0.162078
-0.0459908	-0.17884
-0.0485848	-0.179496
-0.0554186	-0.166983
-0.0615774	-0.170876
-0.0712168	-0.173351
-0.0757635	-0.177027
-0.0752419	-0.157526
-0.0779747	-0.158597
-0.0851364	-0.153872
-0.0874971	-0.160171
-0.0914698	-0.163529
-0.0934641	-0.165947
-0.0898833	-0.168672
-0.0805993	-0.151685
-0.127324	-0.174078
-0.130393	-0.163771
-0.130413	-0.160836
-0.106296	-0.157444
-0.113232	-0.138843
-0.0900086	-0.124254
-0.0942789	-0.12995
-0.118906	-0.166058
-0.119177	-0.169969
-0.117108	-0.169516
-0.139728	-0.188699
-0.136815	-0.182201
-0.13815	-0.152068
-0.13692	-0.154093
-0.152423	-0.15852
-0.120796	-0.142326
-0.117726	-0.14108
-0.120201	-0.141695
-0.104792	-0.147835
-0.091603	-0.14296
-0.0606818	-0.157404
-0.0768468	-0.187119
-0.080197	-0.189386
-0.0989956	-0.188187
-0.123133	-0.192041
-0.103615	-0.2111
-0.090959	-0.19808
-0.0857337	-0.19125
-0.0816232	-0.188572
-0.0708909	-0.193897
-0.0806147	-0.186915
-0.0837667	-0.193527
-0.090007	-0.192061
-0.0870579	-0.189112
-0.0749825	-0.20424
-0.0626709	-0.153943
-0.077547	-0.150821
-0.0965639	-0.152464
-0.0977915	-0.149992
-0.0872412	-0.187247
-0.0809667	-0.211418
-0.0422125	-0.20691
-0.0332308	-0.214604
-0.0355708	-0.195926
-0.0313533	-0.194598
-0.0289123	-0.191881
-0.0267507	-0.16875
-0.0263516	-0.171575
-0.0344187	-0.161526
-0.0339343	-0.16544
-0.0300984	-0.168894
-0.0465328	-0.176492
-0.0679626	-0.213947
-0.0367101	-0.224269
-0.0183834	-0.209171
-0.00024562	-0.214298
-0.0250673	-0.207142
-0.0110218	-0.211467
0.000719481	-0.215266
0.000632029	-0.225551
0.00265372	-0.22041
-0.00274494	-0.21881
-0.0143348	-0.190352
-0.0133291	-0.20197
-0.00708138	-0.199199
0.0115227	-0.204042
0.0526462	-0.208685
0.0517769	-0.199421
0.0606491	-0.201446
0.0494064	-0.200846
0.052724	-0.197564
0.0754752	-0.188368
0.0826526	-0.174573
0.085704	-0.171773
0.0944074	-0.200593
0.0828352	-0.177212
0.0564053	-0.165163
0.0626083	-0.168183
0.0652333	-0.165216
0.0644819	-0.172366
0.0738644	-0.16692
0.0689591	-0.171569
0.0450346	-0.147149
0.057254	-0.150516
0.054414	-0.173908
0.046482	-0.16165
0.0497982	-0.169595
0.056326	-0.170001
0.0405978	-0.169268
0.051842	-0.172279
0.052737	-0.174385
0.0272247	-0.161849
0.0246216	-0.178381
0.0131434	-0.183336
-0.0120049	-0.182083
-0.00686758	-0.184778
-0.00458244	-0.185922
-0.00294318	-0.187795
0.00641384	-0.183642
0.0105862	-0.201145
0.0443224	-0.207793
0.0466833	-0.204086
0.0495379	-0.200022
0.061891	-0.182796
0.0579048	-0.181647
0.0714303	-0.1938
0.0645641	-0.203628
0.0503342	-0.192613
0.0543574	-0.186308
0.0246281	-0.168904
0.0194803	-0.158756
0.0178141	-0.171128
0.00494611	-0.169202
-0.0112195	-0.172165
-0.0244004	-0.212746
-0.0189162	-0.247117
-0.0182476	-0.220716
-0.019638	-0.25315
-0.0207518	-0.241017
-0.0234598	-0.232491
-0.0276622	-0.235995
-0.0212898	-0.211838
-0.0235047	-0.213914
-0.0450163	-0.214334
-0.0437586	-0.213098
-0.0452061	-0.20867
-0.0632907	-0.200171
-0.0605317	-0.202593
-0.0467619	-0.189107
-0.030452	-0.193229
-0.0324451	-0.185494
-0.0315108	-0.198059
-0.0315748	-0.198096
-0.0281419	-0.198036
-0.0294566	-0.19596
-0.0323547	-0.190448
-0.0292962	-0.184668
-0.0276446	-0.198878
-0.0142397	-0.197931
0.00274657	-0.189545
0.0200094	-0.195027
0.0272529	-0.195096
0.0293788	-0.190323
0.018066	-0.207321
0.0214673	-0.202859
0.028174	-0.192045
-0.00494878	-0.195939
0.00542387	-0.192711
0.00881249	-0.192403
0.0159449	-0.194019
0.0142055	-0.186564
0.0101808	-0.188896
0.0119349	-0.188598
0.00704365	-0.200142
0.0069719	-0.193211
-0.0305864	-0.220088
-0.0267688	-0.215666
-0.0248695	-0.218183
-0.0170147	-0.198713
-0.0118929	-0.203295
-0.0398924	-0.194972
-0.0266826	-0.186302
-0.0186447	-0.211508
-0.0126788	-0.208041
-0.0174029	-0.205848
-0.0149425	-0.203476
-0.0114284	-0.201462
0.00991635	-0.209007
0.0390967	-0.206379
0.0452698	-0.190934
0.047521	-0.210006
0.0386606	-0.214035
0.0412723	-0.206699
0.0423464	-0.186024
0.0536339	-0.198698
0.0528597	-0.210583
0.0682389	-0.215482
0.0691225	-0.209713
0.0745226	-0.196778
0.0649262	-0.180108
0.0666794	-0.174609
0.0646713	-0.175214
0.06078	-0.168632
0.0577137	-0.153702
0.0576574	-0.156469
0.0497466	-0.175604
0.0448244	-0.152359
0.0459321	-0.13161
0.0386331	-0.14424
0.0378659	-0.151299
0.0387493	-0.163891
0.0402625	-0.152253
0.0183383	-0.122549
0.0165168	-0.114693
-0.0016345	-0.128331
-0.0104458	-0.130048
-0.0258788	-0.143731
-0.030753	-0.154557
-0.0338442	-0.150639
-0.0444963	-0.161967
-0.0283831	-0.16114
-0.0285075	-0.151476
-0.0321053	-0.15718
-0.0340801	-0.178163
-0.0426734	-0.182145
-0.0486056	-0.176998
-0.0678561	-0.177179
-0.0555645	-0.172906
-0.0524106	-0.179869
-0.0430623	-0.180954
-0.0464936	-0.219184
-0.0404171	-0.21991
-0.0379381	-0.212205
-0.0630043	-0.228923
-0.063076	-0.228398
-0.0539156	-0.217384
-0.0476855	-0.201639
-0.0296334	-0.198495
-0.0229702	-0.180557
-0.0227054	-0.178066
-0.0161684	-0.195781
0.00297863	-0.20792
0.0119308	-0.233748
0.0153936	-0.228152
0.0158359	-0.221996
0.00795188	-0.230975
-0.000902062	-0.217617
0.00621914	-0.241307
-0.0346692	-0.235215
-0.02016	-0.21728
-0.0192113	-0.20574
-0.018219	-0.201609
-0.0058867	-0.193507
-0.00790589	-0.206046
-0.00878877	-0.212448
-0.00848368	-0.201511
-0.00932969	-0.19906
-0.00342221	-0.204966
-0.00421444	-0.20292
-0.00151085	-0.202866
-0.00325589	-0.207982
0.000422159	-0.208337
0.00163304	-0.199061
0.00560893	-0.198979
0.00019196	-0.222407
0.00348113	-0.217271
0.0104864	-0.232961
0.0300972	-0.205534
0.0328453	-0.202682
0.0305593	-0.17508
0.0109682	-0.168721
-0.00885907	-0.155525
-0.00751202	-0.165668
-0.00632376	-0.162709
-0.0153508	-0.184
-0.0149024	-0.195829
-0.0118592	-0.193499
-0.0250054	-0.190555
-0.0284197	-0.184678
-0.0443801	-0.223006
-0.0565208	-0.226198
-0.0136063	-0.244258
-0.00766105	-0.227472
-0.00428432	-0.221115
0.00327697	-0.217116
0.00651458	-0.211367
0.0122074	-0.204305
0.0152593	-0.217279
0.0152262	-0.212508
0.0166469	-0.207996
0.0386835	-0.172349
0.0632047	-0.182622
0.0876579	-0.157687
0.0976675	-0.162507
0.0874008	-0.154271
0.0819264	-0.168994
0.0782438	-0.15969
0.0885929	-0.162209
0.0896934	-0.155435
0.080787	-0.15414
0.0753092	-0.156797
0.0678559	-0.161519
0.0605616	-0.154093
0.0757295	-0.172128
0.0781406	-0.153947
0.0640936	-0.175939
0.0631263	-0.180664
0.0569312	-0.183089
0.0492644	-0.174316
0.0586438	-0.173041
0.0731146	-0.178314
0.0659008	-0.187402
0.058644	-0.18836
0.0574728	-0.18532
0.0553673	-0.193193
0.0541306	-0.192476
0.0542913	-0.200402
0.0798148	-0.187274
0.0761898	-0.187184
0.0726793	-0.187294
0.0886977	-0.154946
0.0597308	-0.173105
0.0530367	-0.165676
0.0415502	-0.173471
0.0398222	-0.18062
0.0419571	-0.192455
0.0386116	-0.192051
0.0327015	-0.200056
0.0465588	-0.198057
0.0398607	-0.190503
0.0333312	-0.173271
0.0346761	-0.167926
0.0170129	-0.191236
0.0151921	-0.189129
0.00303159	-0.175888
0.00332469	-0.180764
0.00106586	-0.190956
0.00612074	-0.190078
0.00575781	-0.202677
0.000962406	-0.197961
0.0136099	-0.215628
0.0159973	-0.187196
0.0043005	-0.183862
0.00212042	-0.185668
-0.0054595	-0.188153
-0.0115197	-0.193895
-0.0142048	-0.19096
-2.22324e-05	-0.189935
-0.0114921	-0.182504
0.00143746	-0.183329
-0.0233166	-0.189836
-0.0256326	-0.194671
-0.0116159	-0.180576
-0.011352	-0.177876
-0.0260002	-0.177682
-0.0289993	-0.178751
-0.0371761	-0.180455
-0.0468494	-0.186885
-0.0484753	-0.19698
-0.04003	-0.212754
-0.0439814	-0.223544
-0.0458317	-0.233331
-0.0579917	-0.233517
-0.0584774	-0.232272
-0.0635406	-0.237246
-0.0553873	-0.220971
-0.0660204	-0.221277
-0.0800026	-0.230797
-0.0817606	-0.226251
-0.0814355	-0.203948
-0.067023	-0.217643
-0.0675319	-0.211371
-0.0703113	-0.202993
-0.0709355	-0.199315
-0.0818466	-0.179176
-0.0824604	-0.18586
-0.0717765	-0.18895
-0.104305	-0.201327
-0.0991167	-0.189766
-0.0977466	-0.190767
-0.120028	-0.197501
-0.111046	-0.189943
-0.105988	-0.199738
-0.0985874	-0.195186
-0.103954	-0.206293
-0.0893813	-0.186254
-0.0914631	-0.186339
-0.091477	-0.196933
-0.0815299	-0.190589
-0.0824604	-0.183835
-0.0772022	-0.193705
-0.0614418	-0.204365
-0.0572931	-0.223109
-0.0523601	-0.221525
-0.042783	-0.207789
-0.035765	-0.205382
-0.0351581	-0.197618
-0.0482918	-0.196216
-0.0441006	-0.196322
-0.0682065	-0.18794
-0.0574945	-0.191711
-0.0621238	-0.186579
-0.0606548	-0.174088
-0.0453534	-0.16598
-0.0755436	-0.192945
-0.0384644	-0.172191
-0.0139743	-0.183794
0.00277876	-0.189238
0.017503	-0.176435
0.0374081	-0.176833
0.0383163	-0.178645
0.0441327	-0.173744
0.0401212	-0.174291
0.0427821	-0.179175
0.05907	-0.17042
0.0659027	-0.16498
0.0617815	-0.168408
0.073742	-0.147982
0.0774075	-0.149777
0.0821196	-0.14952
0.0893873	-0.162121
0.0895023	-0.174548
0.0936103	-0.175825
0.0796683	-0.161866
0.0967489	-0.16726
0.0984354	-0.171347
0.0835025	-0.157873
0.0814481	-0.159999
0.0628001	-0.164211
0.0658503	-0.136836
0.0505344	-0.144115
0.0767061	-0.131832
0.0823134	-0.134574
0.0841143	-0.149492
0.0878722	-0.172047
0.0660648	-0.170589
0.0821164	-0.174551
0.0508544	-0.176618
0.041647	-0.175833
0.0482915	-0.168545
0.0580211	-0.163092
0.0545935	-0.16902
0.054962	-0.151383
0.05736	-0.139293
0.0840018	-0.155683
0.0559577	-0.142228
0.0591632	-0.141605
0.0608588	-0.140829
0.0875884	-0.164352
0.0861432	-0.155325
0.082438	-0.153365
0.0735844	-0.153437
0.0717491	-0.144889
0.0643521	-0.164819
0.042517	-0.158955
0.0393401	-0.147812
0.0431999	-0.157523
0.0445259	-0.153322
0.0228777	-0.168473
0.0277841	-0.168322
0.025181	-0.176109
0.0223861	-0.177433
0.0212565	-0.181538
0.0205697	-0.193445
0.0164285	-0.190918
0.019911	-0.187306
0.0167925	-0.178856
-0.00733247	-0.207798
-0.00175086	-0.236702
-0.00326631	-0.222833
-0.0253976	-0.225826
-0.0192424	-0.225207
-0.0196198	-0.223818
-0.0217052	-0.232087
-0.040032	-0.235144
-0.0412057	-0.235236
-0.041105	-0.213979
-0.0226003	-0.217601
-0.0435508	-0.206265
-0.0455042	-0.204307
-0.0523291	-0.19773
-0.0528676	-0.204402
-0.0567647	-0.19089
-0.0623792	-0.194907
-0.0599117	-0.189544
-0.0636497	-0.186534
-0.0620776	-0.186234
-0.0659314	-0.174336
-0.0599208	-0.174967
-0.0684863	-0.13752
-0.0791708	-0.137405
-0.085087	-0.132173
-0.0779954	-0.133469
-0.0745037	-0.133163
-0.0809788	-0.145812
-0.0939411	-0.127808
-0.098995	-0.1337
-0.100789	-0.134592
-0.0970118	-0.124839
-0.101885	-0.138464
-0.0885536	-0.153124
-0.0969629	-0.156574
-0.113273	-0.163606
-0.117457	-0.133581
-0.132365	-0.156484
-0.111002	-0.166771
-0.115412	-0.165185
-0.110587	-0.162376
-0.0922923	-0.167179
-0.0821671	-0.168419
-0.0822457	-0.165793
-0.073761	-0.163557
-0.054509	-0.166005
-0.0536787	-0.166875
-0.0425955	-0.169418
-0.0164338	-0.191799
-0.0124993	-0.191534
-0.00695645	-0.189563
-0.00709621	-0.178337
-0.0196055	-0.184769
-0.0205058	-0.19001
-0.0238038	-0.204543
-0.0214641	-0.202774
-0.0150273	-0.214019
-0.0095102	-0.213253
-0.000508371	-0.207658
0.00416676	-0.201961
0.00988587	-0.197442
0.00876104	-0.181838
0.0334527	-0.177759
0.0367707	-0.18521
0.0396481	-0.178173
0.0225111	-0.175027
0.0153696	-0.191582
0.0393772	-0.182731
0.0421008	-0.182927
0.0446441	-0.18177
0.0342991	-0.167463
0.0313243	-0.188419
0.0433535	-0.196366
0.0548381	-0.186419
0.0576199	-0.185377
0.0621187	-0.19725
0.0821729	-0.193901
0.0842348	-0.188654
0.0988441	-0.185567
0.114861	-0.190257
0.117669	-0.192738
0.128226	-0.188649
0.127096	-0.203599
0.1171	-0.194891
0.111997	-0.194186
0.133386	-0.189689
0.139616	-0.163399
0.121556	-0.126473
0.124727	-0.121451
0.12134	-0.146285
0.120354	-0.153905
0.115672	-0.154825
0.113643	-0.156623
0.0986381	-0.128714
0.0872185	-0.103481
0.0911278	-0.112914
0.106318	-0.101865
0.108054	-0.105086
0.107265	-0.0985476
0.102893	-0.107456
0.0956601	-0.116742
0.0895992	-0.119103
0.0816193	-0.120756
0.0874572	-0.113666
0.0906853	-0.120585
0.0470105	-0.116881
0.0632056	-0.107451
0.0494924	-0.112887
0.078986	-0.147628
0.0741471	-0.153504
0.0626214	-0.164135
0.0601005	-0.167983
0.0743131	-0.172568
0.0713474	-0.154965
0.0731915	-0.176891
0.0705084	-0.175591
0.0574055	-0.179748
0.0549712	-0.180508
0.053719	-0.182234
0.0449371	-0.170848
0.0107713	-0.152005
0.00297855	-0.136326
0.0163428	-0.130158
0.0168635	-0.159055
0.0126911	-0.167148
0.0103947	-0.156128
0.00961006	-0.162466
0.00672289	-0.16671
0.0168241	-0.182363
0.00190607	-0.179342
-0.0026857	-0.181757
-0.00523599	-0.184329
-0.0314895	-0.179186
-0.032442	-0.189529
-0.0488151	-0.192678
-0.0524094	-0.213961
-0.0349673	-0.212016
-0.0528815	-0.201635
-0.0467305	-0.203745
-0.0750578	-0.186198
-0.0757157	-0.189894
-0.0770506	-0.187038
-0.0776985	-0.207132
-0.0897057	-0.181134
-0.091174	-0.163524
-0.0884845	-0.143429
-0.0964097	-0.178024
-0.0746181	-0.16991
-0.0868347	-0.16259
-0.0995812	-0.14403
-0.115117	-0.143978
-0.0850967	-0.133241
-0.0751163	-0.121933
-0.103032	-0.137959
-0.10469	-0.151716
-0.0919464	-0.129717
-0.085625	-0.142923
-0.0793732	-0.154142
-0.0763512	-0.153889
-0.0792185	-0.142908
-0.0965624	-0.142766
-0.103073	-0.162494
-0.128843	-0.15173
-0.120762	-0.142132
-0.131662	-0.144313
-0.121129	-0.144217
-0.126786	-0.139043
-0.13062	-0.139526
-0.126265	-0.140513
-0.13531	-0.141509
-0.134486	-0.143731
-0.151578	-0.139597
-0.169863	-0.160257
-0.166108	-0.15641
-0.148581	-0.134104
-0.138377	-0.143807
-0.141327	-0.157283
-0.144774	-0.1658
-0.15303	-0.146594
-0.148995	-0.139202
-0.156704	-0.130471
-0.152493	-0.129658
-0.14524	-0.139658
-0.162691	-0.146453
-0.131298	-0.134764
-0.128811	-0.139084
-0.136679	-0.157889
-0.140079	-0.163698
-0.13107	-0.164158
-0.122649	-0.158225
-0.0994563	-0.152039
-0.114344	-0.138166
-0.112856	-0.144318
-0.110212	-0.146836
-0.148499	-0.137266
-0.144408	-0.134058
-0.161391	-0.146499
-0.160045	-0.158121
-0.165612	-0.141793
-0.152279	-0.157891
-0.142379	-0.149967
-0.136571	-0.140874
-0.148327	-0.123196
-0.139964	-0.125205
-0.155562	-0.140493
-0.152534	-0.136468
-0.128118	-0.124221
-0.140708	-0.150778
-0.131211	-0.143646
-0.125664	-0.144604
-0.106092	-0.156418
-0.0909187	-0.156606
-0.0942167	-0.15855
-0.0948382	-0.163858
-0.103273	-0.161347
-0.0828837	-0.158807
-0.0715671	-0.155299
-0.0495105	-0.146349
-0.0461238	-0.186887
-0.048742	-0.187412
-0.0514702	-0.175315
-0.0361787	-0.161605
-0.0453887	-0.175218
-0.0577949	-0.188793
-0.0665812	-0.197239
-0.0562313	-0.171975
-0.044962	-0.191153
-0.0404975	-0.194814
-0.0431072	-0.202616
-0.0404363	-0.201175
-0.0476174	-0.201897
-0.0375835	-0.188358
-0.0200775	-0.196468
-0.0159675	-0.193119
-0.000801704	-0.197672
0.0015052	-0.203015
0.00477682	-0.196343
0.0110095	-0.195751
0.00357391	-0.208584
0.00615053	-0.205636
0.0134591	-0.204175
0.0217832	-0.193999
0.0252918	-0.192307
0.0260311	-0.190443
0.0230818	-0.193238
0.0178334	-0.19496
0.0153702	-0.203025
0.0174627	-0.198984
0.0257301	-0.191493
0.0418414	-0.181895
0.0734026	-0.183034
0.075852	-0.180974
0.0893125	-0.216771
0.0899599	-0.211885
0.0615049	-0.217475
0.0532058	-0.195371
0.0696032	-0.19984
0.0632406	-0.198777
0.0606484	-0.199729
0.0471248	-0.217358
0.0531226	-0.22914
0.0552758	-0.221735
0.0752927	-0.213184
0.0755479	-0.208801
0.0862574	-0.191595
0.0875089	-0.187866
0.108167	-0.184276
0.100599	-0.14489
0.107267	-0.136745
0.114612	-0.12954
0.119024	-0.131583
0.107458	-0.15325
0.110018	-0.158006
0.111141	-0.14286
0.124311	-0.138753
0.130767	-0.133881
0.134043	-0.134661
0.146334	-0.130878
0.166026	-0.148034
0.186339	-0.154616
0.181786	-0.151733
0.150228	-0.13869
0.1503	-0.135699
0.148807	-0.126806
0.141119	-0.11954
0.106696	-0.109234
0.111905	-0.111012
0.114555	-0.111616
0.120998	-0.114848
0.128185	-0.118936
0.139545	-0.127098
0.131594	-0.131335
0.134116	-0.130994
0.118812	-0.121952
0.129487	-0.109532
0.134479	-0.112677
0.138017	-0.126245
0.147474	-0.118055
0.152214	-0.11741
0.158365	-0.118792
0.154451	-0.143048
0.147741	-0.137907
0.14501	-0.135532
0.135014	-0.139185
0.12664	-0.129172
0.135133	-0.111872
0.140681	-0.111532
0.165104	-0.139312
0.159737	-0.144589
0.134484	-0.167615
0.122316	-0.170222
0.116332	-0.169507
0.115573	-0.173044
0.124877	-0.176341
0.121663	-0.176436
0.128031	-0.166438
0.142883	-0.164425
0.128442	-0.163375
0.109811	-0.193855
0.100093	-0.180352
0.112554	-0.198707
0.123959	-0.199968
0.0839219	-0.218028
0.0803392	-0.218076
0.0747102	-0.24537
0.102378	-0.225319
0.113878	-0.22221
0.105414	-0.214248
0.103682	-0.201718
0.0818514	-0.217439
0.08689	-0.216872
0.0671202	-0.215751
0.0555662	-0.205099
0.0443238	-0.204594
0.0480891	-0.214178
0.0790152	-0.190815
0.0757512	-0.186869
0.0827065	-0.207066
0.0682096	-0.202817
0.0354235	-0.220016
0.0299194	-0.212846
0.0181457	-0.220837
0.00195325	-0.254074
-0.00259759	-0.238405
0.00206316	-0.223267
0.000146207	-0.209037
0.0114051	-0.224625
0.0189055	-0.201308
0.00619971	-0.197077
-0.00220724	-0.191057
0.0119755	-0.199323
-7.18615e-05	-0.198961
-0.0057931	-0.204909
-0.00250092	-0.198731
-0.0133046	-0.19679
-0.00970684	-0.189106
-0.0178444	-0.198172
-0.0328746	-0.201741
-0.0273122	-0.193712
-0.0332028	-0.20241
-0.0194896	-0.196875
-0.0173778	-0.199094
-0.0172272	-0.194277
-0.0148064	-0.200166
-0.022241	-0.205617
-0.033014	-0.182007
-0.0301304	-0.209688
-0.0310082	-0.181326
-0.0205121	-0.161214
-0.0259367	-0.167184
-0.0328461	-0.173677
-0.0271101	-0.163289
-0.0280412	-0.164868
-0.0256998	-0.166109
-0.0228618	-0.164912
-0.0403399	-0.184702
-0.0492242	-0.185479
-0.0476627	-0.183294
-0.0433764	-0.187105
-0.0464224	-0.173334
-0.0980506	-0.155264
-0.123007	-0.168798
-0.142638	-0.158201
-0.144078	-0.135164
-0.144697	-0.133894
-0.150022	-0.131511
-0.151179	-0.146648
-0.154373	-0.133339
-0.168924	-0.13701
-0.156404	-0.114896
-0.150341	-0.134329
-0.148957	-0.134744
-0.159342	-0.10246
-0.162447	-0.111341
-0.158497	-0.116594
-0.164106	-0.109698
-0.167616	-0.117802
-0.162023	-0.116378
-0.123578	-0.113992
-0.124656	-0.117579
-0.138706	-0.146819
-0.129413	-0.13534
-0.12733	-0.131552
-0.132609	-0.147662
-0.136487	-0.146177
-0.149502	-0.165196
-0.144808	-0.162288
-0.160975	-0.146157
-0.164407	-0.130536
-0.164886	-0.137967
-0.158185	-0.132261
-0.146586	-0.128332
-0.137943	-0.1445
-0.140388	-0.156923
-0.118231	-0.166867
-0.09596	-0.169225
-0.0850058	-0.180779
-0.091368	-0.186397
-0.085206	-0.19211
-0.0776821	-0.188509
-0.0702743	-0.194881
-0.0658022	-0.202715
-0.0605828	-0.198463
-0.0541939	-0.194194
-0.0542465	-0.198013
-0.0875531	-0.174576
-0.0830959	-0.170038
-0.0664727	-0.171656
-0.0538717	-0.182563
-0.0632919	-0.17748
-0.06918	-0.18109
-0.107763	-0.152285
-0.105244	-0.153308
-0.10074	-0.14189
-0.098238	-0.150231
-0.101372	-0.154361
-0.102542	-0.149903
-0.0843449	-0.169539
-0.0987938	-0.165833
-0.0943627	-0.173339
-0.0902966	-0.173394
-0.0842197	-0.208024
-0.0796207	-0.203339
-0.0736442	-0.188835
-0.0698151	-0.187827
-0.056959	-0.174518
-0.0525477	-0.183989
-0.0777657	-0.188262
-0.058212	-0.183599
-0.0549022	-0.198562
-0.0584458	-0.200711
-0.0521514	-0.214596
-0.0280085	-0.205715
-0.0313293	-0.21221
-0.0461815	-0.218217
-0.0448326	-0.210873
-0.0372793	-0.20749
-0.0291566	-0.221113
-0.0166523	-0.185796
-0.0127333	-0.185426
-0.00345129	-0.190466
0.000582333	-0.195006
-0.0126242	-0.196103
-0.0142737	-0.196713
-0.0163987	-0.210118
-0.0129355	-0.209735
-0.000572764	-0.214006
0.000923294	-0.21175
0.000323062	-0.198552
0.0124214	-0.199942
0.0412799	-0.201473
0.0411934	-0.191236
0.0401243	-0.189808
0.0773418	-0.202105
0.0818569	-0.199305
0.0764724	-0.199576
0.0767205	-0.195749
0.0779944	-0.192067
0.0885792	-0.174782
0.104065	-0.167918
0.109028	-0.162838
0.115022	-0.15969
0.0940809	-0.140622
0.0970888	-0.141211
0.116232	-0.149942
0.11387	-0.157611
0.105925	-0.163662
0.108467	-0.163084
0.127665	-0.161162
0.125963	-0.1649
0.118857	-0.163061
0.150151	-0.137481
0.152143	-0.131557
0.152339	-0.126414
0.149561	-0.129366
0.146809	-0.129853
0.14611	-0.129151
0.167306	-0.151962
0.154461	-0.153182
0.153725	-0.150825
0.163718	-0.121547
0.161736	-0.119827
0.164127	-0.120385
0.173171	-0.116001
0.169688	-0.125352
0.170442	-0.105356
0.173948	-0.11008
0.178999	-0.0959267
0.186897	-0.100073
0.190648	-0.110105
0.19172	-0.106024
0.199458	-0.101996
0.194767	-0.107508
0.191986	-0.105478
0.178911	-0.108418
0.176124	-0.109169
0.173891	-0.112122
0.174759	-0.111553
0.147702	-0.149713
0.130755	-0.16036
0.126887	-0.159274
0.143968	-0.143158
0.146927	-0.1763
0.144885	-0.173001
0.143132	-0.173654
0.14655	-0.181348
0.13962	-0.177542
0.148499	-0.16172
0.158876	-0.157286
0.159095	-0.150085
0.133021	-0.147953
0.128595	-0.162218
0.126715	-0.159196
0.127594	-0.165133
0.12729	-0.167283
0.127511	-0.186585
0.1265	-0.172676
0.12693	-0.160634
0.128521	-0.141304
0.127342	-0.14102
0.127683	-0.152323
0.132053	-0.133801
0.133042	-0.106271
0.12493	-0.100572
0.117882	-0.0802938
0.134098	-0.0958642
0.129056	-0.0842109
0.134825	-0.0896474
0.15051	-0.107642
0.142168	-0.111748
0.12808	-0.114209
0.123201	-0.119774
0.119256	-0.114896
0.125678	-0.13135
0.119817	-0.135699
0.120322	-0.131851
0.137883	-0.152221
0.122114	-0.148678
0.127649	-0.146951
0.12664	-0.140656
0.136804	-0.125574
0.134303	-0.131594
0.135167	-0.131668
0.126513	-0.11738
0.117614	-0.123895
0.120945	-0.123813
0.122769	-0.126031
0.116007	-0.136875
0.112538	-0.154823
0.126341	-0.157018
0.114576	-0.159255
0.0928131	-0.165423
0.114276	-0.16824
0.107267	-0.148131
0.117331	-0.155673
0.118872	-0.153629
0.0963937	-0.137779
0.0965391	-0.123741
0.103279	-0.0879501
0.110979	-0.0697645
0.112357	-0.0660827
0.12078	-0.0722505
0.122683	-0.0839857
0.158474	-0.0741206
0.179582	-0.068247
0.171494	-0.0578599
0.179793	-0.0658819
0.181711	-0.0606768
0.166508	-0.0747361
0.16095	-0.0887409
0.162007	-0.0963684
0.161419	-0.0842778
0.168705	-0.0869397
0.186229	-0.102421
0.156296	-0.097943
0.159074	-0.104115
0.171692	-0.119697
0.149563	-0.124707
0.142954	-0.124239
0.127149	-0.121068
0.120609	-0.108132
0.123584	-0.103703
0.125318	-0.107861
0.138568	-0.0927344
0.134017	-0.0946806
0.135081	-0.0972972
0.144694	-0.107349
0.140801	-0.117676
0.135971	-0.134477
0.127063	-0.131154
0.139795	-0.120004
0.150813	-0.106689
0.152795	-0.105261
0.159851	-0.12501
0.136684	-0.130379
0.143225	-0.128882
0.148109	-0.141643
0.159073	-0.143027
0.155929	-0.142443
0.142892	-0.161836
0.152487	-0.15328
0.153387	-0.157679
0.149144	-0.166463
0.146462	-0.171716
0.124618	-0.185848
0.119223	-0.171202
0.120047	-0.196449
0.12076	-0.211634
0.123942	-0.205146
0.0949179	-0.199609
0.0967853	-0.215082
0.097132	-0.202867
0.0795709	-0.212682
0.0922102	-0.218303
0.0858948	-0.222042
0.0755084	-0.196461
0.0591505	-0.190956
0.0381221	-0.168693
0.0364251	-0.170005
0.0164232	-0.16047
0.024502	-0.158729
0.0200836	-0.162771
0.0219211	-0.162944
0.0176292	-0.168616
0.0209167	-0.174913
0.0242771	-0.174389
0.0181326	-0.17922
-0.000238271	-0.184077
-0.0122114	-0.182074
-0.0178606	-0.160245
-0.0198654	-0.15735
-0.0211003	-0.159583
-0.00991316	-0.17046
-0.0108491	-0.173924
-0.0111647	-0.17208
-0.0160835	-0.166827
-0.0200671	-0.169692
0.0124669	-0.181862
-0.00208553	-0.204021
-0.0116358	-0.203614
-0.0134825	-0.208397
-0.0158041	-0.171513
-0.026889	-0.178785
-0.0251039	-0.183647
-0.0289803	-0.176088
-0.0355262	-0.167531
-0.0359238	-0.171261
-0.039366	-0.163657
-0.0547733	-0.176008
-0.0586916	-0.179549
-0.0673502	-0.185113
-0.079151	-0.178885
-0.0681952	-0.184447
-0.0545944	-0.20575
-0.0581748	-0.202008
-0.0584362	-0.197829
-0.0603157	-0.196392
-0.0604895	-0.192155
-0.0481021	-0.174887
-0.0286743	-0.157002
-0.0322549	-0.151711
-0.0222418	-0.171273
-0.0439024	-0.159808
-0.0636236	-0.185531
-0.0630842	-0.172676
-0.061526	-0.175839
-0.0625582	-0.161088
-0.0781935	-0.175581
-0.0791226	-0.181624
-0.0807224	-0.179872
-0.0688266	-0.183542
-0.0677892	-0.184213
-0.078742	-0.192458
-0.0904579	-0.181473
-0.12136	-0.169869
-0.141049	-0.162871
-0.147632	-0.184364
-0.154695	-0.172554
-0.17345	-0.17158
-0.176594	-0.162646
-0.165998	-0.142735
-0.165672	-0.142917
-0.17851	-0.164019
-0.180169	-0.156393
-0.167891	-0.168744
-0.172297	-0.162197
-0.169357	-0.158835
-0.15948	-0.17451
-0.149428	-0.173346
-0.188229	-0.169441
-0.182676	-0.154876
-0.146411	-0.138283
-0.126761	-0.156833
-0.129631	-0.166726
-0.137491	-0.165935
-0.138631	-0.163988
-0.132877	-0.144676
-0.117597	-0.143405
-0.121601	-0.145016
-0.110542	-0.150794
-0.124685	-0.183574
-0.113289	-0.169988
-0.117279	-0.16158
-0.122114	-0.154429
-0.13326	-0.173875
-0.131571	-0.166167
-0.140115	-0.151145
-0.137042	-0.143501
-0.140941	-0.158621
-0.128796	-0.145569
-0.132557	-0.146988
-0.138688	-0.120972
-0.1484	-0.116187
-0.143525	-0.112258
-0.142902	-0.110858
-0.15393	-0.0889327
-0.173393	-0.0576445
-0.175712	-0.0575706
-0.160139	-0.0601861
-0.169154	-0.0527988
-0.171675	-0.0578779
-0.168194	-0.0631119
-0.146679	-0.0834071
-0.15988	-0.089822
-0.158137	-0.0746489
-0.151466	-0.0729812
-0.159823	-0.0643185
-0.163965	-0.0647343
-0.180258	-0.0687166
-0.18175	-0.0641893
-0.183139	-0.0544947
-0.177894	-0.0823202
-0.181257	-0.0838613
-0.175032	-0.0668465
-0.176844	-0.066588
-0.174207	-0.0635731
-0.171977	-0.0763005
-0.184605	-0.0500257
-0.197549	-0.0439141
-0.199019	-0.0612563
-0.222988	-0.0485237
-0.235816	-0.0357897
-0.229634	-0.0375038
-0.225673	-0.0357333
-0.216563	-0.0382012
-0.207683	-0.0440979
-0.196513	-0.0502716
-0.195737	-0.0493007
-0.217858	-0.0252525
-0.214121	-0.0244102
-0.2205	-0.0195271
-0.223756	-0.00840287
-0.208148	-0.0149652
-0.220702	-0.0107931
-0.216897	-0.0125427
-0.246609	-0.000499315
-0.237405	-0.000566335
-0.236357	-0.0122032
-0.216136	-0.0102242
-0.223697	-0.017204
-0.214084	-0.0144982
-0.22599	-0.0115351
-0.250514	-0.0281988
-0.241356	-0.0364837
-0.234993	-0.0437872
-0.228759	-0.0339467
-0.221621	-0.0375332
-0.191763	-0.0538424
-0.183593	-0.0564741
-0.181063	-0.0564991
-0.153948	-0.0646759
-0.127548	-0.0775024
-0.132928	-0.0838718
-0.133418	-0.0957734
-0.13942	-0.104256
-0.135595	-0.115093
-0.142672	-0.106861
-0.150799	-0.11801
-0.142658	-0.121066
-0.146317	-0.13177
-0.145073	-0.131866
-0.163467	-0.136367
-0.165949	-0.136003
-0.162936	-0.140389
-0.156164	-0.14011
-0.158409	-0.157016
-0.145547	-0.15609
-0.138219	-0.15521
-0.14271	-0.140027
-0.141396	-0.139497
-0.11988	-0.166962
-0.1096	-0.155551
-0.104075	-0.161618
-0.10094	-0.162605
-0.0922807	-0.165802
-0.0907427	-0.169775
-0.0969028	-0.184133
-0.0925602	-0.1826
-0.0901452	-0.177237
-0.0952127	-0.164974
-0.0907067	-0.167326
-0.1135	-0.168643
-0.0913566	-0.159579
-0.109674	-0.143256
-0.128172	-0.142113
-0.0862548	-0.175349
-0.071648	-0.173646
-0.061688	-0.170576
-0.0684858	-0.182046
-0.0706576	-0.205303
-0.0734065	-0.20357
-0.0589134	-0.172431
-0.0349012	-0.148437
-0.0368767	-0.151022
-0.0509614	-0.150534
-0.0588219	-0.160444
-0.0543278	-0.164728
-0.0534703	-0.16771
-0.0696676	-0.172385
-0.0670482	-0.175372
-0.0711376	-0.175593
-0.0723931	-0.178139
-0.0833841	-0.170027
-0.0821488	-0.171712
-0.0637077	-0.17354
-0.0542702	-0.176594
-0.0596478	-0.177132
-0.0822505	-0.158177
-0.0779915	-0.143484
-0.0773556	-0.149499
-0.0661466	-0.153294
-0.0589505	-0.146563
-0.0551743	-0.151003
-0.0575772	-0.154513
-0.0375536	-0.149952
-0.0463418	-0.169052
-0.050961	-0.17958
-0.0466069	-0.181448
-0.00417515	-0.164135
0.00492295	-0.169741
-0.00803056	-0.187013
-0.0124079	-0.203636
-0.0101558	-0.197398
-0.00392137	-0.215899
-0.00966958	-0.208831
-0.0318131	-0.221101
-0.0240643	-0.1985
-0.0201626	-0.192842
-0.0157021	-0.192049
0.0051462	-0.201458
0.0081414	-0.198946
0.0119772	-0.19598
0.0155371	-0.19517
0.0182831	-0.179369
0.0147176	-0.186402
-0.000373775	-0.191279
0.00383158	-0.202255
-0.00793893	-0.22092
-0.000147019	-0.186437
0.00826167	-0.187719
0.00082226	-0.205728
0.0278159	-0.222577
0.0109181	-0.237951
0.0220218	-0.211255
0.0238261	-0.207151
0.0239363	-0.199846
0.041651	-0.213474
0.021229	-0.209284
0.0265512	-0.207566
0.0336737	-0.211735
0.039022	-0.237141
0.0450713	-0.227704
0.0453618	-0.234739
0.0572461	-0.233606
0.0464401	-0.225237
0.0520456	-0.219569
0.0721788	-0.206381
0.076447	-0.211477
0.0798736	-0.213314
0.0957594	-0.212048
0.102786	-0.225466
0.103336	-0.216489
0.0914507	-0.202522
0.109441	-0.207433
0.11283	-0.208839
0.119812	-0.216197
0.107655	-0.189305
0.0835973	-0.20781
0.083226	-0.202074
0.073577	-0.208965
0.0950899	-0.187932
0.0944804	-0.199116
0.0943273	-0.19488
0.0798067	-0.179075
0.07333	-0.178675
0.0725249	-0.17882
0.0804798	-0.174557
0.0939958	-0.197154
0.102124	-0.197068
0.137715	-0.192302
0.126544	-0.181924
0.122916	-0.178914
0.125771	-0.158614
0.125812	-0.168629
0.111386	-0.163633
0.124867	-0.169062
0.123004	-0.149243
0.136861	-0.162089
0.125578	-0.162497
0.0992998	-0.157567
0.103192	-0.163146
0.0864711	-0.148774
0.0852629	-0.147911
0.103781	-0.143849
0.108921	-0.147585
0.114174	-0.112952
0.119656	-0.131738
0.131943	-0.121631
0.137957	-0.121717
0.166215	-0.124047
0.163729	-0.143204
0.159546	-0.135131
0.148946	-0.153633
0.147975	-0.149745
0.14036	-0.155984
0.132678	-0.156645
0.108109	-0.147906
0.114047	-0.162726
0.11052	-0.136159
0.106398	-0.149828
0.105208	-0.147805
0.0823796	-0.13101
0.0958886	-0.119571
0.140989	-0.110767
0.139104	-0.0824223
0.142334	-0.0854906
0.137855	-0.0556296
0.13722	-0.0667533
0.149861	-0.0645623
0.155713	-0.0637909
0.148397	-0.0501115
0.153045	-0.0489733
0.167964	-0.0688213
0.166532	-0.0735873
0.17048	-0.0828319
0.167737	-0.0944493
0.1729	-0.0920492
0.133115	-0.0766457
0.138967	-0.0906502
0.136362	-0.0714305
0.137835	-0.0830064
0.140812	-0.0828781
0.154093	-0.0803443
0.140948	-0.113984
0.130341	-0.112438
0.134607	-0.11683
0.131947	-0.115267
0.135021	-0.121051
0.136535	-0.120362
0.141101	-0.116328
0.134999	-0.118254
0.153298	-0.122347
0.143997	-0.117195
0.129647	-0.106841
0.126166	-0.0951084
0.134568	-0.110105
0.135771	-0.112313
0.105633	-0.113346
0.107141	-0.122135
0.0960407	-0.141744
0.0957585	-0.150054
0.101751	-0.149547
0.117829	-0.151724
0.114544	-0.14906
0.119797	-0.142305
0.104975	-0.159642
0.102748	-0.161011
0.101194	-0.148097
0.096758	-0.151261
0.0961964	-0.153623
0.0932842	-0.160253
0.084803	-0.165275
0.0823344	-0.167638
0.107591	-0.172817
0.114707	-0.179192
0.0887483	-0.180597
0.106713	-0.187069
0.129468	-0.195655
0.113166	-0.184499
0.108715	-0.181698
0.10582	-0.18155
0.0951672	-0.145515
0.119237	-0.145302
0.127822	-0.139622
0.124692	-0.140235
0.109296	-0.143472
0.0972773	-0.148306
0.0880251	-0.14812
0.0858647	-0.162688
0.0811963	-0.165016
0.0693474	-0.1473
0.0689979	-0.15216
0.0613773	-0.165364
0.0729308	-0.172303
0.0371615	-0.171185
0.0502591	-0.193004
0.0342564	-0.192258
0.0240999	-0.158378
0.0355394	-0.163709
0.0485473	-0.168635
0.0536322	-0.156071
0.0252481	-0.156482
0.0256849	-0.16559
0.0148488	-0.169163
-0.0144713	-0.155359
-0.0240076	-0.144987
-0.0205862	-0.127809
-0.0160627	-0.137616
-0.00452554	-0.146541
-0.0022418	-0.15147
-0.0126012	-0.158319
-0.0145809	-0.162776
-0.0184191	-0.167238
-0.033149	-0.164949
-0.0453082	-0.169199
-0.0494227	-0.172312
-0.0475047	-0.163276
-0.0491753	-0.162376
-0.0563715	-0.170291
-0.0669307	-0.164672
-0.0932931	-0.167547
-0.0927005	-0.167938
-0.0803552	-0.172847
-0.0864441	-0.197519
-0.109604	-0.19503
-0.114827	-0.200888
-0.101977	-0.179619
-0.107198	-0.159778
-0.104621	-0.167887
-0.110199	-0.178273
-0.108125	-0.167181
-0.111749	-0.163779
-0.141099	-0.143257
-0.152035	-0.139733
-0.164529	-0.104958
-0.167869	-0.117178
-0.169146	-0.108991
-0.171514	-0.106322
-0.1553	-0.117293
-0.155481	-0.116493
-0.185905	-0.124928
-0.191746	-0.12601
-0.216537	-0.129837
-0.19393	-0.129844
-0.184733	-0.125153
-0.177643	-0.109962
-0.173191	-0.105521
-0.168457	-0.0968757
-0.151027	-0.100293
-0.158912	-0.094404
-0.153501	-0.0870537
-0.136336	-0.105059
-0.138645	-0.118699
-0.141515	-0.0953361
-0.154263	-0.110251
-0.150971	-0.104132
-0.150012	-0.089628
-0.163057	-0.0946691
-0.171766	-0.0934978
-0.167673	-0.0845678
-0.124867	-0.087704
-0.139121	-0.0871461
-0.149249	-0.109826
-0.17679	-0.0755853
-0.172019	-0.0872224
-0.175678	-0.0759597
-0.172097	-0.0708695
-0.166255	-0.0841822
-0.153866	-0.108842
-0.14909	-0.114747
-0.146999	-0.119266
-0.113183	-0.113136
-0.128988	-0.121731
-0.1365	-0.131539
-0.138485	-0.130205
-0.169064	-0.133128
-0.162298	-0.128841
-0.175634	-0.119963
-0.161029	-0.119945
-0.156291	-0.122547
-0.138072	-0.109259
-0.134535	-0.109672
-0.1434	-0.119872
-0.136735	-0.121612
-0.139582	-0.137258
-0.141316	-0.150191
-0.132409	-0.151549
-0.143087	-0.155944
-0.151163	-0.161155
-0.128586	-0.146213
-0.120829	-0.140721
-0.102805	-0.137201
-0.106813	-0.134934
-0.123861	-0.148743
-0.0884126	-0.116409
-0.103696	-0.121972
-0.106331	-0.118521
-0.0973368	-0.111219
-0.100791	-0.115794
-0.104396	-0.119798
-0.105709	-0.120374
-0.106797	-0.120818
-0.101481	-0.141958
-0.0901921	-0.155791
-0.0901599	-0.15862
-0.0973778	-0.136679
-0.117131	-0.125588
-0.120204	-0.131087
-0.101912	-0.137631
-0.0950719	-0.159078
-0.0908003	-0.170595
-0.11676	-0.191136
-0.12875	-0.175995
-0.111575	-0.169214
-0.0988081	-0.156808
-0.08722	-0.192401
-0.0761459	-0.210265
-0.0725851	-0.205738
-0.0730096	-0.20335
-0.0613886	-0.184822
-0.0663947	-0.180108
-0.0573553	-0.180861
-0.0413913	-0.166735
-0.0451505	-0.185686
-0.0532776	-0.176758
-0.0700607	-0.17693
-0.0566315	-0.175585
-0.0643246	-0.170597
-0.0632441	-0.160853
-0.0495397	-0.147056
-0.0471015	-0.17239
-0.0374408	-0.180647
-0.0463298	-0.180469
-0.039763	-0.167127
-0.0620733	-0.169813
-0.0686092	-0.180441
-0.0874632	-0.196663
-0.0798412	-0.193104
-0.0758266	-0.191897
-0.0863557	-0.184877
-0.083276	-0.189213
-0.0882026	-0.183009
-0.0807423	-0.189472
-0.0762294	-0.186314
-0.0790824	-0.201193
-0.0688325	-0.188029
-0.0635457	-0.188139
-0.0601412	-0.162369
-0.0310912	-0.164223
-0.0266533	-0.165666
-0.0329522	-0.182507
-0.0325154	-0.210283
-0.0244411	-0.209647
-0.0278254	-0.22549
-0.000102022	-0.200135
-0.0108679	-0.208052
-0.0104341	-0.221118
0.00363083	-0.215352
-0.00665034	-0.202032
-0.0107529	-0.21459
-0.0103561	-0.223039
-0.0246823	-0.211091
-0.00886634	-0.200558
-0.0159951	-0.184571
-0.0126993	-0.18937
-0.00735134	-0.192942
-0.0203742	-0.205954
-0.00214063	-0.214637
-0.00325258	-0.212321
0.0219864	-0.202722
0.00906823	-0.196281
-0.0103229	-0.194543
-0.0124391	-0.198408
0.000228699	-0.203047
0.0219945	-0.186808
0.0227411	-0.191215
0.0351395	-0.193746
0.0499847	-0.205414
0.0359682	-0.199331
0.0430514	-0.20504
0.0492092	-0.187795
0.0519673	-0.18653
0.0585921	-0.171708
0.0753825	-0.195627
0.06409	-0.203068
0.0675132	-0.196973
0.073911	-0.195499
0.0765282	-0.184681
0.0971546	-0.184424
0.103689	-0.173578
0.106787	-0.171723
0.105258	-0.164885
0.106279	-0.145504
0.0953569	-0.167614
0.100587	-0.168365
0.102414	-0.166667
0.101971	-0.163109
0.11518	-0.163945
0.113139	-0.157494
0.137903	-0.14648
0.157677	-0.148082
0.156456	-0.144637
0.158594	-0.142306
0.156712	-0.144711
0.157653	-0.127907
0.16105	-0.133815
0.166704	-0.140002
0.139785	-0.105339
0.171818	-0.0948838
0.202211	-0.100499
0.190767	-0.0876599
0.193066	-0.0859833
0.176326	-0.0787831
0.177627	-0.0788182
0.170321	-0.0806057
0.186593	-0.0525673
0.178789	-0.0638977
0.176422	-0.0632706
0.177104	-0.0606657
0.174931	-0.0695704
0.176342	-0.0692679
0.228843	-0.077078
0.219582	-0.0785712
0.211391	-0.0849895
0.215693	-0.0987704
0.206977	-0.114242
0.205503	-0.116569
0.204452	-0.111297
0.197598	-0.116996
0.195603	-0.105881
0.209799	-0.102056
0.189827	-0.10142
0.185885	-0.101216
0.185958	-0.108266
0.183336	-0.105123
0.184136	-0.107422
0.162059	-0.106336
0.138617	-0.105564
0.144135	-0.0978358
0.142722	-0.102979
0.142106	-0.116895
0.145313	-0.11822
0.150101	-0.121514
0.165534	-0.117665
0.160939	-0.128859
0.154265	-0.125808
0.155114	-0.15137
0.15073	-0.158896
0.166124	-0.205601
0.156157	-0.197162
0.166875	-0.183317
0.160652	-0.180513
0.138189	-0.1753
0.128026	-0.17735
0.122367	-0.174961
0.118583	-0.17338
0.113572	-0.172497
0.096768	-0.171022
0.0891335	-0.184674
0.0879112	-0.182604
0.0822776	-0.181049
0.0697596	-0.158857
0.0542293	-0.160758
0.0639586	-0.165052
0.0600318	-0.169482
0.077369	-0.160532
0.0652894	-0.160957
0.0552739	-0.140146
0.0434873	-0.14312
0.068561	-0.181768
0.0676416	-0.165416
0.0477679	-0.165482
0.062146	-0.180742
0.0531745	-0.190771
0.0555673	-0.162157
0.0506341	-0.165669
0.0469018	-0.199859
0.0437604	-0.230659
0.0399373	-0.223864
0.019161	-0.237584
0.0130162	-0.243691
0.00777913	-0.241327
0.0205246	-0.243353
-0.00467163	-0.221569
-0.0148349	-0.208283
-0.00531878	-0.182888
-0.00826474	-0.18555
-0.000830054	-0.188681
-0.0214936	-0.185021
0.00990392	-0.177684
0.00277622	-0.184534
-0.00172806	-0.180468
-0.00804163	-0.172731
-0.0199954	-0.177787
-0.0197014	-0.180231
-0.00768392	-0.183473
-0.00262966	-0.190555
0.00405891	-0.198633
-0.0164967	-0.181852
-0.0202021	-0.179384
-0.0180353	-0.190285
-0.0136681	-0.177294
-0.016701	-0.175993
-0.0186108	-0.176944
-0.00801608	-0.144706
-0.0132967	-0.150713
-0.0162163	-0.159944
-0.000305545	-0.17376
0.0128706	-0.186711
0.00242782	-0.195643
-0.017466	-0.184013
-0.0184177	-0.189942
0.00869019	-0.186445
0.0151501	-0.184095
-0.010346	-0.201188
-0.0144642	-0.201795
-0.0311515	-0.190128
-0.032769	-0.196973
-0.0302885	-0.196937
-0.0327311	-0.195727
-0.0325788	-0.192925
-0.0412278	-0.203581
-0.0440156	-0.193292
-0.0241942	-0.209746
-0.033729	-0.212759
-0.0251002	-0.216942
-0.0297927	-0.200803
-0.0396096	-0.233363
-0.0518761	-0.22341
-0.0525683	-0.217024
-0.0773541	-0.205872
-0.0859029	-0.196534
-0.0761972	-0.175941
-0.0780146	-0.179941
-0.0712531	-0.18819
-0.0708782	-0.173317
-0.0808064	-0.160554
-0.0797361	-0.170272
-0.0833289	-0.173103
-0.0861325	-0.188669
-0.10919	-0.187862
-0.117996	-0.177676
-0.120314	-0.147681
-0.0943843	-0.11598
-0.109947	-0.121518
-0.120926	-0.12085
-0.109023	-0.133881
-0.113637	-0.135168
-0.126843	-0.15706
-0.136534	-0.146006
-0.150426	-0.151514
-0.139411	-0.148232
-0.130393	-0.160314
-0.149521	-0.157212
-0.158325	-0.172141
-0.148237	-0.15813
-0.14213	-0.147733
-0.138527	-0.130691
-0.14037	-0.129328
-0.141123	-0.132876
-0.122691	-0.151013
-0.136793	-0.164553
-0.130409	-0.157812
-0.136452	-0.159923
-0.137277	-0.135229
-0.128432	-0.149535
-0.116014	-0.149524
-0.117873	-0.155584
-0.113474	-0.169846
-0.0844727	-0.159205
-0.0826482	-0.171373
-0.0567369	-0.161495
-0.0545588	-0.165526
-0.0736014	-0.170581
-0.0409558	-0.164041
-0.0433767	-0.16529
-0.0321137	-0.167637
-0.0293633	-0.171548
-0.0243974	-0.173645
-0.0344384	-0.202219
-0.0317142	-0.201486
-0.030342	-0.207299
-0.0194768	-0.202455
-0.0186684	-0.199778
-0.0112728	-0.186245
0.0176327	-0.197978
0.0235335	-0.19833
0.0255473	-0.18124
0.0369442	-0.184486
0.0439997	-0.206861
0.00913514	-0.199629
0.000306629	-0.202148
0.00228041	-0.200277
0.00685693	-0.196407
0.0150621	-0.191211
0.0365011	-0.198218
0.0486397	-0.219679
0.0399271	-0.222259
0.0551029	-0.206252
0.0479051	-0.193706
0.0515876	-0.170132
0.0438198	-0.150758
0.0588682	-0.164642
0.0648322	-0.156983
0.0475908	-0.184571
0.0728268	-0.203049
0.0745963	-0.205672
0.0741095	-0.200155
0.0763311	-0.195948
0.0838456	-0.178775
0.0960095	-0.186723
0.0950553	-0.183587
0.0967866	-0.164094
0.118452	-0.158368
0.113802	-0.164178
0.0770315	-0.150506
0.0418873	-0.142044
0.0514941	-0.146862
0.015464	-0.173411
-0.00903817	-0.154461
-0.00680441	-0.166048
-0.00389613	-0.143448
-0.00840777	-0.172596
-0.0210862	-0.146881
-0.0484996	-0.142458
-0.0700501	-0.147511
-0.103106	-0.139919
-0.106227	-0.141493
-0.103773	-0.138059
-0.107611	-0.123509
-0.113443	-0.129132
-0.111253	-0.126744
-0.115062	-0.131571
-0.111061	-0.118799
-0.110938	-0.118696
-0.119066	-0.116872
-0.109171	-0.142442
-0.119152	-0.136781
-0.108962	-0.139917
-0.0867552	-0.134695
-0.124964	-0.141253
-0.122047	-0.141994
-0.119038	-0.142017
-0.133246	-0.131032
-0.126024	-0.12527
-0.149159	-0.120361
-0.153886	-0.122182
-0.159026	-0.117431
-0.168499	-0.135531
-0.162934	-0.130547
-0.15077	-0.13026
-0.153393	-0.137259
-0.164385	-0.14994
-0.161185	-0.147447
-0.142153	-0.130332
-0.113399	-0.141749
-0.119605	-0.120002
-0.103738	-0.116679
-0.0980243	-0.144933
-0.116581	-0.142772
-0.128384	-0.136818
-0.12602	-0.134012
-0.125706	-0.134542
-0.118704	-0.165619
-0.132247	-0.174042
-0.116998	-0.181108
-0.134486	-0.167674
-0.124483	-0.155167
-0.131445	-0.150236
-0.133955	-0.152778
-0.109314	-0.155506
-0.111979	-0.157698
-0.104544	-0.131643
-0.113016	-0.149907
-0.117758	-0.15294
-0.10684	-0.166745
-0.0974921	-0.17454
-0.093076	-0.17821
-0.0641543	-0.172068
-0.0698945	-0.173962
-0.0719663	-0.178294
-0.0700003	-0.160034
-0.0594187	-0.154651
-0.0442954	-0.171752
-0.0446851	-0.156274
-0.0511485	-0.13546
-0.0611926	-0.1557
-0.0715729	-0.1485
-0.0694442	-0.150617
-0.0862864	-0.147304
-0.0755884	-0.166734
-0.0590688	-0.18071
-0.0563282	-0.185524
-0.0350819	-0.180846
-0.0296779	-0.190774
-0.0256734	-0.19234
-0.0192121	-0.193933
-0.0174826	-0.194199
0.0160588	-0.200104
0.0210696	-0.218034
0.0333645	-0.225872
0.0387699	-0.225615
0.0404292	-0.219217
0.0424949	-0.213647
0.0484891	-0.202919
0.0757264	-0.208233
0.0782743	-0.206826
0.0789985	-0.198475
0.0944157	-0.172616
0.0915751	-0.169786
0.101909	-0.179451
0.10256	-0.174716
0.107763	-0.169146
0.128981	-0.141096
0.135529	-0.13739
0.162569	-0.134663
0.161581	-0.134526
0.141715	-0.14532
0.142997	-0.130869
0.144598	-0.129673
0.161056	-0.115667
0.16074	-0.114153
0.163771	-0.112525
0.176312	-0.143679
0.172232	-0.14038
0.168165	-0.135195
0.173074	-0.128553
0.169199	-0.122371
0.16675	-0.120077
0.166353	-0.122682
0.173633	-0.104497
0.17952	-0.106702
0.179081	-0.120842
0.148279	-0.116247
0.147774	-0.10799
0.157924	-0.0975904
0.158794	-0.103481
0.138372	-0.108848
0.131697	-0.114527
0.123667	-0.124673
0.144942	-0.122305
0.145888	-0.112927
0.158724	-0.111428
0.169304	-0.103917
0.171829	-0.113548
0.195745	-0.115235
0.198696	-0.0973623
0.194397	-0.0972625
0.170712	-0.0923308
0.166308	-0.109055
0.153355	-0.115656
0.15841	-0.112245
0.159088	-0.114538
0.157803	-0.116388
0.153837	-0.131743
0.153648	-0.123454
0.151717	-0.138135
0.122133	-0.150321
0.114432	-0.145709
0.119622	-0.142471
0.115485	-0.146243
0.129189	-0.150199
0.122973	-0.125225
0.123301	-0.127565
0.139026	-0.107615
0.157294	-0.114679
0.158395	-0.0959983
0.16468	-0.0910347
0.150961	-0.0697274
0.1664	-0.0690018
0.176489	-0.0596917
0.154001	-0.0612737
0.15709	-0.0637297
0.14659	-0.0485224
0.144222	-0.0497888
0.149205	-0.0513128
0.156482	-0.063333
0.147192	-0.0929013
0.148727	-0.112492
0.147494	-0.113974
0.162313	-0.129977
0.158404	-0.128963
0.162658	-0.148545
0.154526	-0.154783
0.150338	-0.151653
0.139384	-0.131621
0.147855	-0.144019
0.15366	-0.137127
0.155366	-0.139846
0.150681	-0.119796
0.148715	-0.120607
0.144534	-0.131823
0.14121	-0.130174
0.135388	-0.140992
0.135947	-0.132229
0.127275	-0.137162
0.135277	-0.139189
0.139999	-0.153348
0.14096	-0.148956
0.136034	-0.154099
0.133223	-0.152585
0.115377	-0.155699
0.124567	-0.131277
0.127332	-0.133428
0.133496	-0.109655
0.128664	-0.103694
0.130795	-0.1091
0.128203	-0.109642
0.132527	-0.106997
0.140498	-0.113729
0.141826	-0.113301
0.137712	-0.108327
0.122857	-0.113827
0.107417	-0.0978255
0.114352	-0.0858713
0.124643	-0.093288
0.124264	-0.0935046
0.143763	-0.107828
0.150415	-0.111605
0.167624	-0.122953
0.159143	-0.122781
0.150885	-0.147535
0.157694	-0.129637
0.155158	-0.142696
0.16162	-0.152447
0.140452	-0.140187
0.133387	-0.152058
0.131105	-0.151114
0.128365	-0.165068
0.131324	-0.173357
0.125396	-0.159261
0.12218	-0.157177
0.115551	-0.153362
0.107442	-0.147322
0.117471	-0.157704
0.114024	-0.1645
0.104028	-0.169824
0.104358	-0.168471
0.10422	-0.173539
0.109413	-0.177603
0.10648	-0.178902
0.0915953	-0.18598
0.0992135	-0.179527
0.105654	-0.163468
0.093469	-0.161792
0.0967301	-0.166817
0.101684	-0.1604
0.104642	-0.152254
0.090941	-0.150984
0.0994966	-0.140894
0.0964618	-0.136374
0.0981403	-0.13902
0.0941497	-0.11228
0.103659	-0.123836
0.129915	-0.137063
0.127595	-0.136772
0.123803	-0.136791
0.127997	-0.13796
0.125762	-0.139542
0.133908	-0.140035
0.131855	-0.140505
0.119906	-0.142033
0.116181	-0.149965
0.103867	-0.120841
0.126829	-0.12548
0.119876	-0.116407
0.121684	-0.117351
0.140794	-0.121075
0.134894	-0.127778
0.13239	-0.135265
0.132058	-0.138395
0.137004	-0.134725
0.131086	-0.124797
0.13195	-0.128181
0.149806	-0.150511
0.126082	-0.159138
0.132691	-0.174002
0.13446	-0.169413
0.135359	-0.16322
0.130534	-0.173062
0.119124	-0.160625
0.126956	-0.166566
0.128874	-0.16378
0.139816	-0.186174
0.104855	-0.175624
0.116635	-0.170274
0.114227	-0.171036
0.105489	-0.18907
0.0964854	-0.177386
0.0848512	-0.17141
0.0979743	-0.16702
0.112855	-0.171875
0.11185	-0.159675
0.0973114	-0.15532
0.073671	-0.165232
0.0710113	-0.13746
0.0731941	-0.127817
0.0763087	-0.133187
0.0854455	-0.137437
0.0869853	-0.125909
0.0797304	-0.119621
0.0954742	-0.131742
0.107982	-0.13996
0.107945	-0.13562
0.125512	-0.135801
0.0978532	-0.137341
0.10591	-0.139335
0.0986003	-0.142735
0.09277	-0.130786
0.0881453	-0.142567
0.104957	-0.147836
0.124071	-0.150524
0.115053	-0.143507
0.112723	-0.180006
0.124092	-0.178965
0.126855	-0.180692
0.116557	-0.170842
0.131744	-0.133763
0.141158	-0.138427
0.0999967	-0.14428
0.0887988	-0.140555
0.088225	-0.176105
0.0888546	-0.17128
0.0899562	-0.164292
0.0820136	-0.173559
0.0807691	-0.175242
0.0838736	-0.176084
0.0822536	-0.167047
0.0837233	-0.171289
0.0723087	-0.177114
0.0718514	-0.178618
0.0606715	-0.184214
0.0457407	-0.188583
0.0500732	-0.178475
0.0476079	-0.22441
0.0357967	-0.221707
0.0321934	-0.216508
0.0437258	-0.207004
0.0442794	-0.214989
0.0299338	-0.195037
0.0428941	-0.177687
0.0714827	-0.167062
0.0701348	-0.168285
0.0534118	-0.154255
0.043925	-0.158389
0.0507627	-0.161107
0.0526722	-0.159063
0.0508133	-0.170676
0.0515432	-0.175217
0.0480775	-0.185026
0.0362234	-0.170797
0.0253419	-0.156273
0.0238807	-0.171189
0.0316521	-0.171702
0.0214779	-0.149643
0.0255462	-0.135989
0.0157219	-0.16835
0.0208383	-0.161041
0.0244309	-0.177253
0.00909076	-0.173886
-0.00223362	-0.182513
-0.0153214	-0.17104
-0.0171382	-0.17923
-0.019118	-0.182473
-0.0207827	-0.181039
-0.0201415	-0.182858
-0.0491369	-0.199188
-0.0486377	-0.184796
-0.0413746	-0.183834
0.00105441	-0.175401
-7.29958e-05	-0.172437
-0.00173291	-0.175496
0.0151324	-0.195116
0.0130939	-0.183095
0.00182423	-0.185369
0.00700548	-0.203233
-0.00471913	-0.207927
-0.00427502	-0.208061
-0.00932111	-0.204072
6.3401e-05	-0.176165
-0.00166289	-0.193662
-0.00028852	-0.196229
-0.000328773	-0.190658
0.0087698	-0.189331
0.000283331	-0.199086
-0.00559301	-0.242116
0.00672527	-0.236975
-0.0132153	-0.234164
-0.00912792	-0.229305
-0.0137011	-0.225671
-0.0255073	-0.215407
-0.0214339	-0.203179
-0.0244923	-0.193663
-0.0244186	-0.18129
-0.0295553	-0.168406
-0.0497374	-0.148689
-0.0519161	-0.162808
-0.0484752	-0.154054
-0.0511809	-0.154915
-0.0644433	-0.154589
-0.0619726	-0.182011
-0.0418284	-0.179255
-0.050016	-0.18159
-0.0488783	-0.170666
-0.0511164	-0.17341
-0.0572499	-0.1776
-0.0567537	-0.181428
-0.0441184	-0.178316
-0.0449622	-0.176464
-0.0520726	-0.20458
-0.0445842	-0.207008
-0.0310859	-0.20824
-0.0408275	-0.220778
-0.0428348	-0.215076
-0.0446217	-0.220378
-0.0527528	-0.212484
-0.0625088	-0.239399
-0.0585031	-0.255324
-0.0577987	-0.243532
-0.0591539	-0.203354
-0.0658638	-0.211433
-0.0726527	-0.206744
-0.0593445	-0.201909
-0.0660273	-0.202849
-0.0680637	-0.198832
-0.0705428	-0.190433
-0.0741156	-0.188235
-0.0745017	-0.185685
-0.0614813	-0.186566
-0.0579668	-0.185811
-0.0548418	-0.185913
-0.0533686	-0.168296
-0.0427858	-0.171581
-0.0864919	-0.190751
-0.0596569	-0.185518
-0.0691389	-0.170207
-0.0766874	-0.163247
-0.0619583	-0.178684
-0.0674042	-0.175189
-0.0656139	-0.183649
-0.0773762	-0.180876
-0.0659944	-0.180073
-0.0725064	-0.187704
-0.0674326	-0.197976
-0.0645747	-0.195686
-0.0679793	-0.194092
-0.0740931	-0.199812
-0.0779625	-0.198395
-0.0761489	-0.200212
-0.0883714	-0.188886
-0.115465	-0.166805
-0.0880864	-0.169681
-0.0899987	-0.168916
-0.0935964	-0.167521
-0.0369589	-0.1682
-0.0347645	-0.175307
-0.0515813	-0.18084
-0.0678786	-0.189668
-0.0564675	-0.196823
-0.0502594	-0.203094
-0.0479769	-0.207957
-0.0553534	-0.217274
-0.0548749	-0.208118
-0.049458	-0.212042
-0.0467625	-0.193807
-0.0580579	-0.185971
-0.0495	-0.185666
-0.0609663	-0.156114
-0.060186	-0.14932
-0.0775595	-0.176222
-0.0706183	-0.176519
-0.0671981	-0.181694
-0.0716301	-0.178455
-0.0639991	-0.214887
-0.041174	-0.212142
-0.0406882	-0.20339
-0.0420276	-0.202375
-0.0543653	-0.202853
-0.0522203	-0.207018
-0.064325	-0.210057
-0.0594721	-0.20858
-0.0495829	-0.215795
-0.0508049	-0.213494
-0.0548288	-0.207167
-0.051723	-0.200291
-0.0461306	-0.186438
-0.0469956	-0.187346
-0.0528263	-0.185883
-0.0688634	-0.18414
-0.0638475	-0.177209
-0.0603881	-0.151835
-0.0374661	-0.171938
-0.0568066	-0.168944
-0.0569858	-0.187992
-0.0603651	-0.19129
-0.0736578	-0.144549
-0.0857168	-0.148218
-0.089688	-0.149508
-0.102093	-0.149112
-0.0999725	-0.15551
-0.105243	-0.171955
-0.115555	-0.152092
-0.112559	-0.148068
-0.0979539	-0.123876
-0.105284	-0.118797
-0.104578	-0.131558
-0.128127	-0.134032
-0.12745	-0.133706
-0.12376	-0.142922
-0.121575	-0.142608
-0.121668	-0.142422
-0.109359	-0.139469
-0.115747	-0.151184
-0.0998182	-0.15911
-0.0796267	-0.189991
-0.108465	-0.16733
-0.112192	-0.177375
-0.107382	-0.173013
-0.10428	-0.169938
-0.10367	-0.161276
-0.0868702	-0.164808
-0.035865	-0.164961
-0.0490738	-0.178741
-0.0461299	-0.190433
-0.0393908	-0.193841
-0.0066922	-0.211936
0.00632348	-0.212845
0.00204367	-0.224689
0.0251476	-0.200276
0.0225674	-0.198394
0.0130673	-0.18064
0.0118475	-0.180044
0.00864318	-0.172817
-0.0199022	-0.153618
-0.0117469	-0.172967
-0.00969431	-0.192772
-0.0145997	-0.182125
-0.017935	-0.182853
-0.0228238	-0.161213
-0.0373783	-0.171917
-0.0389181	-0.175642
-0.0609535	-0.172821
-0.0767581	-0.17018
-0.092632	-0.172017
-0.0713417	-0.170778
-0.0733251	-0.171415
-0.0697331	-0.183344
-0.0377078	-0.184527
-0.0432506	-0.180664
-0.051523	-0.183203
-0.0486747	-0.178009
-0.0683164	-0.169795
-0.0740876	-0.152757
-0.0628735	-0.139769
-0.0563821	-0.138335
-0.0618883	-0.145371
-0.0531429	-0.153453
-0.0732043	-0.163065
-0.083235	-0.170289
-0.0784306	-0.185346
-0.0808931	-0.185816
-0.083807	-0.191792
-0.0857063	-0.200298
-0.0913607	-0.19528
-0.110673	-0.184069
-0.106751	-0.176981
-0.123817	-0.171103
-0.123897	-0.171287
-0.112503	-0.189173
-0.113995	-0.183529
-0.124287	-0.17313
-0.106248	-0.163278
-0.10628	-0.169178
-0.121385	-0.169332
-0.112815	-0.169102
-0.111117	-0.159539
-0.109623	-0.15014
-0.121257	-0.133099
-0.137997	-0.134901
-0.149453	-0.132823
-0.150937	-0.122558
-0.170016	-0.134437
-0.166719	-0.135177
-0.164601	-0.126903
-0.17784	-0.127067
-0.173225	-0.119452
-0.173742	-0.117483
-0.16899	-0.122129
-0.147682	-0.107308
-0.139669	-0.122167
-0.14793	-0.120003
-0.151916	-0.122664
-0.144899	-0.129046
-0.14426	-0.14398
-0.146285	-0.131291
-0.146585	-0.130754
-0.136699	-0.146771
-0.109128	-0.137626
-0.108903	-0.139586
-0.112166	-0.140773
-0.117421	-0.140984
-0.124572	-0.140816
-0.143597	-0.161209
-0.142559	-0.154425
-0.12772	-0.149197
-0.124061	-0.163703
-0.152313	-0.149073
-0.145501	-0.152621
-0.168922	-0.14008
-0.166925	-0.133933
-0.166576	-0.159687
-0.154032	-0.158459
-0.150508	-0.156181
-0.157826	-0.133075
-0.160138	-0.131547
-0.164075	-0.114313
-0.153774	-0.130671
-0.151069	-0.140535
-0.158084	-0.131358
-0.157785	-0.129926
-0.131252	-0.147047
-0.126219	-0.165434
-0.120586	-0.164815
-0.114741	-0.151169
-0.0885773	-0.160482
-0.0792207	-0.153264
-0.0837133	-0.159476
-0.105226	-0.189228
-0.113195	-0.175814
-0.107017	-0.177894
-0.118163	-0.173351
-0.125821	-0.157522
-0.140811	-0.165345
-0.120382	-0.126191
-0.0984296	-0.0797643
-0.100639	-0.0849527
-0.139403	-0.096082
-0.174416	-0.112823
-0.175797	-0.11815
-0.16693	-0.115253
-0.166926	-0.129732
-0.190202	-0.119582
-0.200758	-0.145384
-0.196159	-0.140871
-0.175638	-0.122958
-0.17608	-0.111826
-0.177251	-0.106399
-0.171355	-0.114157
-0.185757	-0.100375
-0.200347	-0.106035
-0.195023	-0.0966776
-0.204316	-0.0882315
-0.196452	-0.0935123
-0.2001	-0.0695333
-0.188489	-0.0897612
-0.185342	-0.0946299
-0.165618	-0.0857379
-0.1644	-0.0845718
-0.138098	-0.0786698
-0.133156	-0.069856
-0.149144	-0.0748022
-0.150622	-0.0785439
-0.146532	-0.0824778
-0.13509	-0.0764129
-0.160583	-0.0862342
-0.162906	-0.0897262
-0.158415	-0.0929726
-0.157379	-0.0949827
-0.156971	-0.0990206
-0.171845	-0.0895959
-0.202502	-0.0657885
-0.183012	-0.0591034
-0.224248	-0.0596501
-0.201096	-0.0348162
-0.197782	-0.0341881
-0.194651	-0.0349022
-0.192205	-0.0266666
-0.18519	-0.046712
-0.183955	-0.0478574
-0.183116	-0.0489426
-0.167405	-0.0647723
-0.168334	-0.0659342
-0.19133	-0.0510402
-0.200658	-0.0347528
-0.208228	-0.0427574
-0.209733	-0.0513042
-0.206892	-0.0489314
-0.202663	-0.0723837
-0.197259	-0.0893224
-0.198213	-0.0926839
-0.187202	-0.0849266
-0.184144	-0.0725718
-0.181946	-0.0762169
-0.143548	-0.0644893
-0.111109	-0.0599498
-0.106817	-0.0779716
-0.126121	-0.107362
-0.126415	-0.110726
-0.126337	-0.111842
-0.117586	-0.125598
-0.124138	-0.1375
-0.123161	-0.148198
-0.124645	-0.172681
-0.119102	-0.170007
-0.116321	-0.170248
-0.132113	-0.179708
-0.118258	-0.164078
-0.113121	-0.165878
-0.108663	-0.185291
-0.108752	-0.174235
-0.102171	-0.174119
-0.111066	-0.180035
-0.122416	-0.183787
-0.117891	-0.179075
-0.0773272	-0.161047
-0.0734036	-0.189765
-0.0743772	-0.189808
-0.050559	-0.193585
-0.0272582	-0.223095
-0.0280667	-0.213044
-0.036315	-0.209492
-0.0299449	-0.204324
-0.0199225	-0.193959
-0.0362587	-0.183158
-0.00308199	-0.191866
-0.00885022	-0.19077
-0.00907843	-0.192611
0.00186001	-0.194375
0.00763801	-0.204425
0.0228026	-0.190521
0.023744	-0.195505
0.032014	-0.180549
0.0112146	-0.177392
-0.00566398	-0.150805
-0.00717886	-0.185142
-0.00604043	-0.186794
-0.00349865	-0.201885
-0.0278289	-0.20583
-0.0248301	-0.214243
-0.00234685	-0.209596
0.000125337	-0.207237
0.0309846	-0.248613
0.0445478	-0.239986
0.0455534	-0.231142
0.0826629	-0.218045
0.0861262	-0.213358
0.0821835	-0.210538
0.0853471	-0.204891
0.0886034	-0.202235
0.0807271	-0.178283
0.0684317	-0.195869
0.0679457	-0.188989
0.0677795	-0.18379
0.0712949	-0.188554
0.0762674	-0.185417
0.084361	-0.167434
0.0854955	-0.168849
0.100967	-0.175576
0.0852982	-0.188367
0.116488	-0.194839
0.106445	-0.202309
0.111692	-0.192546
0.103465	-0.202179
0.101446	-0.207464
0.0855928	-0.199682
0.0807679	-0.180756
0.0595488	-0.183415
0.0739638	-0.182317
0.0873029	-0.179352
0.089303	-0.177136
0.0972951	-0.159356
0.0929547	-0.164892
0.0957244	-0.164269
0.0987077	-0.167787
0.100293	-0.167327
0.111532	-0.187135
0.110303	-0.183663
0.130155	-0.191718
0.134875	-0.195902
0.134245	-0.203829
0.146982	-0.20744
0.162743	-0.205313
0.158669	-0.193544
0.156583	-0.211077
0.152254	-0.192102
0.166365	-0.190215
0.161352	-0.182218
0.141938	-0.178415
0.145391	-0.172005
0.139477	-0.163045
0.133851	-0.158563
0.157749	-0.159652
0.142765	-0.169036
0.141689	-0.164435
0.152378	-0.159252
0.120205	-0.135138
0.121976	-0.135873
0.131221	-0.133873
0.142193	-0.12737
0.14248	-0.128098
0.113216	-0.121021
0.119176	-0.125852
0.126352	-0.126449
0.124325	-0.129644
0.127226	-0.130291
0.146978	-0.151575
0.159337	-0.153282
0.158843	-0.148387
0.140367	-0.158101
0.145742	-0.167405
0.144396	-0.161357
0.142084	-0.157808
0.145076	-0.159038
0.140275	-0.165445
0.141786	-0.163695
0.129738	-0.16579
0.133818	-0.167299
0.134579	-0.1634
0.141336	-0.149537
0.159922	-0.153732
0.162885	-0.143267
0.159519	-0.137529
0.168585	-0.128627
0.180669	-0.135171
0.171807	-0.121019
0.180695	-0.115756
0.177971	-0.100216
0.171963	-0.106143
0.16125	-0.112123
0.151029	-0.114885
0.165934	-0.102934
0.164441	-0.104377
0.181914	-0.10352
0.178741	-0.100853
0.184105	-0.0846804
0.188281	-0.0842332
0.169409	-0.0796633
0.167495	-0.0780973
0.161406	-0.0756331
0.16222	-0.0776278
0.160679	-0.079687
0.157878	-0.0772594
0.159089	-0.0790634
0.153385	-0.0881453
0.161488	-0.073335
0.19285	-0.0746809
0.195831	-0.0906754
0.190256	-0.0930614
0.187411	-0.0977868
0.182513	-0.0985647
0.187649	-0.087142
0.18314	-0.0908364
0.166556	-0.111181
0.182246	-0.14335
0.168159	-0.153181
0.167783	-0.148617
0.164594	-0.138885
0.164849	-0.148562
0.163361	-0.135525
0.159693	-0.133439
0.157028	-0.0891918
0.163109	-0.0923018
0.157031	-0.0767109
0.14349	-0.0979991
0.135544	-0.0696713
0.136099	-0.0754571
0.125229	-0.0807069
0.123956	-0.0988786
0.124658	-0.112586
0.163743	-0.111746
0.169546	-0.107015
0.15765	-0.100097
0.170061	-0.1148
0.165858	-0.114753
0.158424	-0.0881955
0.180514	-0.091216
0.191497	-0.107394
0.187322	-0.0992861
0.184538	-0.0974887
0.171648	-0.0975601
0.163687	-0.106417
0.167474	-0.101537
0.14624	-0.109375
0.146192	-0.104504
0.149221	-0.102654
0.14489	-0.103278
0.146411	-0.105475
0.148612	-0.105745
0.148399	-0.135641
0.165973	-0.146377
0.172185	-0.155455
0.157065	-0.163585
0.145801	-0.171563
0.11483	-0.16141
0.112242	-0.160183
0.138404	-0.114927
0.138027	-0.117334
0.137533	-0.103465
0.136726	-0.108269
0.15878	-0.140246
0.148014	-0.145895
0.147975	-0.158076
0.143142	-0.157635
0.134559	-0.166223
0.135254	-0.156943
0.127098	-0.152999
0.128241	-0.157735
0.112951	-0.185102
0.10947	-0.189093
0.11535	-0.176837
0.147971	-0.1629
0.142904	-0.159527
0.138281	-0.163847
0.132857	-0.160132
0.129229	-0.159205
0.129834	-0.154209
0.117359	-0.150292
0.12434	-0.158517
0.130739	-0.144997
0.132488	-0.144256
0.122198	-0.142958
0.124016	-0.148752
0.11566	-0.147632
0.123989	-0.168465
0.121397	-0.167453
0.125527	-0.185102
0.128619	-0.175561
0.128019	-0.171514
0.114762	-0.155925
0.120521	-0.157556
0.109119	-0.146086
0.10086	-0.144962
0.0901951	-0.14362
0.0842858	-0.148956
0.0989833	-0.154618
0.104751	-0.138243
0.110742	-0.131581
0.118622	-0.135501
0.126109	-0.151302
0.117072	-0.152347
0.115818	-0.153887
0.113597	-0.1551
0.121362	-0.177467
0.111208	-0.150026
0.111749	-0.146309
0.106481	-0.151339
0.100713	-0.158122
0.0913723	-0.15096
0.0879185	-0.143824
0.091658	-0.136523
0.0937807	-0.127139
0.0983217	-0.13872
0.111066	-0.134104
0.118789	-0.129249
0.133816	-0.134328
0.136333	-0.130358
0.135541	-0.130198
0.118875	-0.138165
0.116881	-0.137715
0.115326	-0.145317
0.117017	-0.125026
0.120233	-0.140012
0.121169	-0.143793
0.110496	-0.147822
0.118008	-0.165744
0.113604	-0.173868
0.118505	-0.200432
0.103643	-0.195883
0.101212	-0.19352
0.09169	-0.185193
0.0887328	-0.183418
0.0822738	-0.182306
0.115437	-0.173278
0.113338	-0.185526
0.111676	-0.182156
0.126374	-0.162463
0.122995	-0.161215
0.0974503	-0.185119
0.0936871	-0.18256
0.117912	-0.190985
0.0997997	-0.178689
0.0964885	-0.179238
0.0942077	-0.178694
0.0898421	-0.174811
0.0867139	-0.176514
0.0819898	-0.167468
0.0787546	-0.152348
0.0616725	-0.147583
0.0678422	-0.159795
0.0652911	-0.15863
0.0642657	-0.164064
0.0599733	-0.17346
0.0581225	-0.186576
0.0557761	-0.179034
0.0547678	-0.190621
0.0618508	-0.174807
0.0733225	-0.174703
0.0808971	-0.155815
0.0770819	-0.158362
0.0841975	-0.166075
0.069172	-0.166609
0.0600487	-0.155211
0.065894	-0.161225
0.0517551	-0.162035
0.0535386	-0.170446
0.0602688	-0.163542
0.0616152	-0.1654
0.0732271	-0.166946
0.0562845	-0.167553
0.0631126	-0.176554
0.0608195	-0.177402
0.0528435	-0.165773
0.0523264	-0.170966
0.0317801	-0.147143
0.0305918	-0.138008
0.0508833	-0.151355
0.0627308	-0.158278
0.0603118	-0.164325
0.0604349	-0.167078
0.0564006	-0.173877
0.0545289	-0.175573
0.0586538	-0.163426
0.0581156	-0.168588
0.061381	-0.177785
0.0454639	-0.171822
0.0342479	-0.186873
0.0360137	-0.219077
0.041132	-0.224407
0.0407415	-0.225468
0.0289101	-0.229499
0.0437943	-0.211945
0.041941	-0.210051
0.0183553	-0.208859
0.0180634	-0.206013
0.0033964	-0.198218
0.00159308	-0.197501
0.000255456	-0.207527
0.00300421	-0.174269
-0.00260006	-0.186732
-0.020344	-0.186759
-0.028609	-0.191836
-0.0206945	-0.177428
-0.0242121	-0.174459
-0.0129351	-0.174932
-0.0304763	-0.162195
-0.033052	-0.168177
-0.0423543	-0.180713
-0.0422416	-0.15282
-0.0459958	-0.157641
-0.054933	-0.154936
-0.0675848	-0.168252
-0.0647881	-0.163021
-0.0569727	-0.133292
-0.0793687	-0.149798
-0.0779177	-0.151926
-0.0790886	-0.158087
-0.104597	-0.186504
-0.102402	-0.174589
-0.119027	-0.171308
-0.147112	-0.149468
-0.144454	-0.152051
-0.129084	-0.175426
-0.100917	-0.167492
-0.0920791	-0.174346
-0.0839039	-0.186542
-0.0849086	-0.183171
-0.0869026	-0.179179
-0.0803894	-0.170766
-0.0424574	-0.15989
-0.0447803	-0.164267
-0.0482267	-0.17294
-0.0791466	-0.154726
-0.103282	-0.161037
-0.0978596	-0.1591
-0.0970505	-0.15361
-0.0995677	-0.156188
-0.107493	-0.160604
-0.1092	-0.159056
-0.121579	-0.158362
-0.130732	-0.183422
-0.122243	-0.185754
-0.119538	-0.192305
-0.119326	-0.205056
-0.132521	-0.186414
-0.108154	-0.176132
-0.108403	-0.180868
-0.119284	-0.173538
-0.11474	-0.168051
-0.118296	-0.178009
-0.102925	-0.147626
-0.124243	-0.161735
-0.139662	-0.194796
-0.15505	-0.164434
-0.136544	-0.159593
-0.136448	-0.15638
-0.131904	-0.150679
-0.152729	-0.131055
-0.144447	-0.123079
-0.148208	-0.107121
-0.152473	-0.10562
-0.174478	-0.11663
-0.170541	-0.105792
-0.195672	-0.132636
-0.193802	-0.130393
-0.191492	-0.134073
-0.190418	-0.146804
-0.185915	-0.143849
-0.175678	-0.135999
-0.17291	-0.132157
-0.196685	-0.0824745
-0.194722	-0.0811395
-0.202088	-0.0754074
-0.206949	-0.0720981
-0.228334	-0.0746607
-0.192437	-0.0840356
-0.170917	-0.0387411
-0.174021	-0.0467366
-0.139207	-0.0237656
-0.155405	-0.0170828
-0.167078	-0.030345
-0.173978	-0.0242142
-0.199169	-0.0196944
-0.198458	-0.0139757
-0.207767	-0.0100449
-0.205071	-0.0041191
-0.185965	-0.017992
-0.183108	-0.0235581
-0.186911	-0.0234323
-0.206666	-0.0303199
-0.204542	-0.0180625
-0.205211	-0.0226795
-0.216167	-0.0212393
-0.226226	-0.0104096
-0.223312	-0.00769753
-0.200662	-0.0300734
-0.195521	-0.0345892
-0.19505	-0.0343786
-0.198743	-0.0338161
-0.190447	-0.040965
-0.15176	-0.0385718
-0.160888	-0.0469633
-0.145995	-0.0429477
-0.14968	-0.0363507
-0.138359	-0.0374867
-0.144859	-0.0292584
-0.15567	-0.0349379
-0.160044	-0.0400894
-0.177173	-0.0449041
-0.180211	-0.0439506
-0.184853	-0.0436086
-0.164261	-0.0294389
-0.174504	-0.0471416
-0.195656	-0.0559806
-0.186226	-0.056088
-0.170211	-0.0681245
-0.176896	-0.0735745
-0.194084	-0.0649702
-0.228233	-0.0649005
-0.215392	-0.0607411
-0.211662	-0.0650317
-0.209848	-0.0618307
-0.224294	-0.0549315
-0.210731	-0.0362809
-0.208263	-0.0309278
-0.199239	-0.0382241
-0.178116	-0.0498292
-0.183186	-0.0575319
-0.182877	-0.0640171
-0.179713	-0.0643909
-0.185611	-0.094539
-0.182963	-0.0949157
-0.195186	-0.0748125
-0.193334	-0.0734461
-0.188726	-0.0707505
-0.188194	-0.0691588
-0.200119	-0.0632871
-0.18196	-0.0610351
-0.181117	-0.0522017
-0.181537	-0.0631421
-0.183719	-0.0410475
-0.185231	-0.0399048
-0.187663	-0.0387249
-0.168729	-0.051442
-0.177891	-0.0549779
-0.187077	-0.0601428
-0.191442	-0.0584249
-0.203207	-0.0594577
-0.197617	-0.0470095
-0.210952	-0.0635737
-0.221006	-0.0753538
-0.174452	-0.0431547
-0.173845	-0.0453339
-0.181826	-0.0479806
-0.166124	-0.056539
-0.169114	-0.0578392
-0.185593	-0.0752397
-0.182097	-0.070725
-0.193437	-0.06233
-0.201291	-0.0637717
-0.194546	-0.0773509
-0.183018	-0.0749275
-0.160195	-0.0650326
-0.171592	-0.0677239
-0.143359	-0.0416261
-0.148207	-0.0444501
-0.154196	-0.0507547
-0.15459	-0.0656496
-0.156161	-0.0678168
-0.149782	-0.0927797
-0.152951	-0.0723517
-0.158627	-0.0673291
-0.15648	-0.0675125
-0.148535	-0.0633707
-0.151609	-0.0654828
-0.15126	-0.0622614
-0.153854	-0.0638683
-0.15436	-0.0695118
-0.158317	-0.0714523
-0.16533	-0.0697904
-0.17096	-0.0735559
-0.183404	-0.0495785
-0.181004	-0.0409154
-0.187048	-0.0503385
-0.1799	-0.0456047
-0.190234	-0.0507054
-0.198802	-0.0435986
-0.191404	-0.0409191
-0.195105	-0.0612546
-0.191495	-0.0659242
-0.191247	-0.0693666
-0.182117	-0.0727942
-0.202549	-0.0791622
-0.211485	-0.0680778
-0.203507	-0.0668672
-0.181855	-0.0697723
-0.18162	-0.0770221
-0.18599	-0.0854531
-0.182766	-0.0982574
-0.180128	-0.0963166
-0.177602	-0.0975447
-0.178992	-0.0887949
-0.177398	-0.0758591
-0.181269	-0.0844618
-0.156336	-0.0774954
-0.163148	-0.0787271
-0.171981	-0.0793259
-0.174982	-0.0762613
-0.162374	-0.121253
-0.1569	-0.123337
-0.152502	-0.123784
-0.149294	-0.12661
-0.140796	-0.139041
-0.139257	-0.130784
-0.16541	-0.132554
-0.160378	-0.131591
-0.143017	-0.141557
-0.129647	-0.140388
-0.0936134	-0.144137
-0.0920137	-0.152687
-0.066441	-0.182217
-0.0585703	-0.188002
-0.0409211	-0.217697
-0.0252853	-0.207707
-0.0355019	-0.230549
0.0141206	-0.195786
0.0184112	-0.193715
0.0197497	-0.193365
-0.00505241	-0.167766
0.00591274	-0.161382
0.00233582	-0.171449
0.00494281	-0.178507
-0.000258928	-0.17511
0.0135403	-0.186116
0.0163528	-0.187366
0.0120022	-0.182949
0.00412934	-0.189609
0.00849207	-0.190473
0.0159532	-0.188566
0.00328193	-0.182992
0.0045718	-0.188984
0.00668484	-0.192973
0.0358981	-0.210538
0.0408693	-0.165013
0.056921	-0.173344
0.0601595	-0.174366
0.0599041	-0.172626
0.0732364	-0.168364
0.0815763	-0.155113
0.0495077	-0.155663
0.0404674	-0.155971
0.0544292	-0.15309
0.055083	-0.161788
0.0692932	-0.185472
0.0677322	-0.189297
0.0607451	-0.174405
0.0510338	-0.172078
0.0407512	-0.152296
0.0466494	-0.159909
0.0570029	-0.168678
0.0715079	-0.160651
0.0782623	-0.155614
0.0761007	-0.134553
0.0826967	-0.140031
0.0953656	-0.152688
0.112287	-0.148579
0.127055	-0.133718
0.125967	-0.157046
0.0956357	-0.176646
0.0881918	-0.190186
0.089667	-0.186269
0.0898205	-0.181091
0.071687	-0.173366
0.0846465	-0.171479
0.0820209	-0.202573
0.0934691	-0.199074
0.0804828	-0.192007
0.0727448	-0.193864
0.0509347	-0.184649
0.0690406	-0.188321
0.0655886	-0.18852
0.0705347	-0.19209
0.0673229	-0.217743
0.0928599	-0.218937
0.0880491	-0.184924
0.0958079	-0.161716
0.109254	-0.147862
0.117989	-0.15918
0.117043	-0.166288
0.115739	-0.164526
0.110391	-0.165502
0.113652	-0.155593
0.111976	-0.172969
0.111354	-0.168915
0.114141	-0.170727
0.113421	-0.170714
0.110714	-0.187105
0.112678	-0.190413
0.107514	-0.183426
0.105164	-0.16339
0.107789	-0.154599
0.102317	-0.156269
0.119197	-0.135098
0.142302	-0.140368
0.137881	-0.117252
0.135641	-0.0910163
0.139269	-0.109795
0.13031	-0.146928
0.129961	-0.140442
0.135943	-0.141096
0.124534	-0.129043
0.0943318	-0.146429
0.0928804	-0.140226
0.102219	-0.149805
0.114126	-0.157996
0.11667	-0.157371
0.0816085	-0.143507
0.0876374	-0.145967
0.0920864	-0.142612
0.0892466	-0.153278
0.0742408	-0.140779
0.0511859	-0.14031
0.108485	-0.150169
0.0938809	-0.141562
0.102326	-0.147251
0.121101	-0.160822
0.142824	-0.151756
0.12381	-0.163965
0.120396	-0.166324
0.12787	-0.165118
0.124458	-0.163333
0.157867	-0.170142
0.172877	-0.169399
0.148585	-0.154296
0.132785	-0.146445
0.140641	-0.15962
0.14034	-0.156079
0.127724	-0.154919
0.114455	-0.14845
0.113926	-0.154294
0.114577	-0.133139
0.124983	-0.125249
0.125516	-0.120899
0.133806	-0.134595
0.137836	-0.129493
0.127496	-0.139733
0.138067	-0.155473
0.122315	-0.150508
0.116981	-0.148085
0.114754	-0.135719
0.111648	-0.141666
0.116386	-0.14736
0.117772	-0.151031
0.094216	-0.122357
0.108547	-0.139906
0.103605	-0.148912
0.10097	-0.15051
0.0897538	-0.147966
0.0790486	-0.139977
0.0579533	-0.145387
0.0505762	-0.157003
0.0315036	-0.137315
0.0210748	-0.149849
0.0301278	-0.1822
0.0539266	-0.186391
0.0387194	-0.19234
0.0192511	-0.198259
0.0236068	-0.20908
-0.00473796	-0.156706
0.004088	-0.174254
0.00399643	-0.174446
0.00713229	-0.180799
0.00432527	-0.182588
0.00702136	-0.178703
-0.00976754	-0.175698
-0.0115671	-0.148953
-0.0188463	-0.16227
-0.0118682	-0.170124
-0.014604	-0.173393
0.00520596	-0.157615
0.00616599	-0.171771
0.00842731	-0.175162
-0.008264	-0.189981
-0.0107272	-0.190097
0.00826227	-0.16343
0.00934282	-0.164921
0.0112176	-0.1947
0.0195948	-0.21642
0.0216242	-0.210429
0.0201895	-0.193686
0.0183395	-0.203655
0.0125547	-0.205599
0.00776612	-0.204009
0.00566654	-0.204937
-0.00656252	-0.19787
-0.00635764	-0.19264
-0.00799988	-0.191588
-0.00388791	-0.198417
0.00349666	-0.187249
0.0133492	-0.196565
0.0167435	-0.188478
0.0293938	-0.172156
0.0169499	-0.17614
0.012514	-0.185794
0.0298561	-0.171932
0.0699967	-0.172865
0.0631646	-0.175959
0.0608703	-0.175731
0.0586799	-0.173958
0.0580192	-0.177395
0.0507142	-0.174831
0.0467428	-0.177422
0.0601519	-0.199969
0.0409979	-0.189517
0.0424725	-0.189919
0.0333157	-0.164912
0.0331004	-0.15979
0.0289256	-0.167553
0.0308323	-0.171339
0.0238715	-0.186916
0.0309133	-0.18394
0.0179581	-0.177173
0.000178367	-0.169964
0.0231506	-0.167985
0.0188927	-0.169793
-0.00584358	-0.147032
-0.019674	-0.161153
-0.022684	-0.164566
-0.0239305	-0.161016
-0.0329194	-0.157226
-0.021459	-0.140338
-0.0258011	-0.148763
-0.0299732	-0.135838
-0.0304197	-0.142979
-0.0170041	-0.145319
-0.019549	-0.157923
-0.0207956	-0.163075
-0.0392239	-0.173997
-0.0179134	-0.201378
-0.0324985	-0.218451
-0.0420922	-0.212171
-0.0470692	-0.212631
-0.0433756	-0.194654
-0.0359378	-0.177558
-0.0825359	-0.188943
-0.102186	-0.195068
-0.10905	-0.200602
-0.140541	-0.196775
-0.112395	-0.187676
-0.136668	-0.183653
-0.128685	-0.174073
-0.141596	-0.172347
-0.135628	-0.171923
-0.121974	-0.147011
-0.12571	-0.141557
-0.142867	-0.129758
-0.140646	-0.145005
-0.138923	-0.130552
-0.140344	-0.119539
-0.144371	-0.114792
-0.168989	-0.115236
-0.176512	-0.127013
-0.175905	-0.119234
-0.15088	-0.128394
-0.150619	-0.135915
-0.17257	-0.134404
-0.186454	-0.155108
-0.185857	-0.159919
-0.173894	-0.15708
-0.159239	-0.150789
-0.142247	-0.174654
-0.127497	-0.178842
-0.100843	-0.160645
-0.0751122	-0.167136
-0.0860907	-0.15652
-0.0895597	-0.176125
-0.0881411	-0.176679
-0.0995617	-0.175138
-0.0825651	-0.183758
-0.0818464	-0.181633
-0.0875595	-0.175881
-0.0836188	-0.176953
-0.0663722	-0.177653
-0.0581947	-0.181145
-0.0562571	-0.185916
-0.050984	-0.185974
-0.0493144	-0.17558
-0.0487917	-0.178977
-0.0247549	-0.197728
-0.0478119	-0.193554
-0.0682372	-0.199558
-0.0626028	-0.201896
-0.0486315	-0.194366
-0.0331726	-0.201892
-0.0391728	-0.198024
-0.0357127	-0.19666
-0.0224451	-0.198452
-0.00767079	-0.212304
0.0271431	-0.229062
0.0324246	-0.223925
0.0394456	-0.215757
0.0373465	-0.220075
0.0244965	-0.230283
0.00897163	-0.210978
0.029615	-0.233671
0.0346664	-0.208607
0.0317476	-0.206472
0.0364535	-0.200492
0.0377901	-0.199551
0.0426264	-0.194972
0.0522148	-0.195251
0.0527673	-0.195795
0.0605429	-0.193568
0.0679916	-0.192272
0.0596634	-0.192261
0.0587319	-0.204512
0.0526937	-0.211902
0.0280831	-0.220719
0.0417049	-0.2231
0.0460733	-0.209726
0.040025	-0.228765
0.0547553	-0.235806
0.0769124	-0.23109
0.0952054	-0.238494
0.0877433	-0.221078
0.068586	-0.199097
0.0564722	-0.164408
0.0670057	-0.177249
0.0489055	-0.189989
0.0453449	-0.195063
0.0461997	-0.194145
0.0478945	-0.178749
0.0554639	-0.175301
0.0545575	-0.187325
0.0606716	-0.171552
0.0868401	-0.168938
0.0945682	-0.162246
0.0926102	-0.164868
0.129055	-0.154939
0.130352	-0.159674
0.129536	-0.156389
0.130005	-0.153938
0.123647	-0.168649
0.104077	-0.169674
0.104441	-0.160307
0.0934754	-0.165212
0.0971173	-0.174158
0.0981877	-0.188986
0.120763	-0.180264
0.120791	-0.176013
0.119599	-0.166502
0.092657	-0.127244
0.0919004	-0.132657
0.0982922	-0.139351
0.101981	-0.158557
0.114648	-0.153463
0.125719	-0.148634
0.122861	-0.146277
0.131132	-0.156191
0.122988	-0.155574
0.109071	-0.150648
0.114254	-0.144113
0.122097	-0.156509
0.116649	-0.151565
0.0818346	-0.145206
0.099484	-0.151665
0.0986323	-0.153762
0.102896	-0.152787
0.120544	-0.137433
0.110412	-0.124985
0.147363	-0.134583
0.14087	-0.14423
0.151895	-0.159763
0.147334	-0.155675
0.147311	-0.149103
0.121115	-0.144001
0.115808	-0.153776
0.113919	-0.133684
0.111372	-0.137319
0.114176	-0.164158
0.111058	-0.186675
0.114458	-0.185879
0.110245	-0.180147
0.107385	-0.170018
0.137961	-0.154135
0.138671	-0.146832
0.134771	-0.147794
0.117634	-0.12548
0.117651	-0.154781
0.107966	-0.1588
0.0965727	-0.176332
0.0929034	-0.175474
0.0694244	-0.167766
0.073444	-0.165664
0.0679401	-0.163472
0.0533919	-0.171388
0.0425914	-0.170729
0.0405553	-0.181901
0.0274714	-0.186017
0.0264618	-0.185739
0.0286231	-0.185534
0.0282071	-0.193562
0.0390577	-0.185346
0.06318	-0.189885
0.0659809	-0.20211
0.0624811	-0.195351
0.0718315	-0.211171
0.0729019	-0.206567
0.0578004	-0.215003
0.0419871	-0.200928
0.0374815	-0.198322
0.0350115	-0.197348
0.0369982	-0.210188
0.0335217	-0.203894
0.0164558	-0.196021
0.0142085	-0.200715
0.026578	-0.197161
0.0211494	-0.185119
0.024805	-0.185871
0.0198378	-0.18693
0.0154424	-0.205539
0.00917273	-0.183239
0.0104383	-0.181166
0.00487305	-0.170941
0.00656477	-0.18172
0.0102571	-0.180739
-0.00351153	-0.18974
-0.017222	-0.20357
-0.00934548	-0.198855
-0.013379	-0.210742
-0.016577	-0.197283
-0.0499312	-0.220489
-0.0519562	-0.214237
-0.0470757	-0.207546
-0.0466118	-0.203124
-0.0532884	-0.201379
-0.0669519	-0.208492
-0.0654306	-0.203566
-0.0508725	-0.218995
-0.0515412	-0.209442
-0.0567242	-0.189594
-0.0613626	-0.210437
-0.0624371	-0.206016
-0.0685021	-0.216499
-0.0968123	-0.190789
-0.128495	-0.16661
-0.118463	-0.182566
-0.11935	-0.176611
-0.112459	-0.18088
-0.107776	-0.176212
-0.0970038	-0.153384
-0.0860741	-0.142367
-0.0943833	-0.131321
-0.0869356	-0.135462
-0.0799811	-0.141027
-0.0629907	-0.1249
-0.0721112	-0.128521
-0.0921867	-0.131054
-0.110145	-0.142772
-0.107599	-0.142948
-0.0926779	-0.151742
-0.0977866	-0.145111
-0.0919448	-0.120989
-0.0953554	-0.127525
-0.108075	-0.136136
-0.121704	-0.11802
-0.100571	-0.116362
-0.105728	-0.121003
-0.0962241	-0.146226
-0.120829	-0.146398
-0.124543	-0.148054
-0.125841	-0.14754
-0.12536	-0.142066
-0.130413	-0.159956
-0.128922	-0.173638
-0.101605	-0.174161
-0.112345	-0.187613
-0.11528	-0.180739
-0.114908	-0.169624
-0.113017	-0.166087
-0.11426	-0.159618
-0.115955	-0.159141
-0.106979	-0.124196
-0.100118	-0.119206
-0.102708	-0.114801
-0.10575	-0.120629
-0.112032	-0.0990289
-0.0878708	-0.0937446
-0.0979497	-0.080517
-0.112572	-0.0881987
-0.125139	-0.0916401
-0.125451	-0.0944931
-0.138636	-0.10467
-0.15292	-0.100402
-0.170026	-0.0906601
-0.182772	-0.0900261
-0.170217	-0.0637462
-0.180678	-0.0775014
-0.154844	-0.0881248
-0.154138	-0.074557
-0.14216	-0.0743441
-0.160154	-0.0649628
-0.149277	-0.0615311
-0.146024	-0.0416833
-0.141476	-0.045737
-0.150089	-0.0457527
-0.15598	-0.0501717
-0.154992	-0.0621094
-0.149719	-0.0640791
-0.153883	-0.0667958
-0.153027	-0.0716905
-0.192222	-0.0697671
-0.192326	-0.0662602
-0.18602	-0.0700447
-0.176986	-0.0670452
-0.175491	-0.0865535
-0.183864	-0.0841189
-0.17614	-0.0848004
-0.167777	-0.0830159
-0.183114	-0.0880588
-0.164561	-0.0866026
-0.162745	-0.0991254
-0.153551	-0.064104
-0.127482	-0.0599817
-0.119473	-0.0889539
-0.12014	-0.101546
-0.11959	-0.106463
-0.114805	-0.115896
-0.112003	-0.114533
-0.119414	-0.1222
-0.108272	-0.145575
-0.105617	-0.169267
-0.0896676	-0.18439
-0.0565426	-0.193863
-0.048257	-0.200214
-0.0500205	-0.206287
-0.0395175	-0.190394
-0.0156939	-0.209061
-0.0101092	-0.203072
-0.00194644	-0.203701
-0.0192222	-0.229339
-0.0280379	-0.253563
-0.0131085	-0.240837
-0.0156384	-0.22183
-0.0178264	-0.20608
-0.00757899	-0.200114
0.00734913	-0.194829
-0.0175769	-0.186631
0.00272124	-0.185169
-0.00376907	-0.179568
-0.0165708	-0.177888
-0.0148809	-0.1806
0.0012265	-0.192631
0.0210345	-0.181585
0.0315415	-0.18975
0.0374543	-0.190103
0.0392973	-0.203339
0.0650304	-0.191798
0.0692549	-0.201666
0.0513468	-0.179343
0.0622666	-0.176437
0.0662054	-0.16966
0.0763184	-0.159581
0.0571557	-0.161793
0.0580408	-0.164766
0.0629875	-0.153472
0.0853704	-0.149091
0.0999484	-0.142593
0.0835593	-0.15528
0.0992664	-0.15881
0.103577	-0.151267
0.122073	-0.154209
0.126943	-0.157444
0.11945	-0.136583
0.145074	-0.145997
0.150788	-0.17406
0.146434	-0.16665
0.127543	-0.147794
0.135523	-0.141963
0.142079	-0.163067
0.142521	-0.160009
0.140592	-0.157525
0.149443	-0.120879
0.156079	-0.116683
0.151481	-0.115216
0.154068	-0.125679
0.140347	-0.131071
0.133016	-0.132991
0.139657	-0.137476
0.127755	-0.115705
0.131709	-0.115042
0.131231	-0.135979
0.137798	-0.135743
0.150287	-0.137694
0.152369	-0.128569
0.154338	-0.127476
0.153502	-0.125291
0.172438	-0.131299
0.161645	-0.126092
0.168211	-0.126139
0.174693	-0.105116
0.167379	-0.115163
0.153575	-0.105893
0.13906	-0.0853996
0.143529	-0.0868789
0.155228	-0.0876997
0.170726	-0.0872507
0.161496	-0.0816909
0.162285	-0.0873892
0.161016	-0.0914809
0.176391	-0.115232
0.202359	-0.112225
0.211828	-0.110562
0.220539	-0.117994
0.202637	-0.12326
0.195701	-0.11974
0.171274	-0.13594
0.169654	-0.140807
0.165198	-0.137362
0.173231	-0.132303
0.184634	-0.130713
0.178129	-0.111615
0.171654	-0.110033
0.169546	-0.10234
0.162567	-0.105685
0.149078	-0.113364
0.146724	-0.101663
0.144989	-0.106394
0.152691	-0.105648
0.157254	-0.0977004
0.157691	-0.0984958
0.145493	-0.105644
0.141693	-0.114787
0.144486	-0.118924
0.131978	-0.107221
0.151437	-0.111333
0.152315	-0.110704
0.139839	-0.113668
0.145712	-0.129929
0.142997	-0.129118
0.138942	-0.133793
0.122385	-0.146248
0.12042	-0.145274
0.123333	-0.133208
0.124164	-0.133653
0.120398	-0.132136
0.108321	-0.130054
0.10969	-0.131843
0.103784	-0.138288
0.10665	-0.124943
0.117527	-0.128464
0.138771	-0.128649
0.138606	-0.128842
0.13828	-0.130189
0.136569	-0.131356
0.12745	-0.137436
0.148353	-0.152687
0.13228	-0.136659
0.147598	-0.137056
0.13346	-0.133277
0.136266	-0.140674
0.133117	-0.14574
0.117305	-0.150646
0.11544	-0.147598
0.12566	-0.160008
0.127367	-0.156994
0.126654	-0.149849
0.126861	-0.132448
0.121472	-0.131607
0.113777	-0.132073
0.122951	-0.116317
0.116891	-0.119671
0.121943	-0.123068
0.123601	-0.127672
0.130164	-0.155232
0.127398	-0.153573
0.110687	-0.154877
0.112667	-0.154946
0.104314	-0.127533
0.118687	-0.14293
0.0949476	-0.148505
0.0949775	-0.152653
0.103059	-0.161744
0.0874548	-0.134837
0.0951819	-0.135727
0.0890526	-0.165611
0.0880731	-0.166401
0.0839379	-0.158422
0.0944079	-0.155826
0.0973139	-0.169691
0.0946591	-0.158388
0.101901	-0.159785
0.119351	-0.174024
0.117966	-0.18574
0.113372	-0.182004
0.10924	-0.18352
0.10042	-0.147531
0.0918133	-0.145801
0.0950317	-0.161842
0.110176	-0.179539
0.108713	-0.175241
0.101729	-0.176247
0.113348	-0.172001
0.0884165	-0.147319
0.124056	-0.0897107
0.13034	-0.0963167
0.127455	-0.0586886
0.12856	-0.0736281
0.136005	-0.0806372
0.156658	-0.0843883
0.171928	-0.084678
0.178308	-0.0743527
0.181088	-0.0716339
0.1625	-0.074212
0.164897	-0.0757457
0.145338	-0.0818083
0.14082	-0.0552337
0.150371	-0.0459661
0.161087	-0.0427674
0.165123	-0.0473572
0.163534	-0.0663364
0.166164	-0.0644623
0.146438	-0.0644391
0.127614	-0.0939072
0.119497	-0.0939646
0.115239	-0.0968886
0.119039	-0.101314
0.119334	-0.116232
0.112884	-0.11587
0.121491	-0.121728
0.120208	-0.135355
0.138198	-0.151639
0.142253	-0.163153
0.151409	-0.15953
0.161179	-0.18585
0.157501	-0.182315
0.149962	-0.179102
0.139071	-0.181975
0.182363	-0.207916
0.172308	-0.202434
0.160451	-0.15675
0.149717	-0.170464
0.147308	-0.177254
0.12715	-0.17693
0.1186	-0.172469
0.107737	-0.165614
0.108085	-0.187323
0.100484	-0.204078
0.123593	-0.185339
0.0930796	-0.183016
0.0965666	-0.191173
0.0826961	-0.196831
0.0610148	-0.194434
0.0542817	-0.197117
0.0655005	-0.177702
0.0519566	-0.183179
0.0458273	-0.1857
0.040821	-0.187526
0.0411559	-0.197415
0.0352805	-0.198381
0.0153083	-0.214847
0.0133362	-0.21033
0.000370835	-0.204032
-0.00382829	-0.197712
-0.0020447	-0.204366
-0.0117506	-0.212502
0.000878186	-0.218087
-0.0122358	-0.223418
-0.0166539	-0.216942
-0.0283834	-0.218412
-0.0194537	-0.195373
-0.0175805	-0.179591
-0.0106852	-0.191269
-0.0113203	-0.192658
-0.0170788	-0.16495
