0.223607
0.319945
0.575036
0.61353
0.405732
0.630252
0.45316
0.443052
0.521603
0.460954
0.680494
0.795586
1.11042
1.15526
0.825082
0.393963
0.234864
0.12988
0.223896
0.7007
0.83665
0.254305
0.520983
0.528686
0.389206
0.631788
0.607002
0.338165
0.704503
0.91043
1.10069
1.39493
1.06163
0.822284
0.56214
1.22181
1.31874
1.59166
1.24189
1.27133
1.33437
1.6947
1.10332
1.14652
1.02304
1.00522
1.1467
1.24239
0.702103
1.03281
1.09789
0.832364
1.41183
1.37584
1.11081
1.60765
1.71904
0.965133
0.400302
0.672006
1.13157
1.17791
0.782914
0.935225
0.70865
0.863626
0.696334
0.430491
0.706029
1.08754
1.45798
1.14856
0.821582
0.980196
1.12592
1.36093
1.113
0.548858
0.721585
0.746673
0.772671
0.871257
0.582661
0.631867
0.984925
0.932428
1.00775
0.672294
0.822173
1.00027
0.91049
1.20109
0.715962
0.750926
1.24075
1.38105
1.24365
1.32764
1.87978
1.84711
2.2202
1.56017
1.0751
1.23044
1.38018
1.32725
1.64872
1.39048
0.86451
0.75479
0.712418
0.306014
0.23663
0.677292
0.279356
0.441954
0.33821
0.84353
0.449054
0.647194
0.846933
0.625474
0.339221
0.906955
0.902542
1.27513
1.34893
0.893234
0.896824
0.618399
1.27669
0.568604
0.539203
0.608707
1.00529
1.15682
0.914499
1.61124
1.72902
1.30658
1.04738
1.33223
0.951559
1.04923
1.15944
0.710905
0.615438
0.40234
0.531161
0.412858
1.35904
1.47385
1.59316
1.25018
1.48248
1.27769
1.13361
1.12046
1.23428
1.46581
1.4264
0.910996
0.863008
0.757762
0.949093
0.48528
0.750137
1.06595
1.1965
1.2361
0.877519
1.6744
1.59916
1.65469
1.34656
1.50551
1.65259
1.09448
1.04734
0.741966
0.942324
1.14945
0.670985
0.44006
1.13641
1.59465
1.07633
1.1653
1.19224
1.17865
1.25517
0.824814
0.822384
0.918668
0.754445
0.633776
0.194132
0.351225
0.497595
0.651029
0.518398
0.447081
0.23888
0.915697
0.602024
1.03146
1.16825
1.29902
1.20808
1.0219
0.74947
0.83012
0.706193
0.693809
0.803608
0.737541
0.822758
0.60733
0.728223
0.742346
0.854424
0.772786
0.516697
0.40012
0.43069
0.626083
1.28678
0.958348
0.756416
0.705265
0.620256
0.680197
0.579844
0.722034
0.893033
0.715464
0.979657
0.590602
0.398331
0.466771
0.532585
0.510256
0.626158
0.928903
0.426166
0.31917
0.469791
0.212987
0.646362
0.70699
0.352349
0.51076
0.697033
0.966797
1.06406
0.786772
1.20505
1.06596
0.749458
0.607433
0.486004
0.609913
0.466983
0.72096
1.06165
1.20088
1.09284
0.636814
0.810229
0.439634
0.803184
0.940256
1.08967
0.576196
0.507633
0.340226
0.769956
0.866346
0.407761
0.271029
0.631638
0.251286
0.551061
0.630785
0.686531
0.747149
0.983948
1.00928
1.21426
1.02901
0.666
0.917733
0.870892
1.03603
1.58784
1.66584
1.36985
1.31757
1.64764
1.03438
1.28578
1.3814
1.43708
1.46634
1.51663
1.48023
0.768787
0.667707
1.093
0.489849
0.837866
1.26029
1.64466
1.39136
1.39411
0.905577
0.491459
0.982114
1.15483
1.18602
0.263698
0.284939
0.33449
0.74938
0.240769
0.432647
0.291394
0.602392
0.638113
0.759483
0.99672
0.594943
0.900579
0.976871
0.971397
0.692439
0.493117
0.533752
0.409129
0.478474
1.02263
0.973724
1.01186
0.498922
0.32098
0.768938
0.548956
0.857398
0.539927
0.581216
0.309808
0.426049
1.07375
0.676916
0.930413
1.18313
0.926706
0.75189
0.551329
0.314855
0.274953
0.502163
0.545189
0.53673
1.11503
1.07749
0.931829
1.35316
1.64681
1.73607
1.49481
1.52607
1.72966
1.95174
2.19015
1.61944
1.86425
2.21101
2.56858
2.3193
1.854
1.33714
1.13453
0.865832
0.626934
0.465601
0.911819
1.10897
1.35793
1.55898
1.81781
1.58356
1.65781
1.51142
0.939872
0.647342
0.778717
0.795606
0.410026
0.381822
0.76821
0.521421
0.501023
0.605601
0.777526
0.94787
0.960756
1.05927
1.03456
1.43429
1.15853
0.955697
0.649044
0.604037
0.825373
1.11892
1.25341
1.12357
0.516705
0.551822
0.498216
0.10992
0.112282
0.157104
0.449962
0.922253
0.629401
0.391375
0.313638
0.634035
0.831073
1.08662
1.03004
0.910816
1.32381
0.735858
0.993686
1.0111
0.727612
1.33035
1.71057
1.32621
1.0376
1.22003
1.1222
1.33649
1.31989
1.04411
0.628967
0.897632
0.537571
0.816059
0.619495
1.18135
0.940631
1.45048
1.33142
1.09956
0.826149
1.34438
1.40011
0.981015
1.01736
1.12055
0.804473
0.762868
0.310897
0.76678
1.05377
1.19622
0.789696
0.569842
0.96434
0.826781
1.21545
1.08482
0.401027
0.324888
0.771764
1.20485
1.0908
0.700661
0.715291
1.05774
0.966273
0.814832
0.567
0.329354
0.965518
0.810664
0.590642
1.15047
0.925617
1.40463
1.36544
0.717467
0.298503
0.369027
0.116449
0.505654
0.275938
0.277092
1.21506
1.42524
1.34223
1.47192
1.40874
1.64614
1.87244
2.29225
2.51915
2.11666
1.90829
2.29006
1.66215
1.63494
1.67201
1.7298
1.40377
0.911156
1.0169
0.754457
0.917527
1.08795
1.19136
1.18995
1.04255
0.780548
1.5024
0.685557
0.602645
0.919405
0.975222
1.28237
1.17656
1.50623
1.08567
0.636006
0.503555
0.220295
0.232089
0.576563
0.940979
0.61578
0.94846
1.02264
0.993722
1.25597
1.76933
1.07905
1.10644
0.847062
0.736637
0.755905
1.035
0.838379
0.772342
0.519804
0.447038
0.286705
0.808743
0.668723
0.651194
1.26452
0.961905
0.910741
1.33573
1.15922
1.43351
1.46574
1.13924
0.771994
0.764017
0.668743
0.62039
0.892246
1.00862
1.09239
1.12796
0.786506
0.77722
1.01443
0.870824
0.356536
0.604425
0.313163
0.181166
0.561636
0.147775
0.334309
0.48811
0.258691
0.609323
0.776027
0.971053
0.836291
0.701462
0.968662
0.747753
0.952329
0.72453
0.670464
1.00981
1.59934
1.87251
2.29386
1.89497
1.7263
1.24037
0.808515
1.0443
0.595436
0.380435
0.396907
0.966403
1.12605
0.457352
0.25503
0.446451
0.498681
0.58998
0.133728
0.289177
0.28429
0.691359
0.893178
0.467885
0.615285
0.459212
0.807235
0.497857
0.888598
1.11112
1.17798
0.947391
0.594016
0.984564
0.934541
0.483877
0.585442
0.331154
0.282723
0.224943
0.211576
0.205539
0.282519
0.584545
0.717273
0.595419
0.611481
0.383342
0.735231
1.06114
0.859813
0.468552
0.589742
0.158388
0.241644
0.795591
0.757701
1.07939
0.55578
0.760637
0.567354
0.510823
0.632612
0.510672
0.214482
0.676287
1.10397
0.942418
1.38364
1.38107
0.937244
0.616551
0.608036
0.930925
0.836632
1.45518
1.29684
0.894545
0.399947
0.300672
0.357676
0.481161
0.885889
0.891531
0.783981
1.15256
1.26294
1.3096
1.79546
1.32593
1.28375
0.902089
0.895186
0.716406
0.948294
1.38168
1.70268
1.29318
1.61447
1.44685
1.33966
0.897352
0.805177
1.10897
1.5963
1.0487
1.35193
1.38777
1.68829
1.44911
1.34692
1.36281
1.26152
1.45208
1.36326
1.03285
1.07924
0.103629
0.631971
0.785448
0.389382
1.06301
1.2011
0.764745
0.13509
0.694775
0.949433
0.766829
1.10743
1.14136
1.19587
1.26311
0.795806
0.353791
0.273838
0.590618
0.743837
1.17037
1.39179
1.24704
1.83673
1.8618
1.70281
1.40295
1.19411
0.473227
0.619208
0.518617
0.766229
0.631262
0.499666
0.771114
0.684992
0.935234
0.996788
1.45435
1.16838
1.01724
0.619223
0.877048
1.58151
0.956589
1.42232
0.803267
0.875091
0.580641
0.728809
0.799027
1.04044
0.895066
0.746588
0.429341
0.072209
0.345402
0.294112
0.385499
0.365183
0.120497
0.365205
0.15688
0.158938
0.615067
0.796191
0.406222
0.37751
0.325042
0.19977
0.37961
0.572052
1.06611
0.987081
0.680451
0.781233
0.539965
0.517739
0.486868
0.206705
0.450308
0.37463
0.494028
0.37548
0.384711
0.701834
0.62324
0.0801831
0.375192
0.263945
0.500407
1.0982
1.09438
0.775651
0.438677
0.270198
0.486021
0.684133
0.692348
0.757997
0.467082
0.861444
0.344939
0.336531
0.326192
0.495463
0.761879
0.0183119
0.696457
0.808963
1.0867
0.556429
0.377553
0.263653
0.215965
0.503327
0.909527
0.542877
0.74672
0.924352
0.870789
0.137714
0.119754
0.349131
0.258463
0.187716
0.110882
0.217151
0.294988
0.299565
0.222492
0.163378
0.167478
0.727938
0.407305
1.13644
1.16447
1.33446
1.33011
1.20954
1.29804
0.991004
0.3828
0.536202
0.109185
0.428018
1.15933
1.13831
1.17413
0.386844
0.292572
0.219555
0.274482
0.684247
0.518633
0.916402
0.488038
0.939025
0.410379
0.409374
0.177767
0.825241
0.833707
0.524623
0.616702
0.724415
1.00215
1.37166
1.1145
0.822717
0.839136
0.37844
1.11952
1.0846
0.720743
0.830158
1.22837
1.4481
1.51053
1.23668
1.33752
1.23692
1.14321
1.2351
1.58568
1.46454
1.19506
2.07238
2.23478
1.90032
1.46516
1.34697
1.25562
0.826062
1.0425
1.48904
0.922072
1.24952
1.31304
1.60425
1.99742
1.78514
1.67776
1.79062
1.85478
1.64855
1.81992
1.41444
1.4756
0.890522
1.15698
1.47622
1.41237
1.19991
0.787011
0.783071
1.08269
1.72448
1.95267
1.60698
1.54814
1.57351
1.12885
1.02875
1.48794
1.63472
2.0719
1.43307
1.30612
1.16425
1.32332
1.01161
0.589275
0.537484
0.566989
0.36943
0.617367
0.851973
0.342945
0.490551
0.21444
0.465421
0.702979
0.854077
0.794775
0.452429
0.287961
0.302911
0.117106
0.681808
0.134067
0.808413
0.662105
0.512557
0.488506
0.283654
0.126472
0.541082
0.118953
0.609342
0.761545
0.543875
0.439844
0.507646
0.115332
0.40631
0.548178
0.442239
0.955765
1.05819
1.31323
1.47755
1.34051
1.26592
0.826986
1.24759
1.21409
1.40284
2.29816
1.51529
1.45038
1.21263
1.88726
1.69772
1.32299
0.709393
0.62343
0.398299
0.626493
0.678428
0.919077
1.22926
0.688835
1.17077
0.616885
0.155741
0.808382
0.718769
0.9059
1.31044
1.20065
1.32083
1.11468
1.52038
1.31338
1.79268
1.96025
1.79112
1.31265
1.12197
1.07404
0.875097
1.09461
1.18951
0.947987
1.74057
1.91946
1.69326
1.01364
0.891769
1.12794
1.22618
1.35045
0.527756
0.679935
1.20524
1.2452
1.86327
1.69481
2.21882
2.0596
1.5265
1.61152
1.85776
2.19678
1.81135
1.9348
1.92966
2.18331
1.82537
1.98723
1.6159
1.97473
1.3978
1.64114
1.90785
1.60561
1.52376
1.55448
1.4188
1.44438
1.14027
1.46845
1.55692
0.829699
0.579444
0.596551
0.271034
1.44869
1.1435
1.06006
0.907407
0.853076
0.807901
0.885278
1.11538
0.604033
1.19448
1.87139
1.96741
1.82859
2.35603
1.8265
1.71613
1.35804
1.23657
1.25734
1.54721
1.59042
1.78871
1.62187
1.29109
1.46372
1.42661
1.84653
1.82965
2.36609
1.9018
1.96334
1.76246
1.92291
2.02453
2.18162
1.76448
2.1063
2.15806
2.22709
1.93435
1.45842
1.52407
1.31102
1.33415
1.39281
0.989653
0.787138
0.730933
1.55925
0.985829
0.770081
0.985321
0.653476
0.919394
0.405534
0.444106
0.144107
0.399459
0.401119
0.288059
0.499692
1.09674
0.914999
0.707116
1.03134
0.741823
1.06136
0.670686
0.296534
0.320966
0.328639
0.832102
0.466681
0.368191
0.875259
1.11069
1.24501
1.69506
1.90722
1.81416
1.99283
2.05802
1.71989
1.982
1.88026
1.26119
1.51243
2.03045
1.78705
1.75027
1.75764
1.73632
1.48414
1.31918
1.59623
1.76646
2.0466
2.10965
1.83581
1.25327
1.24273
1.56774
1.27769
1.50853
2.14373
2.48553
2.41582
3.19515
2.60828
2.13539
1.87795
1.2883
1.30547
1.06347
0.996364
0.569933
0.588446
0.551899
0.733089
0.335619
0.461326
0.722765
0.92505
0.683792
0.982171
1.03292
1.0215
0.84849
0.441354
0.457165
0.620184
0.773132
0.757638
1.15929
0.528811
1.07136
0.552124
0.95321
0.770691
0.985091
0.525013
0.616528
0.518281
0.274299
0.131148
0.423425
0.753677
0.815261
0.812071
0.687715
0.648387
0.560668
0.783672
0.958858
0.618575
0.610389
1.06107
0.257181
0.276943
0.820614
0.547528
0.520555
0.392377
0.415558
0.630183
0.682968
0.671061
0.938852
0.996184
0.509774
0.333386
0.774022
0.185329
0.370368
0.284521
0.109806
0.370711
0.539925
0.584646
0.659151
0.583211
0.94785
1.33308
2.11615
2.17125
1.92125
1.40776
1.17866
1.17284
1.12328
1.06976
1.06879
1.46011
1.35648
1.20574
1.01557
1.11726
0.619663
0.96327
1.15613
0.556519
1.02982
1.2297
0.997572
1.13625
1.02582
0.520003
0.322982
0.904718
0.471849
0.357417
0.497719
0.649239
0.318736
0.816244
0.457833
0.765888
0.79704
1.44947
0.87034
1.06645
1.53192
1.26533
1.40364
1.01303
0.321001
0.733405
1.19836
0.569537
0.909593
1.57773
1.40249
1.3646
0.912116
0.986877
1.55464
0.886505
1.34681
0.852929
0.608383
0.509085
0.512033
0.459293
0.471701
0.141158
0.527016
0.859242
0.735552
0.579098
0.407939
0.685803
0.76275
0.231161
0.770684
0.362988
0.899162
0.408543
0.957884
0.973756
0.888548
0.595556
0.630206
0.874942
1.0671
1.47509
1.52151
1.14303
1.10308
1.14243
0.992712
0.917767
0.630239
0.517113
0.584504
0.92331
0.94789
0.810612
1.493
1.34028
1.26581
1.45705
1.56997
1.76892
1.54049
1.17596
1.51761
1.89449
1.52965
1.34216
0.927826
0.929406
0.279073
0.572098
0.683272
0.552013
0.385243
0.937723
0.885735
0.638705
0.751783
1.15833
0.914945
1.18291
1.44153
1.54514
1.26502
1.56834
1.34757
0.487964
0.52805
0.898923
0.793217
1.05632
1.33168
0.898758
1.30849
0.905693
0.94551
0.800606
0.786965
0.728029
0.530987
0.692414
0.643216
0.530817
0.523458
0.114702
0.250729
0.671097
0.888251
1.07339
0.676324
0.444184
0.17026
0.819367
0.664484
0.625526
1.1923
1.59815
1.02184
1.38052
1.43501
2.09133
1.61803
1.76338
1.36162
0.97981
0.769046
0.948749
0.479669
1.10026
1.05761
1.33759
0.561882
0.771616
1.30902
0.681327
0.818172
0.65052
1.15586
0.513906
0.531865
1.22656
1.61832
1.71162
1.17316
1.29873
0.818258
1.22016
1.12375
0.960723
1.66962
1.8608
1.36426
1.58372
1.26112
0.945665
1.12977
1.05192
1.65006
1.83167
1.2624
0.848039
0.737128
1.01997
0.649827
1.14583
1.32812
1.27084
1.21951
1.06389
0.565067
0.617307
0.65913
0.248673
0.56392
0.978737
0.711031
0.63845
0.794142
1.05896
0.794393
0.603455
0.415356
0.749791
0.891225
0.550076
0.253507
0.581059
0.217548
0.690705
0.309515
0.658919
0.241638
0.357031
0.314547
0.323753
0.483109
0.83047
1.0378
0.456706
0.330274
0.94418
1.25096
0.932528
1.14683
1.04251
0.990395
0.962279
0.861116
0.398128
0.543413
0.613081
0.0801692
0.321016
0.476247
0.49539
0.469523
0.273325
0.576633
0.287712
0.470495
0.728124
0.792487
0.997716
0.650306
0.631785
0.371055
0.411247
0.320755
0.360262
0.519788
0.59047
1.17124
0.999961
0.566657
0.733378
0.819909
0.295052
0.349325
0.1543
0.474773
0.467023
0.567759
0.535477
0.822528
0.890112
0.691853
0.183075
0.145251
0.529823
0.309192
0.559016
0.617322
0.265225
0.93542
0.698905
0.589995
0.191319
0.496954
0.334464
0.560428
0.610785
0.0693642
0.191406
0.553704
0.171094
0.228009
0.151141
0.559639
0.775457
0.982337
1.89308
1.30872
1.43787
1.14826
0.809169
0.862053
0.792303
0.511419
0.904238
0.977597
0.356579
0.702438
0.561721
0.0878808
0.274247
0.656437
0.39617
0.351844
0.0666678
0.471007
0.581671
0.435664
0.574348
0.248182
0.271238
0.508239
0.610159
0.655831
1.32103
1.13735
1.06298
0.43751
0.480582
0.419571
0.129727
0.386281
0.290587
0.430364
0.698197
0.651325
0.426975
1.095
1.1998
1.6949
1.2729
1.17629
1.00887
0.79758
1.19405
1.40819
0.832916
0.726412
0.374154
0.132444
0.83602
0.895949
0.861534
1.0694
1.1664
1.1676
1.23401
1.21636
1.17918
1.22879
0.497589
0.335853
0.581539
0.034675
0.273174
0.148716
0.455771
0.355419
0.451405
0.732928
1.33753
0.352829
0.205863
0.060153
0.530901
0.584196
0.996025
1.23154
1.31111
0.989338
0.970206
1.18034
0.911031
0.477333
0.67786
0.252157
0.390944
0.546505
0.282426
0.0867159
0.674116
0.544425
1.03718
0.438873
0.846604
0.927041
1.30268
1.0357
1.38357
1.18789
1.38167
1.53369
1.53517
1.31539
0.973953
0.82463
0.488466
0.513261
0.554916
0.655727
0.994553
1.1238
1.00083
0.785579
1.00432
0.813502
1.2195
0.991017
0.463237
0.169602
0.487637
0.409755
0.856623
0.956368
1.24482
1.33475
1.03136
0.686984
0.286631
0.90537
0.695789
0.310798
0.442946
1.07279
1.3022
1.73546
1.72917
1.12104
0.574651
0.950556
0.774312
0.640469
1.07913
0.954004
0.491108
0.485237
0.838076
0.883963
0.948043
0.828265
0.693558
0.698293
0.514276
0.306145
0.422732
0.557132
0.922959
0.714501
0.678772
0.245197
0.54767
0.93833
0.874518
1.1294
1.06261
0.955905
1.33653
2.10523
1.89897
1.45824
1.236
0.872086
1.66647
1.89768
1.50347
1.37275
1.04921
0.826091
0.901118
0.397149
0.341012
0.539184
0.777679
1.21543
0.52439
0.692797
0.834134
0.729993
0.142669
0.402257
0.280316
0.605297
0.64736
0.795868
0.545906
0.619039
0.221579
0.899043
0.898401
1.18903
1.10439
1.58592
1.78214
1.69425
1.75841
1.6918
1.43354
1.50818
1.33295
1.56614
1.32096
1.23324
1.19927
1.11627
0.852165
0.660022
0.597218
0.476906
0.356079
0.294172
0.522291
0.448927
0.650883
0.976285
0.577173
0.537456
0.435139
0.323583
0.188375
0.343538
0.489634
0.775641
0.963503
0.396316
0.459598
0.175197
0.687808
0.575305
0.521067
0.505717
1.06503
0.904351
1.03796
1.20051
1.09968
1.29332
1.05229
1.213
0.797505
0.708821
1.02969
0.618063
0.29156
0.37689
0.974266
0.993796
1.18251
1.17468
1.1911
1.12832
0.427704
0.297956
0.289574
0.409507
0.358945
0.131355
0.474545
0.255353
0.528693
0.1171
0.454791
0.719515
0.43133
0.725297
1.04083
1.48688
0.904211
1.08396
0.912451
1.24744
1.32558
1.26469
1.35017
1.05705
0.846981
0.787793
0.777959
0.754486
0.917417
0.745529
0.567923
0.609511
0.559914
0.888671
1.35337
0.734552
0.827438
0.624003
0.734357
0.97349
0.318788
0.0937569
0.133455
0.312298
0.212675
0.573329
0.669888
0.669997
0.759606
0.532586
0.628122
0.482377
0.834394
0.823559
0.782382
1.12066
1.09346
1.28502
1.47128
1.44705
0.786923
0.810162
0.782822
0.481871
1.25111
0.898764
0.540112
0.936964
0.457924
0.823392
1.09715
1.34201
1.50425
1.30739
1.41869
1.34493
1.30845
1.4324
1.3115
1.70975
0.993844
0.861652
0.524015
0.398078
0.548867
0.266071
0.293472
0.399104
0.632713
0.397975
0.931577
0.646833
0.689898
0.576148
0.64203
0.416131
0.680992
0.206813
0.286731
0.483009
0.778376
0.583079
0.541686
0.0757368
0.0600048
0.25841
0.165676
0.0922629
0.151055
0.570761
0.361691
0.415906
0.513354
0.835136
0.395182
0.568367
0.765475
1.06499
0.777417
0.2219
0.859271
1.3712
0.802697
1.05924
0.695511
0.548955
1.09182
1.13977
1.12877
1.09293
1.01181
0.72249
0.619929
1.02256
0.845145
0.444477
0.314833
0.662953
1.09352
1.25421
0.690826
0.464888
0.696815
0.892802
0.686461
1.04746
1.07227
0.470302
0.970103
0.303527
0.678234
0.589795
0.117064
0.206206
0.322676
0.144488
0.444172
0.94953
1.00345
1.73897
1.71872
1.46781
0.749849
1.43626
0.625501
0.693276
0.832978
1.0598
1.8084
1.19863
1.40367
1.46096
1.13429
0.362446
0.331674
0.335033
0.27585
0.31956
0.486572
0.239566
0.736954
0.702038
1.15798
0.923558
0.789487
0.763868
0.72485
0.596624
0.569736
0.317235
0.448786
0.33111
0.536611
0.931195
1.5832
0.970658
0.391149
0.148631
0.101486
0.312762
0.716177
0.284683
0.814922
1.2854
1.39986
1.5953
1.40861
0.893718
0.905655
1.27861
0.681169
0.811646
0.666519
0.372861
0.265644
0.464194
1.18887
0.848031
0.657555
0.386389
0.877118
0.450405
0.43444
0.866939
0.445653
0.634949
0.103726
0.0608828
0.593807
0.318423
0.53357
0.308911
0.223456
0.641117
0.450835
0.929277
1.04248
0.921834
1.31739
1.74616
1.43325
1.59713
1.68555
1.86747
2.00084
2.23362
1.70178
2.13417
2.49945
2.8099
2.18007
1.68556
1.35135
1.04647
0.697356
0.999602
0.978132
1.29244
1.07121
1.38325
1.72555
1.4074
1.48712
1.56936
1.52324
1.47223
1.10218
0.84069
0.564861
1.05222
0.613584
0.798052
1.23449
1.23852
1.25494
1.68044
1.79458
1.93866
2.23499
2.24437
1.86048
1.98831
1.66927
1.26245
0.989438
0.969864
0.92331
0.653265
0.34125
0.476898
1.15308
1.3355
0.683403
1.24358
1.17888
1.37356
0.881906
0.675843
0.924683
0.656587
0.501264
0.417545
0.264854
0.83009
1.14569
1.0924
1.44655
0.706989
1.19031
1.36077
1.9814
1.75183
1.8447
1.71442
1.4982
1.33061
1.38857
2.10852
2.27189
2.38183
1.54725
1.52405
1.23145
1.91422
1.85105
1.75693
1.92392
1.85144
1.81806
1.78398
1.94814
1.67278
1.37686
1.66186
1.84886
1.86455
1.13711
1.12649
0.629127
0.922293
1.57617
0.803845
0.858683
0.639704
1.02172
1.00588
0.952545
1.03956
0.882048
0.923894
0.129662
0.311136
0.409677
0.46444
0.279032
1.03445
0.835568
0.825705
0.539071
0.209026
0.216493
0.222297
0.149476
0.410421
0.939688
0.701827
0.472979
0.256429
0.418296
0.888826
0.883123
0.395821
0.286908
0.870624
0.967162
1.1413
1.4329
0.74907
0.554121
0.57901
1.35538
1.2431
1.43471
1.64952
1.55998
0.897013
1.24878
1.20337
1.36105
1.66682
1.48254
1.81806
2.10776
2.09966
2.28783
1.96912
1.04239
1.25483
1.08362
0.752125
0.85004
0.647037
0.771268
1.26023
1.66774
0.887203
0.85787
0.246982
0.550886
0.079768
0.464505
0.490119
0.930705
1.04325
0.735363
0.472946
0.0514862
0.24669
0.171328
0.557693
0.637956
1.25036
1.54312
2.18345
1.97787
1.59733
1.90889
2.15714
2.91561
2.53244
2.60578
2.43067
2.96198
3.04562
2.12901
2.30033
1.85731
2.32263
1.96962
2.01527
1.53801
1.28514
1.17911
0.814204
1.12534
1.51461
1.09065
1.32809
1.16183
1.37832
1.59991
1.25244
1.38831
1.38151
1.5529
1.4654
1.27967
1.68821
1.84824
2.15543
2.1244
1.93129
1.94717
1.80461
1.97829
1.84671
2.14835
2.06135
1.97753
1.63065
0.532423
0.675581
0.966964
0.50138
1.11893
0.739859
0.768382
0.63185
0.854396
0.454094
0.57598
0.720605
0.773556
0.710714
0.983935
1.02946
1.03923
0.229265
0.457416
0.665841
0.875796
0.768437
0.684077
0.460437
0.447318
0.289694
0.593607
0.42469
0.327169
0.626404
0.270292
0.610296
0.718803
0.556312
1.19585
1.01172
1.86056
1.74634
1.32178
1.00985
0.803746
0.927604
0.337347
0.223194
0.188366
0.55897
0.761903
0.319725
0.857313
0.938632
1.16312
1.22538
0.837398
0.896014
0.496895
0.405725
0.619569
0.55267
0.3365
0.58458
0.178251
0.490387
0.397291
0.236812
0.206641
0.239533
0.196202
0.367766
0.522405
0.790696
0.662581
1.25045
1.24941
1.0138
1.61288
1.56925
1.94744
1.17416
1.04308
0.789597
1.16978
0.591332
0.497097
0.914
1.1138
1.41358
1.18432
1.15245
1.24176
0.863364
1.2155
1.04985
1.27549
0.766943
0.710152
0.234453
0.411964
0.657951
0.797617
1.25794
1.36218
1.4418
1.64692
1.05502
1.01173
0.806725
0.645388
0.693949
0.377871
0.413974
1.22426
1.03892
0.832198
0.668547
0.816676
0.593727
0.574175
0.675958
0.715414
0.974469
0.9479
1.19931
1.61562
0.9178
0.829288
0.76647
0.565361
0.558369
0.94912
0.915953
0.830317
0.605085
0.754908
0.602463
0.635907
0.617644
0.683746
0.707873
0.383155
0.36369
0.245915
0.765047
0.510809
0.487523
0.463069
0.919564
1.15775
0.524385
0.738457
0.52588
0.654578
0.232037
0.234253
0.830633
0.601355
0.781184
1.12651
1.0539
1.21933
1.54959
1.62606
1.31077
1.41495
1.04069
0.971843
0.987534
0.659372
0.464573
0.727594
0.862333
0.907631
0.638913
0.377486
0.451183
0.5201
0.413538
0.329239
0.571944
0.879337
0.779452
1.03773
1.55384
1.49397
1.13771
1.14479
0.798542
0.220776
0.453807
1.14987
1.16216
1.04087
0.734084
0.75258
0.741533
0.386116
0.475317
0.932853
1.12481
0.904329
0.871921
1.29327
1.53533
1.06141
0.910533
1.1389
1.69429
1.46241
1.58485
1.22404
1.51285
1.45937
1.07671
1.51269
1.76889
1.69062
1.74456
2.00201
1.74175
1.59773
1.93683
1.81217
1.55055
1.44072
0.98774
0.754342
1.00145
1.31884
1.44947
1.85017
1.85402
1.53893
1.86894
1.76557
1.9573
2.07355
1.57948
1.24064
1.14963
1.23163
0.8252
1.00725
1.4341
1.13324
0.915135
0.673798
0.414924
0.10245
0.393193
0.120585
0.321071
0.6128
1.07596
0.598349
0.37068
0.912345
1.41269
1.16331
0.973398
0.821535
0.288661
0.440959
0.515953
0.850372
0.768013
1.07126
1.00905
1.08646
1.20043
0.519349
0.449113
0.24495
0.428119
0.333191
0.24649
0.313667
0.47243
0.246503
0.304123
0.0414407
0.430194
0.465272
0.333861
0.701838
1.11834
1.56408
1.54008
1.61217
1.55745
1.32095
0.71991
1.33957
0.934041
0.918845
1.16409
1.0917
0.941157
1.34297
1.5033
1.51409
1.53793
1.35472
1.46448
1.59597
2.18903
1.86453
1.74465
1.67541
1.57155
1.45119
1.69002
1.16986
0.677657
0.683736
0.47135
0.570626
0.147839
0.345167
0.313699
0.386322
0.103042
0.608539
0.561415
0.490535
0.873365
1.3678
1.58401
1.21047
0.88367
0.921169
0.293132
0.356428
0.39622
0.586372
0.511617
0.729547
0.706165
1.10309
1.36758
1.35186
1.13133
1.20322
0.67346
0.4608
0.819062
0.670656
0.764872
1.08411
1.32935
0.876651
0.701653
0.221381
0.31182
0.312038
0.506284
0.415627
0.240974
0.510812
0.331842
0.660726
0.922083
1.21377
1.5272
1.03195
0.605721
0.516248
0.821374
1.00748
1.7008
1.88805
1.6374
1.84419
2.07562
1.66787
1.35782
1.31487
1.24022
0.922046
0.898562
1.20846
0.743224
1.57388
1.50385
1.35206
1.41829
0.783622
0.81014
1.07812
1.10851
1.0596
1.03714
0.751942
0.482846
0.209135
0.34224
0.956393
1.1417
1.09866
1.0713
1.11634
1.04405
1.12263
1.08483
0.939216
0.81451
1.21468
0.563569
0.577772
0.677025
1.00706
0.591112
0.994109
0.510367
0.997268
0.471855
0.192076
0.197349
0.582392
0.66324
0.58086
0.659394
0.453295
0.404995
0.292382
0.0774401
0.355575
1.19403
1.5912
1.96278
1.8548
1.50985
1.16743
1.01385
0.760006
0.940902
0.879198
0.298118
0.423904
0.339175
0.113439
0.742875
1.06625
0.737057
0.246523
0.264495
0.378737
0.307564
0.470299
0.999135
0.414289
0.519367
0.403711
0.810977
0.455301
0.747792
0.251391
0.290517
0.410804
0.277263
0.721156
0.653702
0.44084
0.835339
0.980419
0.80183
0.993606
0.156474
0.11588
0.627977
0.152017
0.21076
0.492891
1.01895
0.78092
0.974062
1.23881
1.05481
1.13668
1.21923
0.740649
0.95785
0.825189
1.0841
0.513358
0.241683
0.52114
0.935837
0.77765
1.10919
0.924818
0.57917
0.156029
0.303008
0.592603
0.565472
0.722305
0.900338
1.0243
1.04364
0.693495
0.137785
0.304217
1.03023
1.07819
1.35971
1.51207
1.71758
2.47818
2.07369
1.71673
1.67304
1.57066
1.81649
1.80744
1.37265
1.36828
1.11429
1.09869
1.54283
1.21118
1.00375
0.92316
1.09912
0.45397
0.809679
0.798527
0.547094
0.736155
0.7499
0.112809
0.536777
1.01258
0.711385
0.629127
0.76347
0.584338
0.876698
0.874795
1.11908
1.0324
1.06538
0.978334
1.31629
1.17469
1.17547
1.33339
1.46338
1.39184
2.00418
1.43305
0.897904
1.09882
1.40292
0.734246
0.360799
1.0243
1.17055
1.3523
1.3292
1.61776
1.88091
1.56838
2.21967
1.72152
1.17285
1.37664
2.21503
1.31504
0.892001
1.15489
1.093
0.961325
1.47771
1.13597
1.24555
1.1668
0.981967
1.22531
1.22263
0.859097
0.911004
0.953435
1.01456
1.04544
1.35474
0.944801
1.19455
1.27965
1.23435
1.11233
0.586293
1.43942
0.940181
1.19631
1.08195
1.04017
1.13987
1.67893
1.42789
0.957436
1.05706
1.22446
0.825093
0.787589
0.99241
0.638635
0.49121
0.721482
1.00579
0.953175
1.09093
1.33484
0.943597
0.191435
0.278354
0.588512
0.485888
0.435612
0.332984
0.557495
0.982103
0.875228
0.605182
0.892703
0.767917
0.699713
0.894332
1.82328
1.45167
1.43632
1.53768
1.07524
0.534393
1.09482
1.26426
1.31358
1.60169
1.37837
1.44346
1.43727
1.34126
0.393054
0.699647
0.51664
0.300935
0.614972
0.934324
1.29205
1.64673
1.90788
1.93183
1.34991
0.886639
0.97649
0.880599
1.38434
0.796605
0.598071
0.688105
0.524534
0.827214
0.634723
0.465682
0.372902
0.289004
0.712436
0.94917
1.04369
0.451728
0.551114
0.846432
0.397544
0.312091
0.311481
0.54511
0.1831
0.368556
0.685691
1.14162
1.44813
1.74681
2.28565
1.32466
1.16628
0.747461
1.4597
1.40859
1.66208
1.84258
1.71934
1.81301
1.90643
1.841
1.2471
1.39653
1.34513
1.12068
1.58273
1.47606
1.5542
1.45263
1.70625
1.2319
1.10513
1.71094
1.54056
1.20142
0.721175
1.01236
1.08189
1.26001
1.46046
1.5647
1.62788
1.46622
1.60498
1.42016
1.63065
1.8986
1.40099
0.885215
0.432729
0.35705
0.394602
0.711974
1.10775
1.02713
1.26747
1.4259
1.41023
1.32622
1.01237
0.776253
0.398169
0.501431
0.416085
0.791706
0.752906
0.710544
1.09232
1.66185
1.65565
1.79599
1.25437
1.56488
1.70596
1.33148
1.34005
1.09212
0.568039
0.556133
0.956409
0.832795
0.875106
0.590591
0.636865
0.286969
0.509909
0.248587
0.570759
0.750597
1.29748
1.22129
1.24397
1.28678
1.44345
1.49112
1.3542
1.85523
1.56111
1.49432
1.20458
0.926374
0.776806
0.726085
0.396992
0.344097
0.544587
0.909117
0.955488
0.579983
0.427836
0.533342
1.54331
1.56962
0.967011
1.11007
1.12196
1.51401
1.79827
1.74657
1.42811
0.904157
1.07198
1.22883
1.45262
0.961817
1.15615
0.608582
1.02104
1.2331
1.24487
1.07247
0.919536
1.21606
1.10902
1.24086
1.43571
1.4881
1.08028
1.41882
1.02526
1.03265
0.900993
0.728643
0.392995
0.430686
0.57098
0.763445
0.332086
0.366915
0.828359
1.51004
1.781
1.73455
1.65718
1.64149
1.71814
1.2678
1.55536
1.23032
1.45703
1.43298
1.51952
1.83534
1.74694
1.72169
1.3457
0.642895
0.866526
0.475787
0.574167
0.532066
0.197314
0.428996
0.469019
0.465956
0.256445
0.217058
0.28129
0.462833
0.790277
1.22719
1.18197
1.35842
1.1989
0.897307
0.625334
0.459069
0.579767
0.542179
0.670879
0.549012
1.00413
1.04034
0.702189
0.18787
0.600405
0.828376
1.07308
1.40187
0.61278
0.498217
0.289886
0.845397
1.29327
1.11599
0.954925
1.10063
0.797637
0.597183
0.717938
0.580734
0.60827
0.580264
0.251583
0.6695
0.906295
1.3992
1.08859
1.02636
0.469373
0.482262
0.85424
0.488957
0.861066
1.13261
1.4618
1.61118
1.60327
1.5423
1.84316
1.84935
1.49111
1.81152
1.77183
1.85403
1.81817
1.54923
1.1994
0.951974
1.30247
0.619827
0.800193
0.764182
0.640968
1.25381
1.41506
1.62872
1.2881
1.4129
1.05741
1.06671
1.25293
1.13358
0.827303
0.71977
0.48992
0.0848538
0.511859
1.00483
0.995252
1.09168
1.3019
1.18405
0.869091
0.563747
0.841125
0.478817
1.35175
0.912298
1.12157
1.16753
1.39899
1.3769
1.5728
1.12801
0.901064
0.892852
0.77195
1.12309
1.52675
1.08919
1.04211
0.979909
1.23192
1.65481
1.9595
1.9898
1.79716
0.986355
0.738997
0.568331
0.344549
0.352432
0.208917
0.651701
0.372169
0.319104
0.347018
0.377582
0.842988
1.48797
1.68314
1.67564
1.89759
1.43295
0.783773
0.978863
1.03497
0.632837
0.798888
0.250838
0.663189
0.0362459
0.65767
0.71246
0.542925
0.649316
0.506391
0.337031
0.645471
0.593796
0.99376
0.709753
0.445714
0.860654
0.63293
0.373857
0.46464
0.394792
0.414628
0.380401
0.709409
0.563499
1.13202
1.1442
1.36276
0.8609
0.961856
1.17427
0.427923
0.254559
0.318947
0.170264
0.265176
0.623746
1.28657
1.0377
0.852603
0.948807
1.00375
1.65612
1.55887
1.3265
1.09468
1.46749
1.82833
2.36396
2.42247
2.43786
1.74389
1.26758
0.820314
1.05672
1.15052
1.2581
1.69699
0.883255
0.862635
0.852945
1.12932
1.38329
1.37257
1.85006
1.87796
1.69234
1.76639
2.00373
1.20314
1.00475
0.996178
0.83182
0.183454
0.0405805
0.677529
0.754606
1.01926
1.16769
1.33649
1.04438
1.52808
1.27584
1.57384
1.45721
1.28152
1.29259
1.05637
0.935289
0.949022
0.704423
0.290049
1.06633
0.349741
0.371256
0.780955
0.865618
0.746185
0.629697
0.963476
0.957049
0.780631
0.970079
0.471736
0.879821
0.988687
1.41245
1.18437
1.43682
1.00547
0.462727
0.838456
0.993775
1.02459
0.701734
0.710106
0.797841
0.559369
0.508136
0.537893
0.496102
0.829322
0.968478
0.895967
1.35015
1.50051
1.21179
1.70736
1.94272
2.1289
2.39959
2.33681
1.94163
1.33966
1.02966
1.00387
1.12373
0.92611
1.09381
1.31976
1.37388
1.5596
1.24317
0.798184
0.645808
0.605533
0.530299
0.97499
0.423089
0.295876
0.273535
0.167572
0.207903
0.476056
0.399778
0.0829922
0.464405
0.625298
0.913326
0.957637
0.8411
0.937925
0.655596
0.493875
0.752609
0.52467
0.403094
0.0586245
0.783431
0.546658
0.292393
0.511259
1.08006
1.10084
1.18811
1.08744
1.36331
1.58182
1.5182
0.944416
1.34368
1.78739
2.20424
2.29607
1.85061
1.36418
0.85181
0.982656
0.672232
0.926668
0.625935
0.754282
0.912135
1.21563
0.763911
1.07213
1.17404
1.21481
1.12739
0.735134
0.681604
0.304292
0.702812
0.509404
0.394401
0.24717
0.574762
0.352958
0.550489
0.595709
0.51327
0.327287
0.398166
1.16529
1.42738
2.07874
1.80801
1.60249
1.69693
1.95345
1.8156
1.81619
1.76326
1.48652
0.813475
0.717706
1.11518
1.19631
0.733337
0.786038
0.295694
0.338988
0.700104
0.678755
0.487706
1.07841
0.845037
1.07509
1.2891
1.42277
0.739387
0.55556
0.76081
0.829475
1.16039
1.42059
1.05582
1.35968
0.796371
0.422108
0.436335
0.276438
0.389933
1.051
1.67033
1.49734
1.29161
1.03722
0.967936
0.736965
0.337338
0.277413
0.12697
0.17338
0.322453
1.00144
0.70709
0.818351
0.503206
1.10365
1.50851
1.98712
1.64717
1.41568
1.17155
0.986742
0.470142
0.441549
0.370508
0.294874
0.872765
0.709853
1.21614
1.49688
1.54032
1.08309
0.632687
0.33346
0.930554
0.589996
0.686199
1.28469
0.997838
0.625845
0.384298
0.135463
0.738261
0.758402
0.511386
1.13051
1.1265
1.21578
1.21222
1.2881
0.858368
1.28822
1.26514
0.850937
0.347373
0.858852
1.41927
1.04097
1.43227
1.50444
1.27158
1.2965
1.54085
0.920958
1.12819
1.46927
1.1037
1.00828
0.858794
0.887102
0.89634
0.927631
0.525219
0.171613
0.393502
1.08641
0.582429
1.06408
1.26826
0.235683
0.743518
0.964168
0.784723
0.365114
0.584764
0.577132
0.415282
0.370614
0.735568
0.84615
0.740656
0.55155
1.00054
1.04323
0.47554
0.439773
1.3986
1.33415
1.1508
1.06091
0.836354
1.17918
1.52248
1.02833
1.31311
0.895794
0.765337
0.382966
0.437612
0.50964
0.39757
1.13525
0.779032
1.1723
0.867768
1.10205
1.23355
1.48429
1.38854
0.682107
1.33016
1.0346
1.0074
1.73569
0.757987
0.884877
1.04661
0.726864
0.797243
0.604349
0.772539
0.57786
1.02936
0.802333
0.530721
0.181451
0.255854
0.427375
0.820081
1.27065
1.39264
1.24098
1.04003
1.24734
1.49298
1.13894
0.837944
1.83968
1.11485
1.10813
1.43476
1.22298
1.33819
1.3121
1.09553
0.599379
1.00022
1.1791
1.39902
1.07581
0.747524
0.369364
0.807543
0.455506
0.283988
0.721976
1.12907
1.53342
1.39872
1.28607
1.71176
2.13243
2.22515
2.27077
1.86908
2.51807
2.07743
1.97025
1.83858
2.03134
1.62469
1.61262
1.68393
1.89293
1.94139
1.53964
0.902014
0.688881
0.677199
0.779236
0.349003
0.766662
0.958967
1.28014
1.57185
1.48019
1.2143
1.21408
1.04691
0.70944
0.263717
0.106001
0.390712
0.414902
0.380122
0.383762
0.448223
0.444734
0.972921
1.37294
1.54787
1.0541
0.560716
0.776107
1.10399
0.985126
0.734904
0.615769
0.642241
0.945775
1.59078
1.33828
0.789775
0.640615
0.975436
0.797294
0.567476
0.817658
0.699687
0.957917
0.605286
0.170206
0.434268
0.375063
0.901671
1.24239
0.949845
1.31502
1.12279
1.45794
0.87089
1.80191
1.05711
1.08497
0.800586
1.22532
1.70984
1.81993
1.84176
1.9046
1.86976
1.95132
1.2477
0.68523
0.937832
0.620485
0.554547
0.5526
1.10594
1.44472
1.46438
0.900012
0.308316
0.518134
0.553295
0.286809
0.502609
0.157817
0.574277
0.410252
0.545002
0.795741
0.54971
1.19147
1.15533
1.66052
1.30292
1.54074
1.26125
1.53911
0.755412
0.989765
0.980294
0.506754
0.767054
0.541889
0.789044
0.14598
0.162197
0.594488
0.368016
0.517978
0.439875
0.125532
0.353695
0.159418
0.268228
0.150353
0.0517101
0.261832
0.227054
0.37246
0.508395
1.08009
0.322239
0.536355
0.456544
0.561238
0.932747
1.07317
0.918262
0.861833
0.338193
0.232061
0.687993
0.419973
0.719221
1.05477
1.16394
1.83638
1.22863
1.69331
2.04415
1.52894
1.6955
1.5713
0.863422
0.653542
0.961097
0.471856
0.761316
0.958111
0.922353
0.794385
0.868812
0.548698
0.887313
0.81965
1.06786
0.841844
0.883563
0.854784
1.0731
1.02118
1.98481
1.74137
1.02952
1.06958
1.35719
1.226
0.759448
0.470546
0.888791
1.31193
0.951932
0.692067
0.761077
0.607822
0.900908
0.76267
0.172363
0.413418
0.466182
1.06199
1.37762
1.30994
0.928739
1.05906
1.31213
1.62567
1.74659
2.21269
2.45601
2.2726
2.24805
2.16021
1.6592
0.952929
0.552632
0.545879
0.588148
0.807787
1.0994
1.15309
1.06704
1.22954
1.4251
1.44932
1.34424
1.23449
0.737479
1.08795
1.22668
1.10657
1.47992
1.45264
1.09144
0.546403
0.351227
0.398018
0.332717
0.519174
0.525772
0.844641
0.901178
0.793735
0.611433
0.885075
0.644163
1.23403
1.35862
0.790018
1.01797
0.878796
0.294807
0.665694
0.896299
1.13193
0.83134
0.502705
0.95601
1.13096
0.967735
0.764823
0.658332
0.255619
0.431561
0.998702
0.470934
1.12437
0.9608
1.05446
0.319401
0.626843
0.100834
0.380434
0.179027
0.390281
0.973316
1.48766
1.3095
0.828301
0.962747
0.481493
0.642108
0.534442
0.919337
0.798811
0.815638
0.297784
0.202085
0.337309
0.217765
0.572636
0.969936
1.16838
1.55666
1.06902
0.886611
0.797424
0.542723
0.36563
0.329919
0.923696
0.296696
0.275989
0.386348
0.579613
0.463979
0.361265
0.546524
0.402929
0.699962
0.621189
0.559054
1.12374
0.845395
0.67315
1.34615
1.14057
1.15565
1.22465
1.56366
1.38333
1.5988
2.01142
1.69718
1.45538
0.911975
0.575931
0.743013
0.194365
0.598778
0.449388
0.209346
0.400676
0.154766
0.392112
0.397148
1.07779
0.57217
0.602901
1.05799
1.15594
1.53428
1.65151
1.47474
1.6862
1.81088
1.66235
1.28601
0.916887
0.255054
0.678729
1.08938
1.38543
1.49712
1.63964
2.00322
1.83258
1.8096
1.60413
1.28561
1.59364
1.6366
1.34383
1.79835
1.36111
1.0062
1.32106
1.02819
0.457237
0.429545
0.634045
0.573593
0.640103
0.411411
0.838351
1.40705
1.72841
1.34069
1.13273
1.29895
1.51339
1.50221
1.37372
1.40227
1.08237
1.60815
0.823828
0.990391
1.14002
0.85251
0.985063
1.42958
1.67102
1.49951
2.00329
1.84376
1.03708
0.702579
0.832794
0.804511
0.504393
0.136102
0.293475
0.287535
0.339358
0.537453
0.267685
0.272051
0.841204
0.796135
0.570363
0.701696
1.29814
1.03866
1.44983
1.86179
1.33568
1.54098
1.19212
0.825867
1.08472
1.32794
0.950118
0.713261
0.904505
1.28786
1.31752
1.56454
1.1272
1.06298
0.74117
1.23902
1.20075
1.21168
1.06943
1.22917
1.13998
1.29035
1.3017
0.699542
0.805819
0.815371
0.833107
0.938937
1.06725
1.47379
1.21722
0.921052
0.63676
0.360127
0.189951
0.140244
0.335803
0.862729
0.62471
0.860535
0.964754
0.478137
0.790339
0.639799
0.411829
0.753646
0.43928
0.552242
0.560673
0.366929
0.418283
0.568133
0.784386
0.712347
0.588507
0.884304
1.05537
0.965229
0.611614
0.666164
0.427705
0.0477067
0.30146
0.452732
0.52853
0.316868
0.672361
0.64523
0.542147
0.222788
0.405363
0.133145
0.608752
0.648472
0.584428
0.804699
0.317069
0.0142319
0.272054
0.594734
0.433731
0.695872
0.498729
0.972274
0.931319
0.998928
0.735608
0.860165
1.12839
0.504169
0.475134
1.02424
0.791922
0.893141
0.548556
0.423614
0.911486
0.641285
0.864274
0.9402
1.27942
0.668423
0.997462
1.05858
0.862401
0.360218
0.350593
0.14158
0.316516
0.0957332
0.444685
0.216187
0.26061
0.147729
0.275942
0.665198
0.816004
0.651804
1.04529
1.09699
1.47236
1.46538
1.6534
1.13187
0.905719
1.2793
0.990103
0.657772
1.28355
2.04569
2.09927
1.90586
1.80306
2.09349
2.3055
2.63547
2.12511
2.28792
2.1502
2.17974
1.7134
1.70308
1.4586
1.53061
1.48101
1.3582
1.17822
1.59432
1.75764
1.87512
1.34906
1.51437
1.41424
1.17909
1.14856
1.0963
1.53647
1.83025
1.62987
1.69126
1.32757
1.10229
1.14305
0.965385
0.788125
0.975538
0.695213
0.610681
0.50411
0.280498
0.809863
1.08901
1.36423
1.51042
1.08597
1.0664
1.11745
1.41509
1.61283
0.902008
1.72302
0.915706
0.73186
0.593007
0.652855
0.490914
0.93744
1.14727
1.19362
0.809566
0.829525
1.03136
1.21418
1.37504
1.31843
0.896518
0.908876
0.849634
0.690023
0.564289
0.739777
0.195081
0.424977
0.83828
1.12095
1.21925
1.11988
1.45713
1.3325
0.914348
1.27175
1.59614
1.46225
1.11988
0.986776
1.39071
1.45893
1.60946
1.51582
1.25842
1.78126
1.68553
1.48308
1.15932
1.10157
0.938113
1.26755
1.02216
0.968517
1.35212
1.46038
0.972742
0.816939
0.617625
0.564823
0.0270186
0.567256
0.758457
0.790263
0.601454
0.346213
0.359369
0.482871
0.692013
0.767977
0.566783
0.333799
0.518624
0.655738
0.457058
0.0579863
0.257998
0.846994
0.668564
0.464564
0.800261
1.01807
0.836397
0.468684
0.74403
0.779261
0.929687
0.689709
1.01582
0.945015
0.611752
0.246086
0.418451
0.547879
0.821849
0.544577
1.06335
0.780759
0.880289
1.36799
1.22094
0.957664
1.18632
0.901807
0.978279
0.833347
1.0782
1.14537
1.22182
1.27247
1.92441
1.459
1.09424
1.68883
1.95338
1.71737
1.02416
0.423556
0.528572
0.718284
1.33287
0.816
1.74771
1.73927
1.67359
0.994685
0.976312
1.1325
1.08767
1.10497
1.44931
0.879008
0.43975
0.492447
0.284937
0.350459
1.61849
1.44521
1.37846
0.996547
0.988882
1.0566
1.65368
1.24197
1.01045
1.51847
1.25056
1.52971
2.00722
2.19047
2.47141
1.96792
2.32327
2.25593
1.6359
2.11814
1.66464
1.81614
1.72885
0.842748
1.03079
1.0147
0.282529
0.207335
0.291082
0.693762
0.574549
0.467033
0.659706
0.690655
0.62533
1.23611
1.56883
0.76767
0.646771
0.830501
1.30715
1.38965
1.22051
0.865738
1.23119
1.48841
1.29653
1.64236
1.43223
1.54397
1.30542
0.558212
0.0907424
0.120339
0.370131
0.584986
0.611208
0.906155
0.364681
0.376505
0.586346
0.617072
0.570431
0.773762
0.988449
0.939533
0.547443
0.629283
0.106114
0.373952
0.402953
0.315631
0.384384
0.466627
0.0649939
0.297208
0.506114
0.618706
0.491074
0.643149
0.325829
0.416499
0.403639
0.698842
0.756586
0.708622
0.500353
0.63351
0.875844
0.819213
0.967708
0.889689
0.653538
0.690005
0.0867264
0.394883
0.769785
0.487732
0.0835106
0.234687
1.07361
0.795182
0.877583
1.17428
1.31405
0.93765
1.01615
0.431468
0.281426
0.330275
0.143701
0.473747
0.387692
0.576838
0.378531
0.631355
0.531852
0.407162
0.409216
0.571813
1.02226
1.52675
1.48761
1.7028
1.68916
1.04567
0.866999
1.11674
1.09366
1.10047
1.08612
0.821683
0.893544
1.16973
1.37546
0.895384
1.01585
0.626737
0.641649
1.09982
1.63697
2.02744
1.89872
2.22971
1.76501
1.46753
1.29383
1.22472
1.18003
0.77404
0.532084
0.86806
0.934743
1.16655
1.03956
1.38754
1.45627
1.56864
1.4685
0.871092
0.685062
0.683916
0.624519
0.794226
1.16963
0.591703
0.611524
0.179555
0.380177
0.336076
0.193502
0.236646
0.501777
0.799446
1.00168
1.00635
0.600228
0.623225
0.975304
1.09111
0.885644
0.946125
0.812895
0.948807
0.523111
0.379898
0.625409
0.736518
0.818256
1.25308
1.48836
1.44423
1.4685
1.05007
0.883142
0.656009
1.22024
1.47086
1.76021
1.35816
1.83981
2.08057
2.38438
1.66504
1.66864
1.57398
1.19837
1.64252
1.51045
1.52649
1.39812
1.20031
0.73247
0.844454
1.1105
0.905739
0.592852
0.508907
0.200593
0.0952829
0.623888
0.755872
0.624082
0.949664
1.39725
1.1238
0.49796
0.692449
1.17415
1.23113
0.326499
0.255848
0.752683
0.812786
1.02981
1.17654
1.08566
0.915735
1.39541
1.47566
1.13614
2.08219
1.62132
1.42882
0.815984
0.112419
0.439713
0.820831
0.868206
1.60609
1.13055
0.602407
0.719588
0.847228
1.07411
0.854732
0.838992
0.733006
0.474294
0.715616
0.683495
0.739298
0.564428
0.523273
0.353752
0.248323
0.764794
0.277098
0.358983
0.357181
0.171636
0.114491
0.240162
0.653282
0.533181
0.461705
0.356416
0.237179
0.821492
0.37123
0.590787
0.035129
0.585654
0.449097
0.44253
0.319854
0.0626382
0.095212
0.327066
0.359759
0.453215
0.964878
0.898171
1.04457
0.934151
1.01429
1.24489
0.863661
0.994475
1.20003
1.06034
1.14716
1.06457
1.05398
0.97967
0.637442
0.679488
0.944626
1.16695
1.10791
0.754992
0.749343
0.358347
0.843762
1.16643
0.454361
0.134483
0.336772
0.76088
0.478407
0.986964
1.15814
1.44721
0.978897
1.09122
0.443664
0.740663
0.720436
0.507628
1.28736
0.99404
0.536427
0.690695
0.758173
1.00905
0.823693
0.76058
1.04799
1.45867
1.42693
1.00347
0.81463
0.489656
0.541037
0.77603
0.139563
0.419786
0.403511
0.801191
0.595356
0.281194
0.304598
0.755869
0.618964
0.797598
1.10494
1.55544
1.77301
1.80232
2.31917
2.09382
1.8474
1.35823
1.71167
1.64378
1.72952
1.19246
1.20041
1.15086
1.29336
0.733086
0.41354
0.343687
0.40973
0.779793
0.51525
0.797301
0.87505
0.744146
1.53676
1.29346
1.39187
1.14133
0.473661
0.781459
0.27382
0.483776
0.32579
1.01498
0.603925
0.444368
0.470131
0.770453
1.07758
0.67561
0.517138
0.595683
0.51151
0.365499
0.610433
0.340897
0.298872
0.728667
0.845059
0.92988
0.832016
1.65133
1.42746
1.29509
1.24014
1.49831
1.04048
0.940827
1.51356
1.07946
1.68379
1.25316
1.20454
1.17251
0.546579
0.307401
0.12982
0.373424
0.255092
0.0158066
0.39093
0.663166
0.171165
0.397303
0.731493
1.08192
1.0085
1.01792
1.41657
1.58194
1.74022
1.60165
1.22596
1.04308
1.10118
0.631242
1.27412
1.30961
1.28711
1.69186
0.73145
0.551915
0.662821
0.514168
0.572211
1.10023
0.877614
0.68493
1.22622
1.30308
1.24098
1.28889
0.389524
0.977199
0.264644
0.861167
1.70876
2.19086
1.85089
1.47349
1.29563
1.57542
1.36447
1.24202
0.998459
0.714184
1.10928
1.25321
1.2896
0.935558
1.01527
0.939012
1.07244
0.770195
1.00243
0.686405
1.05024
1.16793
1.7571
1.44173
1.25583
0.776331
0.467427
0.969663
0.809806
1.60105
1.02816
0.905856
1.19859
1.74973
2.07172
2.19393
1.99614
1.46955
1.81978
2.24299
2.16029
2.21801
2.09617
1.82123
1.58828
1.29082
1.29551
0.682748
0.977999
1.13659
0.967659
0.952759
0.856555
0.742171
0.398135
0.606366
0.590638
0.567028
1.15281
1.60298
2.15058
1.72675
1.52701
1.34499
1.53641
0.914587
0.792109
0.719407
1.19271
1.3633
1.33303
1.56628
1.19075
1.18069
0.954223
0.791199
0.927512
0.831874
0.849249
1.44025
0.494496
0.716591
0.525207
0.700586
1.27968
0.766489
0.439576
0.474622
0.785817
0.69659
1.3354
0.589431
0.392439
0.874781
0.355116
0.537078
0.624392
0.878803
1.07768
1.01035
0.814306
1.10114
0.937655
0.828201
0.91367
0.503966
0.0675717
0.372251
0.569067
0.820533
1.31635
1.59194
1.77583
1.33417
1.73898
1.2005
1.42587
1.14462
1.45381
0.976126
0.618945
0.0623188
0.339725
0.249479
1.02804
1.04617
1.34526
1.45182
1.5075
1.41735
1.6155
1.6292
1.52616
1.02308
0.903394
0.623649
1.57348
1.57715
1.40601
1.17693
1.04315
0.629609
0.418402
0.310421
0.552777
0.765653
0.863384
1.04346
0.71594
0.516293
0.77933
0.619613
0.529373
0.229589
0.419123
0.629607
0.320829
0.68559
0.709863
0.876418
0.477663
0.188964
0.663238
1.56567
1.44809
1.2912
0.84912
1.55165
1.21045
1.52363
1.10931
0.889973
0.772106
0.664132
1.00393
1.46798
1.38613
0.837648
0.948368
0.337415
0.180806
0.342107
0.573923
0.268543
0.40893
0.777443
1.08083
0.708736
0.8609
0.609214
0.728044
0.54389
0.303018
0.278662
0.299662
0.934383
0.722591
0.24987
0.586872
0.307607
1.11564
1.3629
1.78798
1.82676
1.84584
1.67314
1.41213
0.807879
0.734659
0.542832
0.62012
1.0822
1.39225
1.36744
0.956156
0.744519
0.932001
0.533056
0.965173
0.912325
0.88789
0.741123
0.63288
0.418356
0.512518
0.33911
0.622594
1.06631
1.16062
1.0523
0.958405
0.673215
0.859746
0.883987
0.772177
0.670149
0.246722
0.15808
0.0707278
0.450729
0.749446
0.58998
0.717849
0.772238
0.450707
0.649489
0.530536
0.722576
0.725533
0.845504
0.68366
0.519192
0.648253
0.843066
0.717589
0.55883
0.593781
0.698768
0.624502
0.722511
0.543884
1.07534
1.45671
1.72292
1.32545
0.785664
0.823616
0.80696
0.869361
0.811139
1.04555
1.32865
1.47812
1.09556
1.51281
1.44516
1.4525
1.16726
1.19365
0.543226
1.22352
1.81296
1.41492
1.51835
1.38232
1.03925
1.65616
1.93788
2.56572
2.48961
2.78516
2.82208
2.7123
2.4511
2.12013
2.31816
2.1285
2.13909
2.15749
2.42755
1.88527
1.78111
1.49259
1.08286
0.992213
0.890788
0.816071
0.820494
1.10874
1.33391
1.50301
1.52278
1.56188
1.56541
1.35629
1.11159
1.4922
1.95254
1.84065
1.43202
1.7718
1.69471
1.96566
2.1413
1.37351
1.77264
1.99476
2.0336
1.28172
1.17771
0.843281
0.749523
0.239833
0.431978
0.40054
0.753115
0.889994
0.110703
0.157453
0.573551
0.357319
0.152731
0.40841
0.452095
0.826839
1.33063
1.19434
1.65993
0.97009
1.42553
1.18682
0.984524
0.626097
0.597141
0.771005
0.981059
0.580597
0.509069
0.66895
0.477051
0.935491
1.19127
1.11226
1.24926
1.10378
1.18167
0.527459
0.640192
0.616789
0.977706
0.783839
1.26258
1.4194
0.878978
1.25392
1.34738
1.3398
0.919107
1.77289
1.37134
1.01685
1.21311
1.2964
1.12473
1.34777
1.30431
0.997799
0.776457
1.17106
1.26054
1.68869
2.05985
2.68365
2.79258
2.4779
2.60407
2.38043
2.39094
2.03674
1.93527
1.70505
1.08647
0.677722
0.448699
0.314211
0.906165
0.232751
0.387597
0.873149
0.732421
1.33139
1.3286
1.09035
1.31031
1.34527
1.16426
1.00668
0.448809
0.665046
1.10248
1.29309
1.18818
1.43006
1.695
2.26368
1.80954
1.54709
1.51824
1.38584
0.844811
0.887546
1.21902
1.42822
1.21884
1.13585
1.26505
1.22875
0.998625
0.638759
0.707794
0.565227
0.604922
0.40343
0.0998613
0.572778
0.0331522
0.114979
0.514832
0.661176
0.692192
0.954145
0.801429
0.560549
0.20145
0.884852
0.448651
0.214272
0.335017
0.545001
0.923266
0.771234
1.05295
0.972766
1.01761
0.459364
1.17754
1.18214
1.11687
1.37534
1.8451
1.82234
0.77685
0.57287
1.24743
1.03113
1.48623
1.05711
1.19423
0.641951
0.801244
1.12479
0.534086
0.951936
0.576996
0.930198
0.884157
0.921578
1.11054
0.784495
0.748634
0.771927
1.11792
1.19904
1.53709
1.13938
1.5119
1.55668
1.09248
0.899973
0.473407
0.788917
0.631031
0.373881
0.244715
0.23793
0.0626696
0.217016
0.5804
0.498963
0.798684
0.948851
1.3288
1.18812
1.18785
0.738205
0.761735
0.793999
0.620068
0.29132
0.442144
0.437227
0.614144
0.784234
0.87156
1.42212
1.85855
1.96862
2.06114
1.72285
1.98172
2.24225
2.78498
3.19218
2.96435
3.03939
2.91304
1.99362
1.88317
1.7695
1.38869
1.5867
0.825662
0.823574
0.993188
1.30165
1.38118
1.51157
2.0406
1.63995
1.70289
1.84058
1.3529
1.22399
0.484298
1.12279
0.674324
0.976251
0.819859
0.960115
1.06946
0.807637
0.89307
1.40723
1.87693
1.31339
1.47887
1.73822
1.32051
1.09451
1.5492
1.81937
1.72482
1.66943
1.71613
1.82243
1.50899
0.593276
0.782319
0.955971
0.865563
1.03295
0.829565
1.70027
1.36394
1.09207
0.460692
0.889575
1.25556
0.669595
0.269193
0.801532
0.896444
0.819728
1.11646
0.76821
0.963411
1.38509
1.69024
1.74296
2.06033
2.08338
1.7577
1.83807
1.74499
1.7837
1.13832
1.46307
0.963057
1.01066
1.42347
1.69415
2.03067
2.16182
2.53558
2.26707
2.47256
2.72594
2.43998
2.29647
1.9917
1.96149
1.77789
1.58708
1.74665
1.66374
2.39567
2.28527
2.11521
2.3687
1.83793
1.90309
1.95272
2.44558
1.85005
1.68095
1.16201
1.44946
1.18484
0.44698
0.633544
0.444445
0.255884
0.379364
0.990962
1.44523
1.65839
1.49945
1.39811
1.09468
1.25734
1.10584
1.25621
1.49159
1.55904
1.26887
1.39601
0.477727
0.557822
0.585344
0.888389
1.19109
1.4212
1.44535
0.490625
0.165406
0.260709
0.605761
1.33434
1.86886
1.58519
1.01386
0.533323
0.605528
1.36103
1.02898
1.36114
1.22286
1.221
0.806986
0.910843
0.896199
0.693911
0.272524
0.164732
0.481353
1.29642
1.19821
1.81257
1.86716
1.71921
1.40203
1.4496
0.973482
0.870389
0.978463
1.0809
1.0698
1.03526
1.23822
1.10411
1.4303
1.23881
1.37874
0.743975
0.478475
0.303126
0.676825
0.839737
1.00405
0.72112
0.665953
0.691189
0.264645
0.311874
0.18769
0.349107
0.780311
0.337459
0.487832
0.420402
0.207199
0.206314
0.163903
1.07
1.23337
1.10609
0.583857
0.073954
0.521324
0.2172
0.197427
0.59288
1.27865
0.139116
0.742299
0.745929
0.371075
0.610702
0.947269
1.45234
1.73048
1.52731
1.66735
1.27599
1.17131
1.03718
0.663382
0.795395
1.00069
0.87136
0.998607
1.17608
1.6449
1.37268
0.970536
0.755281
1.12455
1.32713
1.23774
1.13138
0.432997
0.300334
0.421296
0.386888
0.366704
0.408812
0.444367
0.62927
0.653794
0.78312
1.15827
0.792879
1.36382
1.33273
1.8232
1.788
1.51403
1.51184
1.67866
1.30511
1.30611
1.37523
1.34032
1.68413
1.84581
1.82936
1.42212
0.462471
0.427622
1.00675
0.53253
0.412876
0.39582
0.394112
0.395181
0.664005
0.972603
0.970305
0.727364
0.667671
0.649038
0.291496
0.576425
0.768035
0.541391
0.681625
0.334303
0.445625
0.628127
0.939957
1.48642
1.33641
0.824475
0.837513
0.251332
0.469631
0.629518
0.414745
0.522578
0.460775
0.258968
0.0947075
0.3324
0.401899
0.321256
0.630851
1.12087
0.899611
1.01549
0.964955
1.18629
1.28794
1.70571
1.57809
1.00318
1.49148
1.50739
1.6546
0.559748
0.929837
0.420193
0.105927
0.114236
0.721782
0.808593
0.602422
0.478959
1.11648
0.6113
0.654287
0.645977
0.716645
0.568013
0.718841
0.760643
0.579837
0.701695
0.96604
0.816759
0.980618
1.45845
1.30714
0.894796
0.800401
1.24268
1.74449
1.32339
1.2209
1.36888
1.73795
1.77605
1.58758
1.1478
1.07415
1.27615
1.21538
1.05863
1.02555
1.26283
1.23986
1.55637
1.53867
1.46408
1.72252
1.21771
1.02028
1.4189
1.35425
1.38964
1.28935
1.09628
1.4658
1.22608
1.03489
1.11359
1.14856
2.03722
1.75286
1.70323
1.75876
1.38116
1.33263
1.24293
0.800307
0.725214
0.989961
1.03702
1.42833
1.25988
1.49404
0.696213
0.928537
0.935236
0.417798
0.580263
0.488478
0.599735
0.728636
0.716595
1.1338
1.03606
1.40124
1.34192
1.19017
0.913966
1.3343
0.404773
0.398266
0.760651
0.962443
0.937535
1.38907
1.8514
1.53043
1.04102
1.14093
1.06253
1.20361
1.21957
1.22771
0.861336
0.679573
0.352797
0.655547
0.962839
1.26109
0.663156
0.340479
0.403878
0.225049
0.142585
0.675127
0.38783
0.748284
0.571376
0.369125
0.900086
1.16306
1.13924
1.67911
1.38353
1.27304
1.16766
0.738325
0.748266
0.451149
0.456997
0.258319
0.759433
0.58457
0.788501
0.73407
1.40111
1.61793
1.34883
1.59951
1.29991
0.57926
0.735923
0.459368
0.203448
0.202704
0.629159
0.73499
0.904362
0.565451
0.68172
0.94805
0.85014
0.543437
0.469091
0.334259
0.873956
1.15301
1.08972
0.784119
1.05231
1.08816
0.553745
0.808869
0.870543
0.705662
1.21014
1.10328
1.10263
1.11292
1.03666
1.37607
1.18853
1.82753
1.42628
1.05646
1.06441
0.782177
0.860445
0.994641
0.910491
1.04143
0.821707
0.617358
0.580418
0.0864437
0.442099
0.926206
0.943729
1.12623
1.39401
1.58448
1.49146
0.927953
1.2274
0.870697
0.598234
1.05954
1.10164
0.793284
0.461688
0.573801
0.804928
0.6729
0.598531
0.151299
0.340466
0.371798
0.460638
0.289186
0.563208
0.622905
0.905184
0.338112
0.818948
0.996657
1.11254
0.632144
0.161822
0.752188
0.802072
0.730776
0.346111
0.159469
0.443678
1.06783
0.77085
0.737954
1.0162
1.15969
1.31485
1.89007
2.071
2.12518
2.18393
2.07521
1.92703
1.93528
1.47912
0.783973
0.424778
1.14859
1.42346
1.12085
1.42616
1.36621
1.56739
1.68555
2.03703
1.50748
1.48108
1.04836
1.12107
1.28026
1.51271
1.5629
1.34156
1.80132
1.88884
1.4675
1.29545
1.42441
1.37032
1.51699
1.45208
1.14266
1.25009
1.00671
1.37555
1.19407
1.21222
0.922848
0.954533
0.674226
0.791405
1.45838
1.62113
1.83112
1.53016
1.0797
1.27825
1.42054
1.09965
0.992984
1.43831
1.5277
0.859262
0.982374
1.35347
1.36717
1.07009
1.09797
1.16808
0.837958
0.941895
0.942528
1.32235
1.07374
1.6041
1.32455
0.718419
0.864301
0.82248
1.06764
1.06955
0.92391
1.45034
1.69822
1.98205
1.92498
2.36008
1.79401
1.77687
1.70639
1.79797
1.80643
1.27345
1.59869
1.63859
0.655962
0.809408
0.918549
1.06629
1.38606
1.36505
1.36682
0.762391
0.427564
0.306037
0.922749
0.690016
0.531565
0.883339
1.13881
1.26969
1.14665
0.426892
1.06964
1.3807
1.83282
0.812229
1.3114
1.04118
1.29944
1.07331
1.21241
1.34893
1.38859
1.18201
1.50373
1.56848
1.58683
1.36529
1.12422
1.20617
1.45519
1.24459
1.30256
1.27085
1.63218
1.20621
1.63939
1.50283
1.25957
1.6193
1.21796
1.88214
1.90763
1.86145
1.86926
1.11301
0.825993
0.806241
0.604946
0.802915
0.842177
0.502518
0.536911
0.4495
0.452243
0.325682
0.388839
0.526954
0.434181
0.52009
0.668639
1.32797
1.03198
0.774365
0.641241
0.164014
0.622804
1.08115
1.18396
0.66738
0.181062
0.400359
0.55869
0.798784
0.695558
0.0963784
0.195711
0.814873
0.872119
1.22481
1.24142
1.23544
1.03785
1.30695
0.869084
0.915348
0.723189
0.852982
0.588924
0.444995
0.702182
0.185257
0.0702288
0.869948
0.593251
0.27046
0.688264
0.603179
0.927726
0.864081
0.707505
0.55279
0.438131
0.728159
0.990409
1.46877
1.52929
1.10596
0.681442
0.52523
0.43905
1.05034
0.894093
0.719453
0.635095
0.518925
0.492375
0.48248
0.283062
0.365011
0.491038
0.182909
0.341539
0.565212
0.895182
0.834173
0.937995
0.976862
1.17388
1.35922
1.63159
1.31738
1.04997
1.5061
1.18025
0.782553
0.916617
1.10728
1.09677
0.729171
0.503536
0.794549
0.630145
0.862188
1.20552
0.344602
0.740558
0.790598
0.651393
0.123859
0.300516
0.790571
0.994216
0.650566
0.173059
0.547567
0.370938
0.424698
0.23437
0.496851
0.83383
1.28116
0.768629
0.740225
0.82706
0.781163
1.12445
1.42308
1.09788
0.881106
0.791103
1.12593
1.14167
0.956301
1.68617
1.63583
1.46922
1.47675
1.22665
1.00286
0.811299
0.630128
0.25499
0.193344
0.168393
0.347881
0.400166
0.298972
0.54995
0.490671
0.355202
0.706099
0.57236
0.681963
0.506505
0.755721
0.874571
0.90555
0.965856
0.728873
0.551551
0.300668
0.177248
0.480236
0.98905
1.11134
0.574285
0.432995
0.607
0.682949
0.93194
1.34462
1.50142
0.634576
0.63663
0.490822
0.671043
0.648628
1.13018
1.07326
1.23737
1.72595
1.39834
1.08241
1.30929
0.742322
0.636181
0.783145
0.663951
0.793107
0.39667
0.749534
1.10755
1.20497
0.978754
0.773691
0.971912
0.808121
0.590228
0.677167
0.910549
1.12143
1.09709
1.01007
0.462912
0.736587
0.99009
0.563535
0.747229
0.405896
0.665883
1.0348
0.980825
0.981268
0.758258
0.974538
1.09443
1.23818
1.71272
1.33527
1.32338
1.28429
0.853349
0.47104
0.471645
0.708016
0.272884
0.357169
0.427753
0.775389
0.61577
0.543806
0.797343
0.99562
1.03324
0.742867
1.31971
1.38738
1.32504
1.43285
1.18594
1.359
1.38899
0.740056
0.526976
0.703942
0.410959
0.911597
1.08831
1.17411
1.5022
1.73349
1.75052
1.33806
1.41054
1.4801
1.27882
0.827797
0.802654
0.692671
0.487297
0.585931
0.23803
0.377124
0.491056
0.456309
0.777657
0.652694
1.15904
1.06811
0.953685
0.905889
0.791558
0.258273
0.25685
0.796915
0.71375
0.430915
0.879178
0.788698
0.845223
0.795355
0.706811
0.636339
1.00769
0.732308
0.463154
0.399445
0.872518
0.758227
0.603592
0.573535
0.301709
0.94506
0.249722
0.639086
0.327276
0.741208
1.52136
1.23515
1.17464
0.864197
1.46095
1.18929
1.4341
1.57158
1.51433
1.84167
1.15823
1.68779
1.40875
1.72184
1.55556
1.55453
0.855348
0.757895
0.956095
0.906351
1.60263
1.39867
0.730415
0.238046
0.696855
0.243981
0.681996
0.23607
0.561803
0.588494
0.865726
0.671557
0.887263
0.796952
0.881399
0.764824
0.873884
0.863307
0.993364
1.09493
1.00645
0.714118
0.832335
0.730466
0.996637
0.351814
0.0607713
0.716728
0.66214
0.669829
0.530792
0.879365
1.21279
0.658434
0.486943
0.832594
0.332726
0.870308
0.39873
0.361202
0.436125
0.171348
0.163367
0.336447
1.04122
1.15295
1.05638
0.876545
0.736128
1.07077
1.03663
0.950734
1.37058
0.923974
0.877392
0.345762
0.46322
0.451942
0.721236
0.791313
0.705002
1.65151
1.79005
2.13497
1.87137
1.9598
1.97926
1.59133
1.76113
2.02122
0.750011
0.396999
0.36434
0.27511
1.21509
1.00937
1.19876
1.28659
1.46111
1.15952
1.0116
0.660226
0.642118
0.867861
1.54498
1.45332
1.13026
1.78409
1.71167
1.84483
1.68749
1.44892
0.846318
0.854806
1.28352
1.13598
1.51298
1.23354
0.921969
0.479216
0.726887
0.999289
1.82319
1.54607
1.29259
1.1215
1.33547
1.28029
0.729779
0.656815
0.490958
0.663199
0.670617
0.314599
0.269488
0.248477
0.391399
1.05718
0.742798
1.39674
1.15863
1.69694
1.52349
1.90763
1.9314
1.94239
1.29755
0.602605
0.529576
0.420745
0.280381
0.329615
0.285966
0.687324
0.146111
0.374234
1.05963
1.00676
1.41675
1.20531
0.98968
1.0705
1.52765
1.49228
1.4553
1.77254
2.11375
2.13556
1.65544
1.77401
1.68449
1.30393
0.917724
0.951072
1.48982
0.855556
1.23911
1.39266
1.3417
0.7387
0.758319
1.00462
0.782578
1.06723
1.30972
1.33109
1.16023
0.768245
0.908955
0.892969
0.776979
0.872839
1.19737
1.28108
1.57647
1.6875
1.49752
1.37246
1.18778
1.04753
1.09996
0.72009
0.536651
0.510011
0.217569
0.667021
0.616501
0.40094
0.8364
0.846851
0.904402
1.0452
0.812321
0.33824
0.672958
0.899341
1.59817
1.47184
0.780912
1.42233
1.38647
1.21751
1.27583
1.73137
1.63884
1.37552
0.625108
0.218924
0.341205
0.0918032
0.0990663
0.195888
0.523014
0.456735
1.17284
0.981398
0.716609
0.738984
1.40317
1.45901
0.691744
0.919406
0.699313
0.92713
1.09087
0.962593
0.867863
0.746514
0.708447
1.20906
0.854992
0.726876
0.547657
0.405161
0.190113
0.582038
0.625598
0.776539
1.18341
1.30228
1.15707
1.31366
1.25457
0.946387
0.869928
0.478951
1.27594
1.00644
0.395102
0.475691
0.800543
0.696671
0.489988
0.98944
0.773187
1.05101
0.590272
0.2485
0.00718989
0.765941
0.53625
0.884652
0.756854
0.724185
0.797092
0.805713
1.22914
0.867819
0.89308
1.44114
1.33611
1.83149
1.51075
1.09091
1.25001
1.22148
0.738839
1.16714
1.4702
0.658339
0.922055
0.896769
1.10227
0.858895
1.17136
0.522955
1.12065
1.36558
1.2606
1.43219
1.09191
0.669908
0.527814
0.894309
1.69861
1.57344
1.52693
1.37
1.53037
1.4574
1.60091
1.00012
0.664899
0.204349
0.66562
0.982862
1.16591
1.34693
1.27471
1.4936
1.65161
1.14454
1.21334
0.851338
0.909352
0.697764
0.764342
1.31769
1.24117
0.969744
0.513219
0.565708
0.27506
0.043295
0.117198
0.537046
0.645365
0.12512
0.453068
0.429143
0.526331
0.505683
0.355008
0.604872
0.383537
0.840422
0.518207
0.561518
1.32626
1.20189
1.53332
0.991505
1.19885
1.2932
0.871804
0.958042
0.220877
0.45522
0.733318
0.662429
1.16332
1.06658
1.2728
1.6126
1.78764
2.13996
2.1098
1.70623
1.59781
2.45213
2.64944
1.8813
1.75052
1.77079
2.20142
1.89137
1.67818
1.29286
0.955634
1.16503
1.19418
1.38385
1.48687
1.11076
1.10451
0.679359
0.583373
0.846672
0.388836
0.388754
0.281687
0.470984
0.644122
0.786681
0.471032
0.357212
0.806471
0.916907
0.345696
0.240702
0.651774
0.888972
0.680339
1.20753
1.02621
0.924796
0.719415
0.824525
1.03374
0.45924
0.413933
0.97319
1.51486
1.27469
0.659179
1.03158
0.900582
1.01014
0.821228
0.771258
0.432573
0.142531
0.514004
0.85127
1.1677
0.482339
0.876744
0.756805
1.06026
1.33966
1.55151
1.5886
1.38446
1.19574
1.14685
1.05014
0.627355
1.04335
1.10488
1.26036
1.44485
1.38475
1.33034
0.828311
0.578167
0.720612
0.754476
0.320053
0.577612
0.591399
0.281155
0.370583
0.607957
0.674173
0.466626
0.946924
1.31837
0.823692
0.72114
0.178476
0.273335
0.211152
0.175075
0.246545
0.17794
0.701424
1.15616
1.33523
1.31819
1.3866
1.29933
1.11118
1.30252
1.05542
0.994751
0.790942
0.523453
1.00891
0.789533
0.284312
0.819316
0.824834
0.787588
1.40283
0.684125
1.19682
1.10462
1.09292
0.642335
0.917226
0.496558
0.900791
0.457102
0.441107
0.466979
0.807271
0.778782
0.641206
1.04766
1.27518
0.855857
0.815586
0.599329
0.345519
0.16766
0.14023
0.222861
0.327826
0.318704
0.287993
1.10746
1.21042
0.968552
0.715006
0.52226
1.24424
1.08617
1.00229
0.516948
0.796209
1.34726
1.16339
1.21666
1.6635
2.00547
1.79433
1.95856
1.62284
1.65598
1.56065
1.5917
1.41449
1.0708
0.988065
1.10469
1.21608
1.16326
1.73621
1.8432
2.25475
2.14313
1.36656
1.57291
1.05617
1.22135
1.30302
0.743163
0.621533
0.712725
1.04987
1.441
1.53794
1.48136
1.41761
1.2793
0.851411
0.692209
0.466753
0.866063
0.75559
0.475538
0.637423
0.557902
0.800555
0.368593
0.125343
0.456827
0.727951
0.329313
0.355273
0.470123
0.659158
0.965416
0.839039
0.892553
0.716596
0.946967
0.795661
0.996
1.02026
0.9832
1.11949
0.846618
0.522669
0.141043
0.486309
0.126228
0.294541
0.0731372
0.227917
0.479089
1.0366
0.641694
0.569295
0.322908
0.212335
0.383258
0.497806
0.53342
0.744918
0.995992
0.752638
1.04947
1.25819
1.56158
1.39211
0.715904
1.25151
0.69747
0.879909
0.461344
0.329476
0.226138
0.432943
0.367098
0.393496
0.522995
0.400487
0.212366
0.467466
0.551311
0.646415
0.840076
0.813083
0.68004
0.253105
0.434289
0.158171
0.471829
0.709445
0.714687
0.491487
0.571346
0.478197
0.611134
1.05306
1.12039
0.239946
0.431012
0.737951
0.791382
1.13278
1.00239
1.0809
0.737846
0.90498
0.631511
0.738795
0.37532
0.633263
0.0594217
0.279395
0.685081
0.744525
0.658483
0.282829
0.0874798
0.304862
0.213798
0.536043
0.53495
0.818493
0.771948
0.0983316
0.657911
0.693198
0.973788
1.35454
1.09358
0.663833
0.818507
0.544541
1.08182
1.73522
1.50949
1.30408
1.31669
1.35638
1.28124
1.13265
0.979886
0.711869
0.347379
0.0711671
0.260258
0.355153
0.728333
0.627774
0.266269
0.695948
0.946751
0.894023
0.636406
0.532535
0.548262
0.572726
0.892037
0.992594
1.13799
1.06366
1.02457
0.774686
0.747199
0.948566
0.862712
0.905472
1.09946
1.34841
1.01142
1.0134
0.949168
0.582136
0.67018
0.81503
0.489867
0.25517
0.49968
1.34207
1.07202
1.00044
1.2115
0.78319
1.01259
0.969173
1.30711
0.913109
0.552838
0.525887
0.605497
0.295005
0.470673
0.744533
0.883661
0.900957
0.825398
1.06482
1.3406
1.1273
1.04179
0.949607
1.15798
1.1404
0.747563
1.32712
1.45922
1.21357
0.593339
0.570945
0.790147
0.55713
0.936344
1.54201
1.62753
1.60432
1.76473
1.84351
0.911452
0.468366
0.647873
0.783534
0.627214
1.68146
1.61853
2.14764
2.03953
2.19013
1.81585
1.6601
1.43525
1.06458
0.722327
1.15676
1.36828
1.56069
1.32606
1.16249
0.902358
0.857023
0.62949
0.753611
0.785913
0.889663
1.20728
0.636908
0.544482
0.31361
0.177956
0.436511
0.617572
0.659821
0.588751
1.15458
0.76518
0.987641
1.06943
0.964838
0.878735
0.630685
0.417929
0.318512
0.348417
0.613662
0.190269
0.0649779
0.406264
0.79174
0.675815
0.86378
1.06708
0.999018
0.747528
0.604711
0.184286
0.665649
0.336771
0.520936
0.281059
0.106023
0.347762
0.256093
0.324957
0.486267
0.602715
0.355848
0.417478
0.395085
0.523046
0.522196
0.413964
0.427761
0.634248
0.232265
0.270467
0.471078
0.90428
1.30986
1.54121
1.24976
1.13728
1.38409
1.3955
0.803271
1.36549
1.59687
1.6532
1.59626
1.32076
0.68474
0.685335
0.648631
0.111744
0.47474
0.588843
0.135872
0.117889
0.389208
0.861525
0.813035
0.746737
0.716267
1.28574
0.957028
0.943432
0.817861
1.32205
1.43449
0.933414
1.15613
1.23445
0.79989
0.914165
1.02593
0.743175
1.4576
1.89557
1.75996
1.71894
1.72402
1.56055
1.48013
1.01653
1.79761
1.70638
1.41361
1.69813
1.63387
1.38992
1.56533
1.624
1.92307
1.37793
1.61862
0.77632
1.01874
0.922578
0.670875
0.900972
0.7959
0.472637
0.337027
0.257684
0.63883
0.683628
0.40046
0.362264
0.385359
0.947403
1.28992
1.23586
0.810149
0.964218
0.96848
0.776489
0.627391
0.421769
0.0954917
0.828352
0.680018
0.523236
0.799601
1.18886
1.06591
0.522491
0.0953786
0.452653
0.333956
0.473081
0.644484
0.611919
0.651021
0.200721
0.328714
0.271866
0.547817
0.495432
0.471158
0.202602
0.39733
0.434165
1.16169
1.25402
1.83403
1.71039
1.4731
1.66028
1.41783
1.26874
1.12587
0.962746
0.580554
0.81181
1.31109
1.55414
1.54087
1.83906
2.20618
2.16251
2.14423
2.04807
2.24164
1.29061
1.04061
0.491713
0.887836
0.967721
1.39795
2.34029
2.2689
1.90336
2.19685
2.47292
1.92296
1.7411
1.81457
1.73489
2.00344
2.2791
1.94639
1.62679
1.12111
1.04277
1.11021
0.767787
0.524824
0.711674
0.514673
0.893866
0.774824
0.640222
0.595494
0.423653
0.229833
0.438607
0.413017
0.468625
0.427281
0.2814
0.222932
0.135419
0.573504
0.409035
1.01853
0.911821
1.31252
1.50817
1.43338
1.20127
0.963996
1.27721
0.971497
1.31374
1.11568
0.933285
0.814358
1.40701
1.04646
1.19886
1.12613
0.776148
0.79347
1.23186
1.66268
1.53635
1.35518
1.34844
0.965919
0.789072
0.372042
0.45112
0.323871
0.863353
1.24414
1.59216
1.28148
1.48456
1.58229
1.61448
1.60773
1.98679
2.29001
2.2927
2.18329
1.8931
2.1091
1.81188
1.86395
1.71345
1.48202
1.1328
1.05919
0.877708
0.824995
0.800159
0.678766
1.10087
1.07816
0.98463
0.953303
0.749012
1.23115
0.939664
0.820038
0.828593
0.913314
1.00805
0.801426
0.746747
1.12392
1.10329
1.10203
1.1812
0.954466
1.62125
0.870569
0.85664
0.636002
0.410798
0.35616
0.217439
0.353056
0.355616
0.328365
0.515872
0.51678
0.121845
0.445918
0.28276
0.934976
0.869907
0.95481
0.930558
1.22716
1.0093
0.748991
0.55643
0.271451
0.326077
0.891741
0.763997
0.338773
0.585508
1.09774
1.12795
1.69038
1.49167
0.999597
0.677073
0.420435
0.839547
0.809974
0.086724
0.654304
0.897295
1.76559
1.66347
1.3902
1.64274
2.00664
1.83561
1.71297
1.73963
1.12454
1.36491
0.701966
0.755574
0.554337
0.582746
0.248348
0.0992862
0.219617
0.521957
0.707852
0.185365
0.061838
0.536493
0.837711
1.09967
1.28607
1.55903
0.820447
1.09037
0.771331
0.785867
0.994316
0.969944
1.25164
1.06946
1.43556
1.0914
0.324007
0.447521
0.716886
0.579789
0.374869
0.4118
0.640886
1.2887
1.39677
1.70874
1.30838
1.26349
1.36339
1.64939
1.79188
1.77014
2.16119
1.59255
1.71767
1.64734
1.34287
1.73811
1.64482
1.19826
0.756261
0.879856
0.760051
0.583922
1.02517
1.31555
0.901919
1.37741
1.43337
1.30601
1.35115
0.936538
0.973953
0.71708
1.16479
1.62614
1.26333
0.966492
1.09317
0.907775
0.588257
0.763483
1.32639
1.0892
1.59389
1.41002
1.45781
1.78157
1.46621
1.32449
1.72969
1.44312
0.9325
1.00886
0.686349
0.927438
1.648
1.4276
1.00857
1.5643
1.38569
0.976543
0.918763
0.743058
0.979163
1.03743
1.31488
1.1657
1.11462
1.35386
1.43764
0.304162
0.602487
0.919303
1.10808
0.704967
1.43108
1.51341
0.960725
1.08158
0.425238
0.427634
0.358245
0.346892
0.656232
0.35152
0.216719
0.460131
0.412854
0.285234
0.874903
1.20444
0.98895
0.937444
1.05552
1.40494
1.27668
0.867437
1.1409
1.2908
0.845557
0.599387
0.577261
0.296574
0.876305
1.07351
1.35024
1.17796
1.2602
1.66899
1.70799
1.90675
2.12225
1.70954
2.04588
1.98627
2.3475
2.12118
1.59326
1.59112
1.73346
1.606
2.17219
1.87875
1.91622
2.13003
1.5691
1.5391
0.857335
0.567655
0.282796
0.717641
0.391066
0.438496
0.693989
0.638463
1.08579
0.931766
0.875284
0.714056
1.52612
1.12853
1.06078
0.731965
0.762615
0.414177
0.400992
0.688626
0.241977
0.493449
0.571893
0.551714
0.517196
0.693706
0.513397
0.890293
0.327815
0.856618
0.777554
1.00798
1.61371
1.54263
1.31451
0.959627
0.737156
1.12927
1.25308
1.45545
1.24076
1.38534
0.825035
1.0621
0.858509
0.468362
0.559565
0.653652
0.637934
0.966965
1.15135
0.978342
0.423374
0.376567
0.606363
0.464076
0.326969
0.515591
0.272325
0.466261
0.757019
0.408334
0.305552
0.248511
0.443838
0.393575
0.448107
0.635694
0.343599
0.330468
0.745679
0.625116
0.667349
0.425389
0.349874
0.455988
1.24561
0.343848
0.795113
1.03326
1.00164
0.791987
0.640511
0.412458
0.473915
0.291287
0.559254
0.809697
0.689275
0.42661
0.851259
0.805689
1.14938
1.04866
1.33375
1.20163
0.884018
0.627119
0.771092
0.670941
0.22731
0.82937
1.40465
1.00776
1.00291
0.70429
0.756238
0.782423
0.381153
0.502976
0.169428
0.343552
0.281481
0.723013
1.17698
0.546673
0.614758
1.04249
1.05892
1.18366
1.28709
1.25941
1.17701
1.39981
0.596735
0.723585
0.333822
0.553722
0.798269
0.782553
1.09407
0.86168
0.758282
0.802386
0.558124
0.282471
0.470674
0.927818
1.08248
0.721584
0.66312
1.06239
0.401512
0.534963
0.927647
0.356032
0.996192
1.32003
1.12735
0.570702
0.396523
0.111087
0.967387
0.706256
0.66672
1.14636
0.832576
0.444358
0.517545
0.323432
0.281262
0.318821
0.208496
0.5194
0.698176
0.277215
0.776336
0.734743
0.999133
0.632687
0.980701
0.681867
0.864762
0.945105
0.906334
0.670973
1.11085
1.05869
0.63386
0.324728
0.313989
0.228284
0.331078
0.450684
0.368124
0.677636
0.832036
0.405818
0.736374
0.5163
0.614646
0.353832
0.417501
0.908066
1.22127
0.986298
0.40634
0.657434
0.382446
0.594019
0.0513594
0.352901
0.140398
0.595904
0.817851
0.606812
0.324452
0.275674
0.429606
0.525697
0.430977
0.241927
0.69427
0.320146
0.201978
0.107235
0.284068
0.393682
0.693848
1.05446
0.61911
0.138321
0.534473
0.276945
0.362906
0.315308
0.866045
1.02917
0.923
1.02576
0.859998
0.681847
0.203287
0.525189
0.547144
0.434004
0.601483
0.870262
1.45367
1.21486
0.935683
0.940369
0.570342
0.378266
0.78971
0.712542
0.951014
1.12063
0.885227
1.03282
1.12579
1.18862
1.38418
1.30734
1.38903
1.5125
1.2831
0.688239
0.93935
1.77734
1.98106
1.47778
1.06023
1.19823
1.25901
1.18247
1.31397
1.30373
1.76201
1.77849
1.13434
1.66443
1.65467
1.40317
0.748261
0.771313
0.867972
1.07578
0.918746
0.62291
0.556344
0.561006
0.768673
0.56569
0.66986
0.897911
0.849746
0.905528
0.309671
0.257536
0.38455
0.216619
0.225556
0.0863259
0.627642
0.895908
1.08367
1.66063
1.2228
1.30643
1.95634
1.46779
1.38376
1.11635
0.746876
0.417884
0.685146
0.351284
0.59381
1.0065
0.801045
0.633819
0.737511
0.617952
0.757065
0.745517
0.429965
0.476371
0.310715
0.799297
0.627474
0.324565
1.01033
0.995586
0.732294
0.869548
1.05518
1.26783
1.18734
1.04933
1.2646
1.24076
1.16945
0.968831
1.06451
1.06654
0.511072
0.398849
0.606964
0.946355
0.621559
0.622746
0.5238
0.995237
0.37993
0.689337
0.355342
0.127466
0.367661
0.646563
0.497849
0.946803
1.21579
0.733305
0.490016
0.852251
0.9267
0.905219
0.642854
1.19781
0.530027
0.769781
1.07242
1.32998
0.728036
0.707247
0.425764
0.754725
0.836673
0.679821
0.445935
0.543697
0.260606
0.284883
0.0580753
0.517325
0.732224
1.09157
0.780231
0.706273
0.5033
0.350365
0.334074
0.611588
0.720588
1.14491
1.22222
1.3881
1.1239
1.2316
1.07887
1.45133
1.33116
1.52131
1.09253
1.45567
1.30402
1.13727
1.22024
0.565885
0.819927
0.782616
0.383108
0.796227
0.501562
0.3995
0.204375
0.0394541
0.226616
0.0465432
0.6853
0.597784
0.313519
0.635831
0.795545
0.441953
1.07879
0.558057
0.801879
0.834884
0.838717
1.2116
1.19695
0.954155
0.878675
0.525311
0.926449
1.09308
0.543793
1.03952
0.485671
0.60933
0.483314
0.343057
0.61706
0.196904
0.534763
0.629392
0.789857
0.839633
0.646856
0.926017
0.65879
0.644335
0.960995
1.0671
0.489013
0.385682
0.807451
0.647394
1.02711
0.783803
0.351494
0.256072
0.181398
0.85659
0.911148
0.701905
1.26668
0.947704
1.10136
0.634624
1.01188
0.826473
0.957813
0.364708
0.69442
0.797846
0.836821
1.28266
1.27262
1.51025
1.4924
1.49957
1.01958
1.15565
1.08005
1.59723
1.6171
2.23589
2.39249
1.86936
2.1688
2.13831
1.86176
1.81864
1.5091
1.77475
1.56394
1.42033
0.962609
0.676304
0.412677
0.51952
0.586284
0.590707
0.429247
0.400648
0.568102
0.448661
0.493931
0.495024
0.526449
0.466279
0.369079
0.619462
0.693117
0.638895
0.5453
0.558818
0.428653
0.0259281
0.769087
0.589767
0.609013
0.417421
0.117343
0.873082
1.33166
1.41101
1.49097
1.09923
1.42761
1.31886
1.4814
1.26206
1.14637
1.63124
1.42754
1.35736
1.26721
0.796627
0.502051
0.688505
1.00524
1.28695
1.2537
1.04411
0.690258
0.749761
1.20311
0.645594
0.677368
0.627074
0.370594
0.182494
0.118361
0.762515
1.03663
1.4286
0.849331
0.728113
0.791471
0.724223
0.545871
0.597507
1.1614
1.14912
1.0394
0.716847
0.498858
0.604982
0.844514
0.593453
0.993038
1.15012
0.48515
0.820261
0.996164
0.796918
0.556331
0.454429
0.826923
0.857428
0.787256
0.855964
1.14071
1.07705
0.722654
0.70916
0.74878
0.434919
0.617529
1.11367
0.952296
0.277682
0.870616
0.477176
0.363709
0.676569
0.443167
0.128895
0.158161
0.294283
0.352646
0.28667
0.672795
0.190627
0.390401
0.297184
0.58397
1.00509
1.01579
0.509844
0.418186
0.716162
1.21155
1.26109
1.44839
0.522559
1.33326
1.4886
1.91964
2.88365
2.1963
2.67185
2.36224
1.63633
1.29428
1.61938
1.2409
1.27414
0.849907
0.56427
1.03924
0.879666
0.773604
0.898147
1.43794
0.605026
0.38045
0.348121
0.346984
0.309194
0.393606
0.777673
0.925793
1.05966
1.47798
1.58445
1.85376
1.9482
2.03076
1.39888
1.70064
2.07139
1.54612
0.767542
1.03736
1.04143
0.671461
0.628806
0.358658
0.280196
0.784955
1.09614
0.975143
0.600636
0.722509
0.597249
0.609089
0.644062
0.417293
0.325067
0.657205
0.481685
0.439851
0.647458
0.541353
0.232741
0.377747
0.359562
0.53429
0.801651
0.431624
0.301899
0.525069
0.711741
0.502888
0.293413
0.16015
0.150199
0.219
0.459934
0.826124
0.381079
0.169673
0.478672
0.274026
0.559764
0.281816
0.29907
0.309562
0.695339
1.49056
1.51433
1.13108
1.21363
1.3489
1.10606
1.05287
1.27239
1.31721
1.40967
1.41866
1.1127
1.38863
1.50246
1.2092
1.6413
1.35975
1.10903
1.08413
0.987508
1.21955
1.74818
1.69637
1.91702
1.98077
1.84335
1.54893
1.14691
1.16794
1.24154
0.968016
0.428183
0.683404
0.227878
0.661586
0.50243
0.767449
0.71178
0.573504
0.569985
0.941502
0.925777
0.557479
1.02092
0.964844
0.484656
0.319276
0.452639
0.580242
0.405405
0.535632
0.463756
1.10282
0.897914
1.16766
1.40759
1.51868
1.28556
1.07508
0.982204
0.457061
0.96223
0.85699
0.371746
1.41846
0.702574
0.435513
0.690513
0.960403
1.0179
1.34106
1.41289
2.0738
1.84419
1.88754
1.8387
2.13524
1.53176
1.32878
1.08839
0.879005
0.599156
0.941613
0.710518
1.03212
1.47762
1.84761
1.99651
2.06457
1.76817
1.56367
1.22505
1.62477
0.919224
0.653839
0.540621
0.344263
0.739742
0.700814
0.816938
0.6349
0.387793
0.654941
0.941196
1.17983
1.17414
0.891322
0.845802
0.8623
0.86035
0.753097
0.547026
0.801845
1.05999
1.19835
1.53712
1.46777
1.23611
0.626483
0.98979
0.854382
0.899028
0.937544
0.977783
1.43059
1.02532
0.381767
0.739494
1.29994
0.622608
0.76166
0.562931
0.553962
0.175102
0.302992
0.643778
0.426942
0.747263
0.882392
0.627604
1.36787
1.13109
0.72732
0.692787
0.652919
0.478125
0.247226
0.230086
0.261341
0.164798
0.387456
0.482131
0.367361
0.367016
0.207051
0.386757
0.487562
0.33082
0.562073
0.789658
0.993709
1.0566
0.745407
0.553496
0.436988
0.865391
0.735774
0.739866
0.920735
0.547836
0.421193
0.749127
0.213699
0.476403
0.214095
0.399657
0.218888
0.577643
0.506653
0.464347
0.196756
0.670635
0.916698
0.391087
0.603133
0.672266
0.842469
0.678536
0.573486
0.457098
0.579636
0.336168
0.234179
0.270607
0.482417
0.149784
0.207093
0.222313
0.173479
0.417079
0.376636
0.0626153
0.385465
0.502191
0.509631
0.852733
0.801026
0.82595
0.700919
0.518466
0.400153
0.424959
0.272368
0.52415
0.405228
0.28551
0.515061
0.441733
0.901264
0.507169
0.828537
0.979549
0.738575
0.454068
0.460332
0.387327
0.537421
0.86994
0.568291
0.693878
0.58741
0.325924
0.669465
0.463105
0.633282
0.584999
0.82819
0.975412
1.21452
1.1482
0.977903
1.44819
1.43667
1.04409
0.552088
0.79894
0.469084
0.489262
0.672155
0.786151
0.634956
0.759648
0.856244
0.237295
0.939583
0.596232
0.191659
0.111249
0.50046
0.635778
0.424566
0.668073
1.15614
0.49505
0.265774
0.201893
0.394428
0.595463
0.590883
0.98489
0.705606
1.00361
1.00197
0.941949
0.644344
0.94057
0.750256
0.823213
0.713643
0.621503
0.80529
0.513158
0.715408
0.483131
0.907674
0.663428
0.370691
0.704629
0.543346
0.884353
0.982514
0.987689
0.847606
0.348049
0.666789
0.744074
0.504017
0.222313
0.494561
0.459711
0.255142
0.296047
0.37494
0.657457
0.322777
0.47314
0.703514
0.7559
0.272986
0.378578
0.493831
0.801126
0.841215
0.587499
0.669464
0.472045
0.983845
0.984017
1.29121
1.36389
1.07811
0.724318
0.259561
0.173499
0.619106
0.281515
0.134407
0.25585
0.318405
0.391245
0.329907
0.267195
0.930734
1.15128
1.32252
0.898035
1.1134
1.19127
1.56046
1.20908
0.818964
0.865743
0.566172
0.426904
0.865224
0.631894
0.809377
1.04801
0.934852
0.842082
0.780231
0.260487
0.581652
0.563944
1.11987
0.557283
0.338429
0.484124
0.263133
0.538418
0.709257
0.58444
0.408334
0.489335
0.649825
0.495186
0.553161
0.450095
0.219555
0.570102
0.727412
0.53509
1.11927
0.650857
1.01048
1.43216
1.4987
0.842142
0.610607
0.749905
0.672468
0.486271
0.904814
0.827668
0.692441
0.703022
0.32729
0.671208
0.246439
0.180057
0.952162
1.01584
1.25936
1.50798
0.834277
1.13011
1.49174
2.00005
1.81849
1.42942
0.765329
0.809586
0.378098
0.606633
0.611788
0.928356
0.671201
1.31255
1.14651
1.26243
1.37885
1.14945
1.02996
1.17832
1.2992
1.727
1.87578
1.92248
1.97712
1.79673
0.86747
0.431523
0.588784
0.971899
0.915838
0.960288
1.06252
0.607112
0.981488
0.911551
0.891663
0.247248
0.570692
0.608384
0.487527
0.0454363
0.413203
0.755735
1.02314
0.956959
0.766129
0.749101
0.90239
1.02862
1.19487
0.874989
1.31833
1.41606
1.47864
1.9286
1.31934
0.942545
0.682764
0.431206
0.369347
0.379388
0.335984
0.357216
0.583361
0.120503
0.221807
0.366136
0.684448
0.301202
0.756749
1.30626
1.78186
1.23771
1.1801
1.21078
0.739004
0.876638
0.68566
0.96768
1.58331
1.37239
1.1794
0.928079
0.656144
1.03486
0.73062
0.882553
1.54907
1.69359
1.15778
1.65485
1.25977
0.764178
0.970402
1.2276
1.1477
0.791194
0.762815
0.979135
0.74771
0.932937
0.785998
0.911246
0.378879
0.339486
0.290992
0.619562
0.496942
1.04121
0.750155
0.787597
1.04796
0.822718
0.742982
0.842063
0.917189
1.06258
1.04229
0.780107
0.859951
0.62549
0.729045
0.479672
0.33562
0.687388
0.461037
1.37291
1.82026
1.54012
1.44692
1.45146
1.09825
1.15697
0.570117
0.332519
1.09197
1.23
0.467096
0.410328
0.807499
0.483609
0.544823
0.637481
0.768461
0.605787
0.647897
0.479587
0.973691
1.1023
1.14682
0.948472
0.921835
0.478094
1.19857
1.48783
0.912124
1.27642
1.13702
1.4328
0.81009
0.282886
0.212081
0.71312
0.963577
0.88589
1.15905
0.92256
0.652904
0.352781
0.32719
0.288887
0.411068
0.863802
0.719224
0.779311
0.67842
0.320134
0.70003
0.699636
0.578297
0.739908
0.827877
0.808855
1.06096
1.24767
1.39588
0.664682
0.582639
0.23874
0.361998
0.602284
0.396278
0.158495
0.391559
0.564253
0.512643
0.959037
1.14658
0.844684
0.543117
0.549191
0.389525
0.481468
0.267443
0.374357
0.660731
0.617763
1.21854
1.09325
0.870911
1.09944
1.36945
1.17481
1.24394
1.91375
2.25849
2.07087
1.70995
1.42009
1.04744
0.676248
0.330291
0.414097
0.298866
0.398725
0.567518
0.704148
0.762189
0.583602
0.372085
0.686196
1.2167
1.27897
1.57199
1.02062
1.0574
1.28743
0.966429
0.796833
0.89475
0.633106
0.935739
0.577566
0.365533
0.826102
0.649481
0.456517
0.394044
0.259613
0.333392
0.36982
0.542948
0.545276
0.850704
1.11151
1.13459
0.776628
0.65227
0.80204
1.09519
1.37196
1.37479
0.991782
0.697734
0.607227
0.497474
0.387033
0.409956
0.765859
0.770009
0.576752
0.888376
1.03505
0.875245
0.830008
0.458105
0.489422
0.619809
0.669825
0.523943
0.593687
1.04414
0.235634
0.355224
0.366985
0.500672
0.605694
0.985372
1.12502
1.53792
0.96084
0.968297
1.56828
1.3228
1.47822
1.3094
1.07438
0.75363
1.21986
0.999379
0.768772
1.36304
1.52689
1.79665
1.88353
1.58502
1.73934
1.61364
1.88628
1.51136
1.22404
0.968179
0.924179
1.14827
1.41163
1.28406
1.20228
1.298
1.83422
1.4284
0.601513
0.272022
0.401558
0.29629
0.690975
0.843314
0.944256
1.41672
1.12562
0.613546
0.521375
0.229156
0.289829
1.10339
1.32824
0.995319
0.551313
0.53669
0.555212
0.344026
0.64014
0.426822
0.833976
0.744228
0.520629
0.817987
0.49489
1.39881
1.76431
1.59645
1.68769
1.13823
0.938092
0.687799
1.07401
1.20245
1.12978
1.15614
1.50573
1.40558
0.75029
0.684431
0.852553
0.916592
1.03477
0.904852
0.508573
0.320307
0.226722
0.729462
0.725839
0.894141
1.41856
1.40754
1.68233
1.45153
1.50945
1.10461
1.12435
0.945412
1.11641
1.51841
1.45871
0.764536
1.24042
1.49967
1.37913
1.19764
1.3369
0.976063
0.70095
0.27208
0.554553
0.52485
1.24233
1.358
0.414096
0.597245
0.184791
0.317528
0.60095
0.488769
0.57816
0.96389
1.27973
0.743002
0.780229
1.31239
1.32334
1.286
1.10164
1.21057
1.97817
1.63873
1.71894
1.80102
1.4587
1.15523
0.71439
0.185809
0.301038
0.678678
0.670206
0.23655
0.641737
0.793748
0.541515
0.590746
0.662783
0.146267
0.531964
0.442081
0.183141
0.279316
0.28368
0.336551
0.178531
0.813066
0.882304
1.27345
0.935507
0.982058
0.824154
0.935633
0.847234
1.04823
1.43106
1.2666
0.785744
1.35085
1.15531
1.02978
1.16373
0.949411
0.920404
0.809663
0.833718
0.444512
0.565031
1.03217
0.68329
0.330906
0.819833
0.780044
0.487937
0.76363
0.643507
0.410617
1.04925
1.01212
1.09246
1.5428
0.843674
0.677169
0.893693
0.854338
1.19749
1.24162
1.44586
1.38486
1.34553
1.41464
1.24359
1.04798
1.4289
1.00642
0.545015
0.944562
1.00683
1.23861
1.49182
1.70508
0.955691
0.688089
0.307421
1.01296
1.41245
1.5389
0.83371
0.656894
0.497436
0.569446
0.483358
0.52106
0.729047
0.537359
0.543888
0.651185
0.907335
1.24727
0.513896
0.592338
0.58227
0.71924
0.734836
0.921494
1.14204
0.738175
0.749292
0.23311
0.484583
0.427164
0.366901
0.640473
0.759258
1.04502
0.620617
0.918865
0.991079
1.09253
1.14761
0.400873
0.287678
0.24438
0.766276
0.401812
0.753029
0.723585
0.876852
0.572328
0.80735
0.867622
0.780925
0.562801
0.533145
0.228299
0.371783
0.541846
1.05141
0.771251
0.516188
0.102177
0.924721
0.21342
0.646422
0.476171
0.396755
1.1629
0.923038
1.04633
1.09289
0.303801
0.340744
0.398013
0.702212
0.682298
0.542329
1.22775
1.3034
1.04672
1.09627
1.13447
1.28768
1.24324
1.24672
1.04336
1.05958
1.11932
1.4183
1.64202
1.56651
0.870381
1.27974
1.03425
1.32522
0.835958
1.09846
1.03784
1.09021
1.3944
1.47897
1.25721
0.757542
0.699596
1.13729
1.32664
0.994406
0.908656
0.232403
0.933634
0.93732
1.23324
0.896122
0.379639
0.662291
0.903791
0.749769
0.629923
0.710602
0.891478
0.264698
0.309711
0.211153
0.207457
0.678299
0.887721
0.776813
0.639118
0.974372
1.27549
0.910422
1.20505
1.23037
1.47108
1.78419
1.90684
1.42987
1.70481
1.43955
1.41788
1.59174
1.49645
1.46556
1.6029
2.04008
1.45354
1.22139
1.33019
1.59699
1.59386
0.989249
0.860018
1.14612
1.15996
1.17296
1.57588
1.08504
0.84859
0.811943
0.967013
0.958062
0.867068
0.673978
0.423344
0.415277
0.0679205
0.0601356
0.661832
0.553237
0.28573
0.145906
0.369177
0.179368
0.0187727
0.212677
0.135644
0.230695
0.349998
0.45734
0.389452
0.721226
1.04029
0.993687
0.47446
0.816837
0.34786
0.285987
0.439016
0.395371
0.480061
0.328087
0.654615
0.733439
0.595376
1.06397
1.13354
1.19843
0.642573
0.480044
0.511728
0.614878
0.581661
0.727882
0.515117
0.462457
0.52832
0.539875
0.799799
0.379794
0.372792
0.629103
0.581269
0.792814
1.08587
0.753041
1.47486
1.56403
1.46363
1.75052
1.59645
1.57655
1.16852
1.17684
0.942147
0.991636
1.35439
1.07331
0.66893
0.812861
0.450535
0.601571
0.824296
0.83133
1.01902
0.773668
0.500331
0.28916
0.720704
1.05205
0.405154
0.525951
0.585439
0.670051
1.39403
1.21535
1.01838
0.950849
1.24933
1.45908
1.00553
0.515865
0.318998
0.713141
0.838989
0.545238
0.436215
0.529301
0.968384
1.04495
0.376795
0.508472
0.180117
0.170725
0.78418
0.240475
0.210766
0.781333
0.792442
0.814271
0.853039
0.67208
0.0402432
0.695568
1.03362
1.4804
1.28297
1.60803
1.87184
1.75473
1.38549
1.49221
0.927668
1.28633
1.0799
1.16364
0.840947
0.733589
1.02186
0.995626
1.08802
0.913522
1.37323
1.30133
1.19922
1.3736
0.867773
0.630796
0.68311
0.308821
0.454697
0.470157
0.167796
0.747847
0.545602
0.487759
0.0151566
0.890733
0.63985
0.559321
0.71035
0.74643
1.30884
1.20034
1.65839
1.55648
1.55171
1.47943
1.51901
1.2107
1.25829
1.18917
1.18382
1.163
1.02409
1.16063
1.10388
1.49781
1.44054
1.10867
1.1023
1.07338
0.835108
0.478677
0.532354
0.316873
0.414619
0.533456
0.802306
0.566612
0.680393
0.437762
0.681557
0.607179
0.421948
0.537509
0.812738
0.762266
0.896445
0.395087
0.661838
0.376456
1.05561
1.25088
1.36119
1.30871
1.50265
1.12491
0.572951
0.957153
0.748091
0.182948
0.532727
0.154934
0.386574
0.870696
1.14149
1.47462
0.992628
1.25066
0.903718
0.784713
0.770295
0.700154
1.2685
0.774092
0.873954
1.1453
1.09956
1.37495
1.58846
1.31814
0.928003
1.23644
0.757243
0.865223
1.29425
0.946136
1.60762
1.64469
1.66064
1.20792
0.975393
0.840623
0.46498
0.765843
1.15947
0.895236
1.17399
0.706831
1.21542
0.304732
0.819865
0.214444
0.403846
0.429009
0.380861
0.535689
0.107323
0.224297
0.454522
0.811363
0.317529
0.37268
0.739066
0.565093
0.377789
0.604602
1.15526
0.847979
0.821928
1.30828
1.28004
1.2055
1.16601
1.1049
0.900548
0.50105
0.62156
0.833648
0.930887
1.0138
1.26982
0.534265
1.3981
1.21159
1.38903
1.80466
1.15922
1.03899
0.796002
0.669067
0.29545
0.532936
0.632874
0.211383
0.431667
1.23159
1.0984
1.23645
1.44259
1.6326
1.9138
1.21403
1.09049
0.930169
0.687373
0.596683
0.765491
1.0894
0.838101
0.450854
0.503601
0.717924
0.234181
0.382042
0.623492
0.248883
0.588634
0.298836
0.499471
0.458423
0.272319
0.748532
1.00604
0.505937
0.367336
0.565526
0.667009
0.82307
1.07603
0.292491
0.108904
0.299097
0.534665
0.453589
0.0506345
0.412263
0.686211
0.538286
1.15783
1.05924
0.564015
0.195274
0.731036
0.608207
0.61588
0.562799
0.740678
0.51815
0.641323
1.09561
1.0515
1.17185
1.46167
0.464863
0.327202
0.0761835
0.0799595
0.398647
0.0837507
0.367851
0.916078
1.06341
0.922795
0.97594
0.996814
1.12311
0.917554
0.327105
0.540665
0.333527
1.14299
0.602094
0.445416
0.841379
1.06647
0.59034
0.498044
0.831903
0.78225
0.922772
0.789458
0.328785
0.591929
0.0602766
0.447704
0.31726
0.212955
0.607227
1.36341
1.00798
1.06061
0.144605
0.346815
0.501384
0.649529
0.673007
0.547594
0.709718
1.20117
0.773771
0.266377
0.461756
0.638197
0.724981
0.579508
0.529885
0.172889
0.7999
0.97971
0.960888
0.551522
0.785836
0.443605
0.504863
0.166524
0.424139
0.463094
0.55164
0.188742
0.502011
1.04521
0.415733
0.548019
0.758648
1.53496
0.817093
1.02091
0.813325
0.619117
0.271666
0.476214
0.647468
0.891975
0.846299
0.849427
0.303581
0.934409
1.21597
1.37218
1.91267
2.19643
1.9386
1.40689
1.47185
1.42094
0.55833
0.655739
0.50964
1.05955
0.485435
0.493908
0.820156
0.865704
1.0802
0.869298
0.90554
0.488983
0.6077
0.755628
0.681695
0.55518
0.536253
0.90313
1.07324
0.814096
0.400906
1.19561
1.20373
0.548466
0.758274
0.560846
0.688549
0.270457
0.436764
0.0917652
0.707999
0.317682
0.502368
0.626958
0.637952
1.33313
1.10909
1.01643
1.22133
0.547732
0.950914
1.03444
1.23841
1.52961
1.49553
1.62687
1.53722
1.26141
1.23755
0.972246
0.503467
0.48476
1.32578
0.682114
0.299564
0.435769
0.971386
0.694394
0.592068
1.01393
1.12374
1.29165
1.13488
1.03918
0.771717
1.19169
0.999539
0.558114
0.386786
0.544059
0.498678
0.873549
0.929959
1.04999
1.08496
0.720336
0.657875
0.577944
0.894754
0.606405
0.562585
0.378989
0.13134
0.118087
0.788274
1.21231
1.09623
0.871666
0.480972
0.082514
0.222636
0.510361
0.707078
0.364097
0.521368
0.286496
0.292261
0.328884
0.591317
0.738742
1.14554
0.959763
0.90127
1.28054
1.2187
0.763798
0.964643
0.9661
1.4979
1.20312
1.11394
0.651305
0.407812
0.293333
0.511993
0.62098
0.544132
0.165714
0.409074
1.0371
0.78412
1.16698
1.54464
1.35152
1.09584
0.739439
0.418364
0.519447
0.614377
0.499596
0.750026
0.860754
0.928384
1.08408
1.19577
1.6559
1.71401
1.63449
1.17826
0.76493
0.795425
0.70967
0.388887
0.296906
0.537645
0.601728
0.497784
0.555252
