1.10715
-0.491089
-1.3777
-2.45698
-2.86725
-2.21005
-2.43961
-1.7278
0.350816
-0.0213414
-0.246773
-0.275227
0.147786
-0.369431
0.227827
0.88758
0.641928
-2.46137
2.38732
-2.51044
-2.18449
2.28121
2.50712
2.10854
1.98935
1.41032
1.77167
2.09798
1.70124
1.80974
1.41214
1.28944
1.08545
0.845974
0.661389
0.83567
0.9385
0.964027
1.09867
1.03616
1.55377
1.13234
0.881332
0.750558
1.32102
1.13679
1.08694
1.20203
1.43013
1.18565
1.06546
1.02788
0.513303
0.891527
0.624556
0.464376
0.76832
0.59118
1.08716
0.957283
0.750063
0.937363
0.615119
0.83654
0.52356
0.221051
0.34284
0.625246
1.72474
2.05252
1.73444
1.65859
1.57136
1.11595
0.907392
1.01558
1.1282
0.956504
0.87675
1.12548
1.11704
1.9107
1.93232
2.08115
2.33014
2.26418
2.23131
2.30799
2.69103
2.3245
2.42357
2.79048
2.66621
2.78109
2.91459
2.8183
2.59005
2.68602
2.50134
2.42797
2.49871
2.46677
2.33654
1.99255
1.92182
1.41945
1.02736
1.12279
1.46633
1.8536
1.77539
1.72368
-1.61293
-1.5983
-1.57935
0.147222
1.18301
2.09396
2.30571
2.24397
2.95748
2.90458
-2.89228
-3.10765
2.95351
-3.13123
-2.59058
-2.39448
-2.79264
2.64328
2.39149
3.07353
2.99631
2.31009
2.75085
2.44349
2.23016
2.47485
2.67415
2.77502
2.76005
2.80448
3.11109
-3.14145
-2.62914
-1.93717
-1.15306
-2.57483
2.75621
2.61891
-2.93723
-2.61723
-2.55774
-2.80518
-2.36968
-2.39332
-2.51933
-2.79731
3.07932
-3.08186
-2.98586
-3.1249
-3.00569
-3.06895
-2.87773
2.74258
3.08684
2.96539
3.12081
3.10788
-3.12994
-2.98414
2.87275
2.73623
-3.07951
-3.10777
-2.84007
-3.0953
2.95869
-2.97372
-1.7136
-1.9115
-1.51382
-1.19592
-0.455897
-0.112689
-0.33644
-0.317307
0.0694138
-0.502276
-0.3092
0.179906
0.016492
-0.177628
-0.996757
-0.545745
-2.89071
2.16518
2.56178
3.0473
-2.59806
3.10009
-2.3379
-2.46114
-3.06531
-2.35405
-2.33261
-2.56457
-2.93922
3.13757
3.11866
2.95719
-2.27844
-2.23874
3.13279
-2.24747
-2.73351
-2.01466
-2.53396
-2.29738
-2.27065
-3.03316
2.5172
2.54925
2.228
2.10626
2.46689
2.1923
1.41879
0.77084
0.504498
1.03961
0.669728
1.47456
1.8139
1.65218
2.34348
2.67756
1.5285
0.542059
0.510874
1.716
1.55138
1.72103
1.71536
1.65728
-0.0704029
0.850203
2.71832
2.32666
1.9398
2.46554
-2.83841
-1.98138
-2.07662
-2.49464
-3.09423
2.85656
2.94878
2.90442
1.60694
1.01901
1.28555
1.96608
1.93458
2.06841
1.68239
2.35423
2.48274
2.48987
2.14976
2.3774
2.36122
-2.69978
-3.10344
-2.79527
2.80045
3.01631
2.87295
-2.85832
-0.231333
0.473022
0.752122
0.823191
-0.236059
0.256128
0.353068
0.944146
0.896112
0.408516
0.090737
0.210692
0.0957965
0.462901
0.0952147
-0.0693867
-0.0797785
0.00424374
0.0971142
-0.485078
-0.293948
-0.091075
-0.0524262
-0.0477924
0.413518
0.819112
0.533625
0.856686
0.932681
1.89552
2.69077
2.55477
2.45552
2.21323
2.50479
2.30895
1.39945
1.1471
1.25955
1.30694
-0.126317
-1.25042
-0.75902
-0.81488
-1.75005
-2.49084
-1.85326
-1.72092
-0.861596
-1.45572
-1.24181
-1.118
-0.657711
-1.34468
-1.63155
-1.45343
-2.81782
-0.715114
-1.45449
-2.80199
2.19222
1.96493
1.21663
1.18581
-2.12121
-1.99208
-2.59193
-1.41083
-1.9254
-3.00384
-3.11312
-2.77873
3.03853
-2.53298
-2.9557
-2.7888
-2.17322
-1.91621
-2.73575
-2.44472
2.67416
-1.53153
-0.593807
0.00604599
-1.06999
-0.308562
0.0573982
0.213484
-0.0620683
0.0382637
0.186359
0.135959
0.0181155
-0.172356
-0.155408
-0.163246
0.0923205
-0.0184514
0.212587
-0.0306106
0.104628
0.181566
-0.0854623
-0.813454
-1.40444
-0.786363
0.313971
0.292371
0.0291954
-0.0181794
-0.305162
-0.341526
-0.343861
-0.589464
-1.02416
-0.687254
-1.12033
-1.83497
-1.42455
-1.33939
0.412296
0.813312
0.60998
1.33037
1.37646
1.65534
1.46778
1.71766
1.46913
1.50195
1.15185
1.13835
1.21094
1.78769
1.02337
0.462305
1.07247
1.51066
0.853981
0.742086
1.95492
1.68813
2.61095
-2.515
0.963949
1.36234
1.11808
1.29685
-0.43001
0.643121
1.24834
0.228782
0.189098
0.602526
0.875634
0.664988
0.585187
0.540414
1.13079
0.888805
0.935305
1.12682
1.61217
1.73868
1.54731
1.49683
1.55075
1.63312
1.5366
1.51504
1.92496
1.78574
1.38714
1.58244
1.65506
1.08317
1.3825
1.88853
2.17334
1.79148
1.57221
1.77431
1.60051
1.39892
1.38105
0.967973
1.08696
1.82452
1.8829
1.73
1.63277
0.989142
1.41614
1.29823
1.10477
0.67496
0.333057
-0.890585
-1.14603
-1.54546
-1.42712
-1.53604
-1.5722
-0.852784
-1.06998
-0.726747
0.0384121
0.745534
1.44093
1.61482
1.41576
1.20784
0.866687
1.21617
1.39394
1.38421
-0.161707
-0.447269
-1.82487
1.21584
1.76787
2.39888
-2.86173
-2.62739
-2.52022
-2.76958
-2.95869
-2.99878
-2.9494
-2.80832
-3.10273
-3.03788
3.09838
3.04242
-3.06311
-3.13401
-2.98495
-2.44827
-2.32014
-2.49442
-2.07957
-2.23516
-1.54484
-1.46412
-1.35847
-0.831493
-1.08174
-0.900068
-0.504983
-0.165713
-0.563063
-1.2375
-1.38177
-1.26981
-1.54741
-1.42444
-1.37953
-2.28206
-1.00809
-0.222706
0.835623
1.79014
1.92459
1.72914
2.45638
-2.83495
-2.84215
-2.69063
-2.57292
-2.20824
-2.2378
-2.35582
-2.3458
-1.96743
-1.83365
-1.56941
-2.25841
-2.14851
-2.33492
1.02654
0.333039
-0.0811083
-0.29363
-0.380984
-0.191828
-0.38618
-0.270949
-0.61658
-0.947917
-1.00532
-0.998052
-1.09433
-0.542969
0.332127
0.64705
0.448433
-0.133683
-0.108734
-0.105117
-0.495521
-1.34388
-1.73065
-1.52987
-1.63896
-1.36646
-0.50321
2.24441
1.83488
-0.79473
1.98913
-2.7867
2.95885
-2.5431
-2.732
-2.35006
-2.34428
-2.69562
-3.09825
3.07959
1.69039
1.36397
0.845646
0.474513
0.305782
-0.448815
-0.452937
-0.361108
-0.369254
-0.863754
-1.13253
-1.0067
-0.576812
-1.67934
2.50379
2.56797
2.31548
2.48699
-2.42173
-1.16087
-0.844968
-0.632578
2.39922
-2.45091
0.132111
0.564591
1.04872
1.28264
2.11152
-2.71073
-1.85906
-2.15911
-1.61951
-1.79265
-1.39861
-0.952395
-0.897356
-0.404449
-0.431784
-0.351126
-0.426039
-0.568562
-1.4917
-0.475589
0.897292
2.73019
-2.51131
-1.9354
-1.45157
-1.54142
-2.01027
-1.66125
-1.70804
-1.83067
-1.42774
-0.931878
-0.0988144
-0.835842
-2.26515
-0.635367
-0.766371
-0.588137
-0.537954
0.116112
0.721395
1.3737
1.62124
1.69428
2.28659
2.16602
2.63647
2.64091
3.04581
-2.9061
3.10115
2.87091
3.08578
3.12547
-2.99806
-2.71485
-2.78408
-2.92876
-2.70996
2.92849
1.31488
-0.529317
0.37976
0.447097
0.444785
-0.106651
0.332182
0.777853
0.930741
0.615745
0.365784
-0.054684
0.265645
-0.312219
0.141513
-0.316446
-0.638994
-0.577705
-0.2416
-0.310421
-0.312214
-0.218903
-0.450815
-0.846461
-1.36962
-1.33137
-2.19789
-2.28991
-2.5291
-2.26452
-1.97317
-1.85049
-1.79063
-1.90838
-1.92041
-1.33869
-1.31188
-1.28073
-2.47523
2.81082
2.35355
2.47326
2.24893
1.57948
2.33587
-2.16232
-2.17701
-2.26216
-2.67672
-2.76227
-2.82103
-2.92119
-2.64575
-2.67305
-2.8322
2.58783
2.42431
2.6555
2.14565
2.124
2.11848
2.02768
2.1317
2.73514
2.60854
-2.97978
-2.78091
2.97023
2.49415
3.04349
2.69064
2.96591
-2.92121
3.11611
3.04789
2.7756
2.76136
2.41745
2.26186
-2.89078
-2.80811
-2.70483
-2.66727
-2.65603
3.02254
-2.60903
-1.54801
-1.67163
-1.68633
-1.90736
-1.8416
-1.14185
2.73483
-2.12283
1.33794
1.64564
0.902276
-0.0385209
2.0089
1.71376
1.39362
2.07524
2.06415
2.42734
-3.10463
-2.10313
-1.07566
-1.38547
-1.32318
-1.82435
-2.16917
-2.68359
-2.93385
-2.44334
-2.80839
-2.69334
-1.76628
-1.84434
-1.16272
-0.334345
0.139194
1.20002
2.06601
1.70853
-2.02026
-1.90055
2.97985
-2.71493
-2.75757
-2.85547
-2.64312
-2.14065
-2.59275
-2.5339
-1.98598
-2.20491
-2.15335
-2.4153
-2.98394
-3.0479
-1.64731
-2.9175
-2.95068
-3.06645
-0.919632
2.64636
1.46142
1.1184
1.23314
1.03462
0.886291
-1.04082
-2.63732
-2.72803
-2.76557
2.44021
1.9629
1.43575
0.752102
-2.45034
-1.43793
-2.13956
1.11382
1.14203
2.35904
-1.8043
-1.77351
-0.94282
-2.16682
1.63751
2.98353
2.66293
2.43343
2.86344
2.56003
3.01058
3.12146
3.01095
2.90583
2.99581
-1.69175
-1.31739
-1.07689
-0.0549024
-0.386909
-0.667399
-0.847859
-2.66487
-2.38328
-3.12162
1.19089
1.91949
1.46604
1.60426
0.687739
0.966748
0.634084
2.30566
2.50395
2.86992
2.35627
3.09297
-2.85075
-2.56027
-1.82037
-2.0083
-1.99075
-1.53917
-0.846814
-0.764894
-0.561204
-0.298639
-0.264315
-0.141539
-0.170045
0.0184469
0.264047
0.151953
-0.0686957
-0.824735
-0.195086
-0.457021
-0.335141
-0.132996
0.0818529
0.0205439
0.031413
0.0991757
0.291102
0.261656
-0.119193
-0.137261
-0.631411
-0.554951
-0.422368
-0.841586
-0.599269
-0.776543
-0.943379
-1.33815
-1.31602
-1.38632
-0.945299
-0.45153
-0.943438
-0.736815
-0.861336
-1.15127
-0.855372
-0.895415
-1.03601
-1.26306
-0.68559
-0.810543
-1.16531
-1.11608
-1.09169
-1.45
-1.73339
-1.68509
-1.96931
-2.32386
-2.00852
-2.27724
-2.26589
-2.29045
-2.40839
-3.02928
3.01355
-2.90784
-2.67559
-1.90271
-1.85249
-2.74777
-2.15639
-2.6639
-2.73351
1.34101
1.75369
1.45512
1.74766
1.6281
1.15945
0.654292
1.66563
0.918878
1.9853
-2.61432
2.1601
1.95385
2.52783
1.87376
1.38702
2.28174
0.626577
-1.82136
-2.87173
-2.99219
2.73136
-2.62159
2.95981
0.240407
-0.512784
-0.612918
-1.13052
-1.72188
-1.4335
-1.48883
-1.50132
-1.54233
-1.83775
-2.17882
-2.53783
-2.30692
-2.25554
-2.54496
-2.59407
-2.79012
-2.72543
-2.53033
-2.66287
-2.12289
-2.52747
-3.12956
-2.86857
-2.82982
3.0205
3.04327
2.54799
2.46669
2.53737
2.68275
1.73676
0.408765
1.04588
0.441552
0.488753
0.287858
0.48937
0.783145
0.684684
0.542909
0.692971
0.785126
0.771164
0.448324
1.07362
0.971722
1.69024
1.6726
1.61014
1.6011
1.1497
1.03988
0.921185
0.902396
0.326921
-0.0101218
0.336135
0.321356
0.304655
1.21526
0.566129
0.423223
0.839694
0.713718
0.807636
0.860772
0.962706
1.07018
0.576814
0.746927
0.824061
0.868006
1.2038
1.02275
1.09518
1.27517
1.0473
1.23073
1.47042
1.25097
1.61687
1.73747
2.11877
2.08782
2.00545
1.65533
1.82791
1.85135
1.82088
2.09484
2.7719
2.17612
2.8538
1.09982
0.851105
0.853629
0.6962
-0.220169
0.45324
0.274485
0.266834
0.406328
0.487914
0.131804
0.159722
0.117392
0.116649
0.221118
-0.073346
0.0293268
0.28533
0.435828
0.0406264
-0.267426
-0.479109
-0.422142
-0.306408
-0.396387
-0.527704
-0.421469
-0.863924
-0.79895
-0.948293
-0.971207
-0.76702
-0.858125
-0.928599
-0.997133
-0.84102
-0.689753
-0.724111
-0.562075
-0.388302
-0.298883
-0.290826
-0.111427
0.0200499
-0.215626
-0.384728
-0.124906
-0.172657
0.248423
0.227862
0.280483
-0.193167
-0.670742
-0.499626
-0.370233
-0.96542
2.42542
2.83838
1.69978
1.96277
2.34822
2.57557
2.64427
2.51672
3.08151
-2.75361
-2.50058
-2.24023
-3.064
2.99457
1.76761
1.9268
2.32888
0.48608
-1.15104
-0.948264
-1.03054
-0.80158
-0.549268
-0.703519
-0.563863
-0.352804
-0.199557
-0.688432
-0.733366
-0.596845
-0.569118
-0.472117
-0.482665
-0.565485
-0.422875
-0.499752
-0.217405
-0.417323
-0.556117
-0.843414
-0.803901
-0.887895
-1.03481
-0.685196
-0.926331
-0.451813
-0.558236
-0.340458
-0.547848
-0.479234
-0.420037
-0.394033
-0.413987
-0.26857
-0.456837
-0.36055
-0.240701
-0.038705
-0.479565
0.435273
0.87863
0.976339
0.797947
0.692939
1.56196
1.42235
1.28012
1.12798
0.820332
1.30967
1.03666
1.07322
0.652354
0.155482
-0.907212
-0.488945
-0.539292
-0.677153
-0.68562
-0.882928
-0.269058
-0.112502
0.139324
0.66394
-0.00451976
0.115819
0.067368
1.2403
0.562568
-2.08693
-2.05599
-2.92481
2.99088
2.68804
2.57633
2.65432
2.40194
3.03224
1.97136
1.15382
0.739685
-0.0829884
-0.138335
-1.6666
-1.5454
-2.34918
-1.9618
-2.49889
-0.802217
-1.03662
0.050937
0.0288193
0.255196
0.15776
-0.112276
0.564938
-0.140266
0.524743
-0.734209
-1.01596
-2.56376
-2.01615
-2.77808
-1.87963
-2.09651
-2.22244
-2.26467
-2.62615
-2.72732
-2.45608
-2.15378
-2.27241
-2.2896
-2.53892
-2.86546
-3.1213
3.05066
2.87947
3.00771
-2.78207
-2.85174
-2.68438
-2.24185
-2.08214
-2.2537
-2.29613
-2.3206
-2.72824
-3.02932
-2.12277
-2.14252
-2.4721
2.31285
2.34877
2.27935
2.32748
1.23868
1.04881
1.70511
1.94627
2.05324
2.41406
2.27478
2.13656
2.0727
2.36177
2.84885
2.46238
2.49365
-0.276761
-0.0274631
0.252861
0.295014
0.310594
0.316553
0.43587
0.280201
0.731659
0.200123
0.120155
0.528091
-0.0973351
-0.228297
-0.636642
-0.231067
1.24577
1.1601
-0.148572
1.25653
1.21513
1.49983
1.20315
1.12485
1.23586
0.638647
1.02898
0.841846
1.78778
1.79017
1.36138
1.70087
0.845407
1.04386
1.16117
1.01626
0.727132
1.06187
1.28735
1.22054
1.30399
1.14331
0.868984
0.543175
0.215325
-0.0386735
-0.297315
0.411937
0.156245
0.418859
0.0716633
0.2078
0.0176651
-0.457657
-0.89674
-1.02362
-1.16578
-1.06082
-0.880553
-0.460302
-0.152015
0.250438
0.0954097
0.249065
0.626178
0.117854
0.28815
1.33429
1.34624
1.25042
1.34108
0.147756
0.430521
0.119227
0.0190756
0.120932
-0.388598
-1.28435
-1.27983
-1.35596
-1.09716
-1.13064
-1.46758
-1.1375
-0.957376
-1.49082
-1.28182
-1.65072
-1.74207
-1.55477
-1.94673
-1.8532
-2.48711
-2.49913
-3.04062
2.76593
-2.57017
-1.82568
-2.63839
-2.61629
-2.66296
-1.27999
1.95664
1.9251
1.6741
1.61298
1.76117
0.931876
2.5534
2.86603
2.95898
-3.13622
-2.57114
-2.3913
-2.68055
-2.9435
-2.8648
-2.84773
-2.93234
3.06599
2.96819
2.88244
2.38805
1.8383
2.59004
2.69821
2.30439
2.38409
1.94468
2.99131
2.17663
1.77486
1.74958
2.43298
1.91333
1.74875
2.37618
2.64479
2.72673
2.94156
2.70335
2.56352
2.63174
3.13157
2.93698
2.14248
2.30797
2.05804
2.12948
2.1664
2.30369
2.04856
1.89263
2.53548
2.42085
2.47506
2.48702
2.41587
1.76
2.02116
2.29518
2.31558
2.12672
1.8909
2.08548
2.29126
2.2343
2.7615
2.55622
2.81484
2.4519
2.00821
1.96842
1.50552
0.357246
0.588924
1.06604
1.89965
2.04038
1.97737
1.67985
1.64999
2.22345
1.92574
2.12902
1.58952
2.74048
-2.50573
2.11991
2.75432
2.14078
1.71182
2.30191
-2.75101
-2.48394
-2.05693
-0.23824
0.754172
0.601447
0.634457
0.639138
0.483688
0.326047
0.492822
0.766128
0.817295
2.16973
-2.98166
2.90638
-0.430375
0.212838
1.22335
1.00286
-3.07894
-3.10608
-2.87816
-0.770941
-1.08011
-0.394509
0.0810935
0.191991
0.324873
0.498574
0.0855521
-1.10013
-1.87065
0.888591
0.494548
0.615431
0.501081
-0.576514
-0.750532
-1.19847
0.260933
2.45439
1.59243
2.4501
-2.40588
-2.23346
-2.59601
-2.62437
-3.03895
-2.65178
-1.71052
2.26888
2.55304
2.60222
2.19282
1.8987
1.5762
0.385386
0.718264
0.673333
-0.468483
-0.280965
-1.00525
0.645221
0.423577
-2.12753
-3.01869
0.777834
0.161195
0.635017
-2.7674
1.09499
1.13149
0.985897
1.13646
1.25502
1.17399
1.26876
1.12223
0.708097
0.71921
0.754821
0.0155475
0.181514
0.297335
-1.13481
-0.929376
3.05273
0.335278
0.957175
2.20476
-2.6233
-1.28022
-0.283483
0.111105
0.481019
0.481803
-0.0796618
0.0510227
0.0293864
0.590562
0.142245
-0.293181
-0.194187
0.357171
-0.0627227
-1.38797
-0.788128
-1.29279
-0.0241026
-0.221133
0.272495
0.287954
0.451079
0.770009
1.29327
1.24099
1.02468
0.956186
0.769861
0.90916
0.430596
0.336958
0.386651
0.48105
0.579113
0.389456
1.03797
-0.0528408
0.52632
0.624819
0.23077
0.0647923
-0.111569
-0.233505
-0.437111
-0.516873
-0.62232
-0.140163
-1.94115
-1.42369
-1.06054
0.194468
1.22856
0.84433
-0.906295
-2.76571
2.21322
2.27204
2.37553
2.67981
0.615585
0.103892
0.407878
0.444939
0.691145
0.637727
0.604202
0.577149
0.278343
0.0756559
-0.54545
-1.27609
2.7856
0.977292
1.81974
1.07106
-1.36884
-1.35432
-0.949184
-0.877509
-1.48331
-1.83233
-2.50841
-2.0938
-2.29381
-2.38823
-1.94086
-1.88063
-1.72074
-1.93858
-2.08934
-1.9705
-1.94244
-2.04445
-2.74621
-2.81978
-2.87013
-2.3404
-2.56008
-2.73343
-2.61804
-2.67161
-2.60803
-2.59712
-2.68388
-2.5683
-2.79185
-0.866414
0.126666
-0.303932
0.463426
-0.0764205
0.571227
0.575465
0.737961
0.54287
0.568178
0.978574
-0.214497
-0.536567
-0.419898
-0.353918
-0.330446
-0.571787
-0.728247
-0.414039
-1.03361
-1.0128
-1.1931
-0.747844
-0.559034
-1.20642
-1.55205
-0.960787
-0.904649
-0.413831
0.0148111
0.0890198
0.290691
0.093536
0.749483
-0.452961
-1.69796
-2.05321
-1.64093
-1.67849
-0.994653
2.42494
2.82868
2.05842
1.94188
1.47349
1.43531
1.69495
2.03871
2.27721
2.73901
2.7964
3.01798
3.09273
2.96697
2.89547
2.82353
3.0565
2.2784
2.81725
1.84392
3.09884
-3.10408
2.33446
2.52709
2.1162
2.0055
1.30336
1.14548
0.592432
-2.55643
-2.0124
-1.76163
-1.66298
-1.1425
-0.867331
-0.766475
-0.235792
-0.66299
-0.553953
-0.527476
-0.738932
-0.392903
-0.673987
-0.847846
-1.09125
-1.4443
-1.78258
-1.82802
-1.99326
-1.84223
-2.20464
-1.52769
-1.53387
-1.47365
-1.41769
-1.60225
-0.350052
1.41543
0.179013
0.159997
0.280397
-1.17825
-1.17782
-0.845862
-1.57158
-1.54402
-1.3176
2.96848
1.56619
-0.132183
0.117676
0.591303
0.534812
0.488998
0.829325
0.0424255
0.104792
0.273524
-0.260102
1.96533
2.33084
1.86953
1.78363
1.85634
1.7914
1.6679
1.58021
1.93984
2.57782
-2.54718
-2.50476
-2.42011
3.13831
-3.09707
2.68932
2.80585
2.50496
2.47999
2.38246
2.21887
2.15139
1.93735
1.33013
1.64914
0.458127
0.650886
-1.70263
-1.66175
1.17932
-2.65444
2.78952
2.29981
1.93774
1.82603
2.07393
2.39786
2.32158
2.50679
2.43183
2.37231
2.40769
2.0426
2.25489
1.91261
2.30495
2.54388
3.08521
2.90237
-3.06076
-2.88406
2.82225
2.55585
2.87446
2.85334
2.69544
-3.09802
2.83278
2.00717
1.63063
1.63143
1.1533
-2.86532
3.10379
-2.13472
-0.975321
-0.797944
-2.22684
-1.52898
-1.55886
-0.200477
-0.276975
-0.534638
-0.966931
-0.968357
-1.14633
-2.04586
-1.61922
-1.57481
-1.63232
-1.81076
-1.90553
-2.64942
-2.88959
3.09149
2.67841
2.84702
-3.04373
-3.11083
2.74768
2.80142
-2.57903
-2.16513
-2.14122
-2.30581
-2.37543
-2.53379
-2.26176
-2.44273
-2.02696
-1.8543
-1.99936
-2.14249
-1.84743
-2.04802
-1.26671
-1.28494
2.4323
-1.91291
-1.62825
2.78048
2.57225
2.90067
1.87007
1.41522
1.21549
1.97831
2.15822
1.76651
2.32561
-0.586548
0.600914
-0.0664611
0.0465376
0.729034
-2.92474
0.754893
2.74021
-2.68194
1.2664
2.66964
1.73708
1.07255
1.41403
0.836489
1.65448
0.188808
0.31162
0.255365
-0.0166485
0.741096
2.62847
2.62899
-3.01937
3.13394
2.71148
2.81674
2.72034
2.6025
1.94757
1.9896
2.21908
2.5344
2.13244
1.73355
1.28047
1.30603
2.30164
1.57789
1.45069
1.36182
1.02042
0.295679
0.935614
1.32111
1.70259
1.61542
1.86527
2.24746
2.45933
2.64869
-1.93928
-3.10205
-1.71088
2.71394
0.270951
1.72632
-2.98467
-2.41956
-2.58498
-2.58699
-2.71314
-2.66781
-3.06306
2.95938
-2.96882
-3.05048
-2.78679
-2.45103
-2.11583
-2.3218
-2.84733
-2.92613
2.96694
-1.94764
-2.51432
0.844274
2.71211
3.11555
2.18945
1.83637
1.48805
1.16675
1.26977
0.787352
1.25174
0.776851
0.799869
0.300707
0.0777408
1.83638
1.84279
2.36353
2.83992
-2.53992
-2.79511
-2.69159
-3.12409
2.14792
2.54743
2.68498
-3.10729
-2.65374
1.85107
1.99202
2.35382
2.4546
2.7986
2.24906
2.20955
1.937
1.63984
1.5917
1.24838
0.624429
-1.02165
-2.36177
-1.16188
-1.08169
-0.794518
-1.15406
-2.72636
-2.95572
-2.80376
-2.61908
-2.90688
2.94022
1.97875
-2.64788
-2.73058
-2.05752
-2.25734
-2.05415
-1.18803
0.128512
1.8368
1.92645
2.29943
2.55491
2.83979
2.65422
2.44383
2.15768
2.21715
2.13172
1.85656
1.81378
1.91123
1.82123
1.75895
1.74317
1.68352
1.76172
1.25682
2.2978
1.99179
2.37383
2.18494
1.97539
1.94739
2.18833
2.02215
1.50895
2.04762
2.29256
2.78726
2.6176
2.437
2.47667
2.78352
3.09723
2.47651
2.72555
2.56076
2.56383
2.18926
2.80893
3.11382
2.99561
-3.08394
3.05475
3.1227
2.94007
2.95426
2.99777
2.90225
2.70437
2.838
2.66265
2.29509
1.28677
1.52282
1.60161
1.7106
1.92589
2.28039
2.68159
2.92351
3.01345
-2.84925
-2.05479
-2.69639
-3.13229
-0.721942
-0.785105
-0.300267
-0.393566
-0.195923
-0.345724
-0.0494729
0.0166643
0.120902
0.0090156
0.134314
0.174748
0.229579
0.754525
1.02407
1.09539
0.873407
0.878148
1.1087
1.40952
1.49293
1.94775
1.91293
2.1154
2.36486
2.58848
2.6859
2.68362
2.79415
2.49357
2.85811
2.75939
2.95332
2.82998
3.02266
-3.04674
-2.1349
-2.87847
-2.61049
-2.08745
-2.36294
-2.94833
-2.54488
-2.51818
-2.03085
-2.02787
-1.8288
-2.21144
2.47345
-1.57304
-0.746169
-0.259673
0.965631
0.963524
0.905054
0.913226
0.49597
-1.43287
-1.15545
0.988163
-2.44186
-1.68998
-1.85921
-1.61774
-2.13895
-1.11469
-1.96445
-1.58271
-0.617748
-0.625304
-0.131759
-0.216986
-0.0378365
0.0962654
0.135896
0.209505
0.0673009
0.284617
0.109547
0.211156
0.264962
0.101377
-0.086733
-0.0512291
-0.0846547
-0.463268
-0.320492
0.163585
-0.30729
-0.324662
-0.557678
-0.587876
-0.597116
-0.354923
-0.225356
-0.00189621
-0.285169
-0.590592
-0.398029
-0.22175
0.18188
0.229017
0.121088
0.746393
1.04234
2.25439
2.1303
1.97141
-1.61759
-1.82267
-2.29295
-2.37808
-2.17124
-2.30787
0.604338
-0.856628
2.99081
-2.69395
-2.32081
-2.69027
-2.2882
-2.28288
-2.31846
-2.16795
-1.97657
-2.06626
-2.01954
-1.8227
-1.69622
-1.57255
-1.42265
-1.39169
-1.51377
-1.44862
-1.44761
-1.38602
-1.33417
-1.31877
-1.48701
-1.83755
-1.94952
-2.34812
-2.62242
-3.00085
-2.96926
-2.80221
3.07091
3.05535
3.01831
3.13702
2.86583
3.01029
2.7883
2.63481
2.41451
2.31189
2.45755
2.73434
2.9742
3.02425
2.84062
2.91865
2.89702
2.9577
2.90273
2.77857
2.97993
-2.95634
3.1329
-2.88219
3.05047
3.02122
2.73421
2.5927
2.73565
-2.97546
2.67775
-2.95656
-2.69724
2.18569
2.03785
2.31085
2.4941
2.40326
2.45729
2.16204
2.78122
1.82865
2.39159
1.93658
1.66489
2.17785
2.65781
-1.09829
-0.42186
-0.340592
-0.089429
0.376232
1.02232
-0.873107
-0.997707
-1.17061
-0.724916
-0.606018
-0.716978
-0.732622
-0.382645
-0.282187
-0.494119
-0.661231
-0.961711
0.089775
0.168736
-1.0084
0.270186
-0.0546131
-1.11096
-1.28286
-0.54612
-0.735194
0.234987
0.0984893
0.242477
-0.0218953
0.366217
1.1015
1.43641
-1.21916
0.424599
0.144984
0.216753
2.6003
-3.02537
-1.69386
-0.835398
-0.327253
-1.09183
-2.15064
-2.30447
-2.51934
-2.64416
-2.83873
2.92422
2.7627
2.69457
2.69171
2.62747
1.69799
1.61337
1.87163
1.37581
0.562762
0.597905
0.842493
1.20299
0.725606
1.14706
1.73589
1.70164
1.44038
1.8456
1.43126
0.920508
1.39527
-2.63337
2.74508
2.79662
2.89084
2.92735
2.84576
3.08629
-2.81669
-3.09586
2.93557
2.978
2.33184
2.00819
2.16054
2.40133
2.23512
2.67322
2.07169
1.6084
2.30525
1.86416
-3.1176
2.20822
2.44455
2.16587
1.97157
1.75855
1.89087
2.05436
2.72115
-3.04327
-2.73778
3.05055
2.36896
2.25524
2.5943
2.48072
2.37469
2.50241
3.04175
2.90537
2.89156
2.87964
2.10794
-1.74085
-1.43918
-1.54531
-1.22278
-2.95746
2.75585
2.71663
2.65181
-2.8198
-2.39163
-2.43309
-2.93001
3.00825
2.63067
2.3183
1.85649
2.08905
1.64405
2.13645
2.14378
1.52335
1.38863
1.32383
1.04869
0.868817
0.293091
0.193024
-0.745324
-1.85124
-2.05218
-2.37398
-2.25248
-1.71012
-2.67371
-2.55733
-2.47578
-1.54398
-2.4346
-2.4998
-2.19183
-1.26256
-1.46735
-1.63456
-1.1047
-1.40364
-1.012
-0.540383
0.760344
0.509079
0.478676
0.793938
0.829097
0.557139
0.128953
-2.2199
-1.23495
-1.36075
-1.78301
-1.83813
-2.45176
-2.71241
-2.63124
-2.96254
-3.03078
-2.48796
-2.54001
-2.4973
-1.67865
-1.81156
-1.5492
-1.23392
-1.43685
-1.49112
-1.56167
-1.3826
-1.18332
-1.29239
-1.29504
-1.29597
-1.18499
-1.08609
-1.3544
-1.35926
-1.58456
-1.47974
-1.88841
-2.40606
-2.32355
-2.52323
-2.93165
-2.91742
-3.0321
3.06147
-3.13075
-3.03734
-3.10453
2.7003
2.88015
2.59689
2.80362
2.50139
2.48796
2.22434
2.47717
1.92414
0.682168
-2.93953
0.28847
0.950238
0.35856
0.838187
0.382609
0.494727
1.25783
1.29807
1.72058
1.68688
1.14818
1.27913
1.25247
3.0854
1.76639
1.93909
2.76244
3.01207
-2.87846
-2.85007
-2.88514
2.89688
-2.15945
-1.85418
2.05795
-0.284026
0.0146759
-2.19661
-2.20595
-1.20879
-1.15005
1.3092
1.2561
1.36164
2.45347
2.49787
2.31848
2.12749
2.14217
2.3206
2.50637
2.19913
1.50548
1.15015
0.90347
0.855904
0.659754
0.67583
0.385121
0.618233
-0.0271462
0.101245
0.0914109
0.0160141
-0.286489
-0.326256
-0.12552
-0.404098
-0.490324
-0.539707
-0.501686
-0.450978
-0.0598946
0.0119022
0.513039
0.963612
0.899425
0.722341
1.72939
2.10409
0.705104
-0.54514
2.95956
-1.49816
2.05854
1.66335
1.27951
1.29065
1.5024
1.402
1.25114
0.79469
1.15982
1.35987
0.516162
1.08713
0.460157
0.777112
0.606809
0.0249627
0.346753
0.26504
0.365917
0.00658981
0.729033
0.309779
0.904099
1.07164
0.898517
1.36859
1.67729
1.56364
1.84599
1.7944
2.20211
2.79887
1.65924
2.3089
0.9489
-1.11199
-1.71482
-0.296444
-0.936401
-1.45203
-1.16751
-0.61283
0.0517264
2.11096
1.77206
2.17941
2.19805
2.25815
2.16802
2.12975
2.40191
2.11543
2.09983
1.76708
1.54831
1.12475
1.16511
1.15634
1.25284
1.34559
0.952054
1.04286
1.2671
1.80469
1.61003
1.40976
1.36346
1.32
1.47546
1.11886
1.17406
0.397952
0.681376
0.0557892
-0.283342
-0.203704
-0.398045
-0.375991
-0.327931
-0.525448
-0.445569
-0.325795
-0.57703
-0.378795
0.515918
1.40709
1.60692
1.73645
1.92324
2.70516
2.24887
1.43583
1.80015
2.37708
0.767338
0.0261983
0.517065
0.998287
1.6626
2.64357
-2.87542
2.93007
0.781494
-1.93775
-1.70662
-1.44008
-1.56993
-1.82905
-1.66797
-1.2676
-1.20756
-1.67234
-2.52027
-2.4355
2.89743
2.83954
-2.57528
-2.58188
0.470985
0.397528
0.38263
0.483131
0.472382
-0.32889
-0.911143
1.46307
1.21961
1.95622
1.25197
1.19974
1.63487
0.544558
0.70791
-0.526793
1.63422
1.10427
2.46832
2.40235
2.42512
2.7085
2.56373
1.9349
2.0638
2.2301
1.99525
2.50034
2.10737
0.734203
-0.435928
-0.48578
0.76927
0.96482
0.258209
0.533953
0.45071
0.29323
0.570426
0.822475
0.722479
0.453903
0.545952
1.30102
1.42753
0.75288
0.654624
0.599198
0.68392
1.25163
1.37203
-0.281277
-2.25334
-1.08267
-1.35147
-1.76063
-1.98398
-1.59541
-1.60509
-1.39556
-1.36072
-3.12996
-2.80672
-2.85146
-2.62746
-2.88781
-2.67272
-2.45105
-2.48185
-2.1812
-2.16199
-2.01312
-2.03079
-2.07967
-2.40231
-2.32822
-2.55649
-2.94285
-2.92257
-2.9012
-2.89636
2.71251
-3.02053
-3.11673
2.84305
2.7613
2.36266
1.90098
1.49325
1.10235
1.40673
1.53632
2.20463
2.84301
-2.70063
-2.84424
-2.40305
-2.30691
-2.32077
-2.76999
-3.02314
-2.65065
-2.50458
-2.3607
-2.25848
-2.0697
-2.1204
-2.17433
-2.32849
-1.96435
-2.26104
-2.36392
-2.40871
-2.18069
3.01601
-1.98108
-1.47111
-1.35231
-1.26144
-1.46123
-1.52496
-1.60905
-1.99007
-1.89476
-2.07239
-1.96229
-2.05218
-1.82104
-1.52116
-1.53455
-1.67102
-1.85138
-1.74564
-1.91651
-2.63295
-2.57034
-2.47204
-2.25938
-2.20645
-2.31463
-2.05308
-2.82752
-2.45815
-1.89302
-2.25332
-2.48253
-2.52462
-2.60482
-2.69605
-2.45592
-1.71081
-1.50925
-1.16214
-0.697444
-0.0892715
-0.16791
-0.420576
-0.326598
-0.27335
-0.646255
-0.686436
-0.840683
-0.675501
-0.423177
0.410137
0.45729
-1.89675
-1.85873
-1.14165
-0.597352
-0.715534
-0.182314
0.253676
-0.744274
-1.25643
-1.10065
-1.64981
-1.69175
-0.262103
-0.889285
-0.196286
-0.721832
-0.751177
-0.90315
-0.488863
-0.620984
-0.923907
-0.985696
-0.857377
-0.772921
-0.827698
-1.12665
-1.22133
-1.99688
-1.60644
-1.38738
-1.44501
-1.30102
-0.870841
-1.59351
-1.50621
-2.11684
-1.41109
-1.03064
-0.822161
-2.05618
-2.49321
3.09289
2.73517
2.88535
2.89351
2.97979
2.77724
2.83637
2.44597
3.02473
-2.90542
2.2236
2.05111
1.82869
0.713084
0.903816
0.358375
0.905985
-0.0166062
-0.618547
-1.05548
-1.6493
-1.45397
-1.01286
-0.667629
0.287364
2.05979
2.65967
2.74345
-0.317634
0.891094
2.26414
2.35463
2.67218
2.28169
2.24939
2.19757
2.89154
2.36163
-3.12214
-2.79802
-2.63391
-2.57413
-2.52619
-2.18833
-2.28413
-2.07433
-2.13784
-2.00959
-2.1454
-2.02304
-2.54788
-2.40348
-2.45337
-2.52145
-2.69433
-2.91628
2.86055
-3.11896
-3.10698
-2.6822
-2.00341
-1.62266
-1.85018
-1.73643
-1.59345
-1.94261
-1.90712
-1.97195
-2.20357
-1.96983
-1.94343
-1.84682
-1.73972
-2.21678
-1.80881
-1.78965
2.45075
2.22056
2.20975
2.50263
2.73117
2.66471
2.81124
2.86068
2.67633
-2.41037
-2.82833
3.07393
-2.94186
2.92235
-3.09239
2.85279
3.09331
3.00402
-3.07845
-3.00064
2.9035
3.13596
-3.086
-2.98456
-3.13872
-2.97811
-2.79083
3.07449
3.11129
2.9302
2.36551
-2.7658
3.02601
2.14774
2.32718
1.41117
0.332669
1.11112
0.443791
0.978495
0.834359
1.43491
0.729395
1.04396
1.02743
1.07459
1.09683
1.51842
1.94682
2.50982
-2.98343
-2.76428
-3.07693
-0.753695
0.220325
0.437894
0.605072
0.297957
0.832832
-0.0127191
0.150633
0.0826929
0.353722
0.533106
0.651765
0.715044
0.55393
0.399965
0.63997
0.693989
0.15014
0.0542336
0.724074
0.478347
0.290994
0.610703
0.227496
0.522767
0.817943
1.13025
1.10935
0.822276
1.38652
1.33852
1.28651
1.08978
0.950198
1.227
1.32308
1.13672
1.34056
1.39827
1.61718
1.83485
2.05034
1.69311
1.57454
-1.49476
-2.18925
-2.18176
-2.25621
-2.38826
-2.3611
-2.52443
-2.58278
-2.98984
-2.61237
-3.1362
-2.85041
-3.04181
3.05812
3.13061
-3.09227
3.11724
3.0299
3.04501
2.33772
2.44677
1.32808
0.491226
0.609454
2.54049
2.75934
2.80222
-1.73488
2.16075
-0.37158
0.45571
1.09555
1.33443
0.856188
1.14732
1.3562
1.93028
1.79944
1.68235
1.1691
2.5008
2.13112
2.44168
2.53656
2.51028
1.78134
1.28164
2.59488
2.9059
-2.78506
-2.30006
-2.13869
-2.10039
-2.64518
-2.42326
3.11869
-2.92855
3.00579
3.05445
2.66712
2.80942
2.1411
1.56577
1.82629
1.58778
1.64739
2.08088
3.04964
-2.96817
2.69011
1.95943
1.88975
2.54918
-2.89105
-2.71502
-2.83469
-2.87136
-2.93441
-2.90638
-2.74602
-2.58574
-2.39004
-2.36314
-2.51063
-2.15881
-2.56072
-2.51716
-2.23711
-1.98309
-1.79523
-1.42493
-1.21078
-1.17369
-0.857005
-1.16477
-1.2107
-2.07458
-2.26838
-1.92199
-1.9427
-1.71598
-1.66459
-1.06847
-1.17125
-1.26698
-1.41994
-1.13124
-1.28125
-0.676304
0.415464
0.50807
0.405998
0.494584
0.656678
0.297149
-0.100713
-0.305936
-0.329695
-0.581522
-0.403465
-0.445807
-0.441041
-0.141332
-0.783284
-0.772119
-0.666763
-1.08479
-1.55417
-1.8113
-2.86113
-2.805
-2.85958
-2.80992
-3.07824
-2.83118
-2.71622
-2.58933
-2.4475
-2.37728
-2.28549
-2.17004
-2.70304
-2.89665
3.04331
-3.10409
1.36252
-2.55435
-2.98473
0.501706
0.589504
-0.374408
0.323077
0.346995
0.195593
-0.126596
-0.073817
0.0873179
-0.300711
-0.350638
-0.0079261
0.464419
0.545268
-2.02534
-2.31861
-2.97605
3.125
-2.66619
-2.48006
-2.07108
-2.08082
-2.74102
-2.81838
-2.49664
-2.73294
-3.02648
-2.8104
-2.66681
-2.36212
-1.97396
-1.3123
1.24516
1.80793
2.07487
2.929
-3.01882
-3.07677
-3.01668
3.00965
-2.86223
-3.00823
3.09661
3.08034
1.07832
-2.42192
0.729709
-2.1956
-2.02784
-1.63239
-1.86757
-1.70756
-0.901104
-0.475441
-1.09922
-0.849392
-0.977923
-1.39399
-1.01345
-0.671143
-0.571948
-0.460211
-0.237128
-0.138906
0.14053
0.285328
0.616437
0.934899
0.432376
0.239419
-0.104453
0.166983
-0.508392
-0.351994
-0.626605
-0.968327
-0.684439
-0.510903
-0.518741
-0.360022
-0.188645
-0.19162
-0.767106
-0.200191
-0.689307
0.367932
0.790296
-2.93954
2.04518
1.88191
2.00675
1.75745
1.68473
2.38655
2.24669
2.62998
2.54306
2.59017
2.63517
3.04443
3.13881
3.09607
-2.52936
-0.835985
-0.459448
-0.291441
-1.58796
-1.9855
-2.38041
-2.25987
-1.81765
-1.09027
-1.47746
-0.593065
-0.9985
-0.5797
0.802963
0.127127
-0.552829
-0.725493
-0.193192
-0.281396
0.198811
0.332919
0.94519
0.607743
0.485968
0.59855
1.08837
1.02924
1.5761
2.40365
-3.06692
2.78204
3.09447
-2.99826
-2.6851
-2.60653
-2.25681
-2.34101
-2.19248
-2.34023
-2.15575
-2.08107
-1.94822
-1.89851
-1.84758
-1.87032
-1.91016
-2.03226
-1.28393
-1.55395
-1.69061
-1.51311
-1.69381
-2.00049
-1.83356
-1.42202
-2.13031
-1.70023
-2.6119
-1.35972
0.112568
2.22773
0.530237
-1.62825
0.168155
2.41408
2.72039
2.57005
2.0237
2.55558
2.78976
2.99401
-2.92554
-3.12015
-2.77085
-2.62829
2.93717
1.24873
2.02899
2.54202
2.30743
0.756124
0.304679
0.342975
0.300713
0.237588
0.595887
0.528044
0.461717
0.736239
0.986145
0.773819
1.06332
1.0844
1.18415
1.08804
1.34227
1.44163
1.45754
1.81116
2.09258
0.362509
-0.399073
-0.93475
-1.47692
-1.57295
-1.17086
-1.06979
-1.33704
-1.53124
-1.08555
0.59879
0.740728
0.0633643
-1.12362
0.0569682
0.551013
-0.285284
-1.35638
-1.21625
-1.07645
-0.431166
0.454957
0.723816
0.445618
0.323209
0.423623
0.321137
0.159885
0.137756
0.0334561
0.657142
0.555623
0.460284
-0.359942
-0.642775
-0.781681
-0.47636
0.103527
0.45147
0.335219
0.0690162
-0.825644
0.313429
-0.0202596
0.44002
0.638676
0.694365
0.609287
0.306024
0.0596603
-0.463371
0.391305
-0.287856
-0.591066
-0.849683
-1.10278
-1.01576
-0.878983
-0.302687
-0.726916
-0.184135
-0.881183
-1.0699
-1.0729
-0.803586
-0.764478
-0.970804
-0.490328
-0.0937362
-0.986053
-1.2102
-0.396911
-1.82324
-0.71689
-0.456337
0.161907
0.518706
0.445691
-0.0204319
-0.153667
-0.30249
-0.221934
-0.381313
-0.158679
-0.488999
-1.47706
-1.3663
-1.37654
-0.852375
-0.509148
-0.695832
-0.0379706
-0.102026
-0.217394
-0.144354
-0.251724
-0.1045
-0.657444
-0.908343
-0.491594
-0.98934
-0.853215
-0.606994
-1.01691
-1.75365
-0.296029
-0.82531
-0.845634
-0.741594
-1.36709
-1.4828
-1.25797
-1.27515
-1.62874
-1.45979
-1.42664
-1.30647
-1.6521
-1.63594
-1.7466
-1.61618
-1.40063
-1.12996
-1.01039
-0.781048
-0.466911
-0.0483112
-0.212623
-0.446083
-0.147843
0.318356
0.371996
-0.0917076
0.456262
1.13185
1.80498
-2.37384
-0.599748
-0.137195
0.429785
0.224818
-0.0833435
-2.27518
3.00944
-2.93888
2.63011
2.05274
2.20246
2.39772
2.64736
-0.356017
-1.28527
-1.28752
-1.60687
-0.582855
-1.09829
-0.758993
-0.530483
-1.12555
-1.9769
-1.73712
-1.6023
-1.53938
-1.52626
-2.21156
-2.31593
-2.62795
-2.22522
-2.44946
-2.50194
-2.39348
-1.5755
-0.902543
-1.19279
-1.79127
-2.22248
-2.23503
-1.69869
-1.18467
-1.06191
-1.25747
-0.824228
-0.853814
-0.743826
-0.778185
-0.1393
-0.141563
-0.388189
0.202523
0.0513904
0.161684
0.169802
0.379612
-0.571748
-1.59143
-1.73971
-1.52764
-1.67229
-1.11808
-0.882428
1.5469
1.76102
1.46403
1.3638
0.406879
0.607118
0.382487
0.301902
-0.157182
-0.0459523
0.0773951
0.17384
0.0982205
-0.426295
-0.213238
0.589011
0.260522
0.20077
0.0122936
0.0482507
0.181713
0.230055
0.559144
0.228675
-0.150545
-0.924579
-0.493874
-2.67962
-2.51043
-3.08617
3.06991
-2.80342
-2.64826
-2.77976
-2.89743
-3.10313
3.00359
3.01044
3.05957
2.8313
2.83923
2.73959
2.72263
2.77577
2.57279
2.79917
2.74665
2.75784
2.5471
2.34836
2.80897
-2.57016
-2.63295
-2.73269
2.94883
-3.08497
-3.11723
2.8125
2.57581
2.85328
2.82569
2.80893
2.27275
3.01551
0.869569
-2.01028
-2.70054
-2.4289
-2.11399
-3.02898
2.99651
-2.34235
-1.99925
-2.13618
-1.93723
-1.94818
-2.16786
-2.14879
-2.21638
-1.32532
-1.34235
-1.12829
-0.659716
-0.789811
-1.23163
-1.5617
-1.70584
-1.04356
-0.0687622
-0.584139
-0.785843
-1.11473
-1.3592
-1.06864
2.99246
2.85161
2.49622
3.04371
2.49328
2.67216
2.95737
2.99968
2.71868
2.30932
2.23676
2.14118
2.29256
2.52623
2.6262
-3.12016
-3.01883
-2.95893
-3.13275
-2.96126
-2.87909
-2.63809
-2.18171
-3.07113
2.71044
2.20797
2.11247
1.68285
1.46519
1.51547
1.55579
2.91388
1.46702
2.08324
0.588032
-0.461246
-1.75614
-1.26459
-1.80746
-2.03257
-2.84904
-3.0111
-2.11875
-2.30422
-2.22618
-2.63705
-2.80591
3.01469
3.10068
-2.9455
-3.05744
-2.79406
-1.56543
-0.839021
-0.494773
-0.0651475
0.0762246
-1.73997
2.83183
-2.38461
-2.91947
2.88846
0.223311
-0.14007
-1.00914
-0.386537
0.826369
0.918541
-2.91289
2.15144
2.09247
0.263128
1.77364
1.61188
1.50672
1.8698
2.96692
2.61389
2.41964
2.29078
2.39177
1.16828
-2.99512
-1.67929
-1.38817
-1.39587
-1.13786
-1.45493
-1.67137
-1.78702
-1.71005
-1.6052
-1.77189
-1.78552
-1.94413
-1.7773
-1.88123
-1.7039
-2.53099
-2.16674
-2.41435
-2.2141
-2.41416
-2.4757
-2.72038
-1.9463
-1.77359
-1.51048
-1.01604
-1.49503
-0.909038
-1.23655
-1.68799
-1.68105
-1.52914
-1.60421
-1.13098
-1.05586
-1.25152
-1.39455
-1.00923
-1.42325
-1.77994
-2.30623
-2.08315
-2.55321
-2.70002
3.10555
2.74597
-2.49779
-1.43474
-1.9038
-1.7003
-1.74285
-1.8157
-2.14595
-2.15661
-1.84197
-1.94568
-1.6917
-1.2865
-1.25627
-1.43413
-1.331
-1.41781
-1.47461
-1.28398
-0.863823
-0.322941
-1.32809
-1.50295
-1.41
-1.57656
-1.43678
-1.81973
-1.80223
-2.33261
-2.44408
-2.09622
-2.20019
-2.69398
-2.5558
-2.21015
-2.13084
-2.14421
-2.35528
-2.7957
2.59341
-2.67179
-1.73737
-1.50701
-1.36709
-0.719108
-0.0665798
-0.315278
-0.082176
-0.285602
-0.74732
-0.420513
-0.557357
-1.27383
-1.01511
-0.829486
-1.4864
-1.14906
-0.936772
-1.06579
-0.827351
-0.905048
0.333152
0.541906
0.112784
0.128693
-0.74716
-2.17967
2.92275
2.25664
2.4855
-3.09879
-3.0942
-2.70768
-2.51969
-2.57479
-2.22021
-1.61698
-2.32383
-1.10095
-1.33067
-1.1239
-1.4331
-1.19167
-0.478981
0.100936
-0.499858
-0.572214
-0.872962
-0.957562
-1.43869
-2.688
2.90631
-2.09785
2.31735
2.40953
2.9035
2.46499
2.51562
2.49666
2.26821
2.36315
2.22738
2.60621
2.85188
3.10297
3.09215
-2.54154
-2.42407
-2.28353
-3.108
2.93147
3.13714
-2.25354
-1.53501
-1.83452
-2.85411
-2.80884
-2.40625
-1.86112
-2.71984
-2.69213
-2.80117
-2.94438
-2.76677
-3.12901
2.99971
2.58513
2.56298
2.45827
2.32933
2.03428
1.66636
0.77956
2.78758
2.66739
2.45102
2.97918
-2.43912
-1.79108
-2.38875
-3.00213
-2.39142
-1.03593
-0.370516
-0.336153
-0.0500589
0.0604927
-0.12981
-0.126513
-0.0686834
0.0781783
-0.0768397
-0.17664
0.262828
-0.359957
-0.061917
0.357876
0.213504
0.24274
0.423275
0.427509
0.291498
0.714758
0.624885
0.641708
0.623771
0.347477
0.502781
0.500414
0.30828
-0.264232
-0.131877
-0.436349
-0.0779972
-0.534072
-0.292706
-0.0414759
0.267223
-0.280111
0.226524
0.582489
0.362976
0.345208
0.534554
0.352432
0.572405
0.712852
0.323084
0.275159
0.0510652
-0.0795013
-0.187421
-0.260319
-0.709593
-1.19073
-1.18931
-1.39986
-1.1922
-1.02364
-0.977538
-0.870738
-0.389652
-0.13732
0.358426
0.311571
1.48146
-1.2525
-0.337879
1.34539
1.24392
0.798216
-1.12091
-0.986072
-1.4059
-1.22887
-2.16502
-1.61405
-2.13233
-2.43998
-2.37705
-2.44582
-2.36923
-2.40855
-2.31474
-1.94429
-1.90114
-1.88905
-2.32177
-2.59279
-2.7647
-2.7042
-2.92162
-3.13213
-2.80669
-2.99666
2.87509
-3.13447
2.96289
-3.02036
-2.91563
-2.80275
-2.71225
-2.21321
-2.21015
-1.71211
-1.48125
-1.2079
-1.31292
-1.72927
-1.44585
-1.91841
-1.81034
-1.54344
-1.4974
2.08389
-1.05679
-0.599191
-0.888857
0.141863
0.421546
0.381509
0.136317
0.589528
1.11224
2.36424
2.71184
2.37358
2.63281
2.3561
1.90376
0.896109
1.56567
0.573064
1.01263
1.3263
1.63902
1.97907
2.65363
3.09187
2.68001
2.5192
0.4734
2.49484
2.67457
2.13157
2.90434
-3.13353
-2.52327
-2.77839
-1.49529
-1.74694
-2.58031
3.10166
-2.31778
-0.50691
-1.02312
0.155271
-2.22632
-1.5304
-2.54801
-1.4349
-1.48154
-2.26252
-1.6673
-0.6688
-0.524187
-0.62144
-0.61565
-0.340529
-0.779193
-0.789628
-1.14851
-0.826951
-0.851424
-1.09277
-1.57497
-1.01798
-1.61824
-1.86856
-1.30973
-1.6756
-1.26819
-1.78985
-1.88653
-1.92117
-2.16805
-2.29222
-2.99189
2.77798
-0.979888
2.81532
-2.11891
2.35386
2.88188
-0.304769
-0.805326
-0.705933
-0.676372
-0.639696
-0.193514
-0.52905
-0.603158
-0.563322
-0.427568
-0.425612
0.0530073
-0.173612
-0.326646
-0.654711
-0.847331
-0.782528
-0.514008
-0.422616
-0.410678
-0.607364
-0.713367
-0.993282
-0.839834
-0.925852
-0.878672
-0.864232
-0.877484
-0.940848
-0.921996
-0.768211
-0.941379
-0.924826
-0.981382
-0.939324
-0.605539
-0.234277
-0.469512
-0.64549
-0.987601
-0.772494
-1.04427
-1.31246
-1.18861
-1.60695
-1.63451
-1.83293
-1.61597
-2.15987
-2.50008
-2.32491
-2.65047
-2.1753
-2.77741
-2.75663
-2.55409
-2.20353
-1.91296
-1.75967
-1.53159
-1.72802
-1.97282
-2.01248
-2.04256
-2.0963
-2.18859
-2.47878
-2.05122
-1.67298
-2.47661
-1.88425
-1.54344
-1.29056
-0.999014
-0.791229
-0.917752
-0.725379
-0.263866
-1.22237
-1.59985
-1.18489
-1.09991
-1.27697
-1.21172
-1.05616
-1.22833
-2.17257
-2.53043
2.18486
1.40769
1.63277
1.59848
1.37829
1.52821
1.46678
1.52051
1.20112
0.995432
1.38707
1.29604
1.51154
1.53964
1.69355
1.72532
2.05693
1.96557
1.66142
1.72218
1.76316
1.86485
1.97768
1.85819
1.29914
1.55959
1.94201
1.79004
1.80486
1.95852
1.68461
1.76121
1.70118
2.26687
2.29744
2.67787
-2.98239
-2.62699
3.14138
-1.94214
-0.260161
-0.61543
-0.725531
-0.587882
-0.846717
-1.59388
-2.26213
-2.48974
-1.08587
0.345985
0.291855
-0.283846
-1.35181
-0.991409
-0.0540617
-0.220398
0.118414
0.938888
1.67869
1.11331
1.66116
1.21322
1.13239
0.786075
0.628031
0.883337
2.63273
2.90943
-1.78457
-1.25588
-0.515423
-0.376401
-0.333762
-0.296846
-0.116064
-0.00935132
0.191739
0.711937
0.566836
0.50533
0.483429
0.274
0.381566
0.572893
0.590131
0.469872
0.649546
0.423545
0.41528
0.918354
0.856283
1.00502
1.66909
1.73471
1.17509
0.774078
0.697825
0.584085
1.08022
0.787885
0.949363
0.253817
0.256111
0.632208
0.234588
0.147574
-0.741891
-0.837028
2.43536
3.07789
2.96907
2.72665
2.99656
-3.05194
-2.81282
-2.98144
-2.84478
-3.02838
2.63506
2.87063
2.58845
2.29153
2.02305
1.85251
1.94673
1.97342
2.01336
2.26428
2.37562
2.06697
1.93587
2.07593
2.26937
1.77872
2.00092
0.154822
3.06022
-2.84407
-1.44287
-1.98511
-1.8125
-2.46325
-2.96924
-2.11754
-2.0692
-2.55484
-2.32528
-2.46564
-1.98603
-1.98249
-1.99072
-2.04844
-1.52711
-1.80826
-1.52372
-1.5636
-1.69589
-1.82301
-1.94437
-2.35736
-2.35633
0.6344
2.84243
0.732402
0.911001
1.37328
1.52665
2.33525
2.70533
2.8947
2.60203
2.68108
2.51023
-3.0289
3.06652
2.25386
1.70055
1.68565
0.652705
0.694978
-0.778753
0.617569
-1.57212
-3.0295
-2.02006
-2.45471
-1.84997
-0.527887
-0.742329
-0.334802
0.0906198
-0.903876
-2.07647
-2.10124
-2.4302
-2.80182
-1.4879
-2.30589
-1.70641
-1.46716
-1.77493
-1.59185
-1.62921
-0.161188
-1.97835
-1.96641
-2.50194
-0.0734413
2.40729
1.95992
1.46416
0.522493
0.606809
0.586502
0.534281
0.37604
-0.0833562
-0.892774
-0.0772612
0.366922
0.46089
0.266844
0.0529443
-1.40083
-2.6976
3.05179
-2.69451
-1.99221
-1.44395
-0.739701
-0.446872
-0.488275
-0.322113
-0.66486
-0.647109
-0.82926
-1.23473
-0.673283
-0.488406
-0.607433
-0.443523
-1.32122
-1.99032
-2.06748
-2.43795
-2.52969
-2.21928
-2.13443
-1.78881
-1.87268
-1.96808
-2.25555
-2.19208
-2.20813
-1.73681
-1.58364
-1.77334
-1.85929
-1.33233
-1.95767
-1.92354
-2.01466
-1.78312
-1.69636
-1.55586
-1.63325
-1.74215
-2.00078
-2.38481
-2.47616
-2.34948
-2.34789
-2.15665
-1.57074
-1.46372
-0.414694
0.139537
-0.189116
-1.00926
-0.167164
3.1367
2.59853
2.00456
2.31189
2.49754
2.41846
3.12518
3.11818
2.89882
2.74954
-2.91115
-2.63802
-2.5452
3.04623
2.91702
-2.88108
-1.89624
-2.1956
-1.96331
-2.06863
-1.82601
-1.94037
-1.95144
-2.80434
-2.67424
-1.98003
-2.38895
-2.36872
-2.36658
-2.31987
-1.96389
-2.02586
-2.01461
-1.8674
-1.68633
-1.85136
-2.21658
-2.16947
-2.07825
-2.08124
-1.96538
-1.6608
-1.26245
-1.63377
-1.48055
-1.24554
-1.59869
-0.927373
-1.47177
1.36712
1.6116
1.07504
0.539347
0.0705322
0.398011
0.635715
1.9127
1.7502
2.51931
2.42311
-2.76091
-2.58434
-2.18933
-2.99038
-2.99863
-2.43107
-2.32379
-2.35181
-2.49126
-2.46357
-2.54037
-2.66272
-2.60503
-2.47197
1.91691
-0.897027
-1.16849
-0.828728
-0.874702
-0.925549
-1.10823
-0.0521196
-0.182086
-0.56136
-0.107725
-0.676385
-0.436564
-0.226089
-1.60175
-1.29511
-1.28391
-1.48143
-2.15868
-2.61056
2.56727
2.93399
2.87942
-2.30003
-2.65523
0.953001
0.742172
0.876752
1.00967
1.80159
2.09413
1.60644
1.57575
0.981304
0.598194
1.35012
-2.71568
0.341765
0.66469
0.318815
0.682038
-2.06334
0.837562
-2.5256
0.00216691
0.194119
0.294033
0.323302
0.292802
0.0936276
0.317403
0.201023
0.00970002
0.371317
0.309967
-0.0958386
-0.107659
0.248558
-0.168806
-0.487677
-1.04849
-0.944921
-1.3022
-1.15525
-1.32472
-1.3844
-0.964513
-1.41091
-1.65401
-1.69644
-1.34142
-1.97658
-2.18603
-1.1037
-0.86779
-0.473655
-0.372714
-0.585104
-0.00475564
-0.405589
0.318394
-0.836582
-0.325712
0.299599
0.862483
0.962221
1.10321
1.86365
1.45582
1.87071
1.72398
1.73975
1.71305
1.43549
1.50037
1.6452
1.35848
0.649296
0.584507
0.538475
-2.80394
-1.30777
-2.51908
-1.20488
-0.984527
-2.51104
1.62587
0.70054
1.35583
1.22767
0.378573
0.491131
0.55648
0.219303
0.0813176
0.150078
0.080082
0.32496
0.0915598
0.0415374
-0.0386913
0.115633
0.481124
0.166238
0.288956
-0.135111
-0.158438
0.155814
-1.12931
-1.41854
-0.818161
-1.29466
-1.21879
-0.755324
-0.745516
-0.344338
-0.867214
-1.0999
-1.3897
-0.486922
0.100142
1.55877
2.27343
2.21473
2.55497
1.62403
2.33254
2.33332
1.80378
1.23875
1.26468
2.555
-3.13335
-1.55242
3.03887
-2.2172
0.838552
0.847489
1.06286
1.01819
1.12188
0.758928
0.845913
0.688643
0.617804
0.713284
0.491577
0.0408958
-0.32732
-0.142591
0.0523617
-0.117032
-0.452351
-0.212195
-0.574231
-1.64633
-2.51056
-2.36104
-2.46871
1.40655
0.502815
-0.569709
0.864706
0.454175
0.0681173
-0.316961
0.145358
-0.111271
0.16559
-0.0236274
0.135463
-0.367083
-0.361698
-0.225631
-0.498001
-0.990611
-0.858667
-0.513032
-0.348344
-0.378506
-0.534991
-0.99154
-0.256943
0.548085
-0.759898
-0.680919
-0.888943
-1.40997
-1.50665
-1.51397
-1.4249
-1.13492
-1.42754
-1.83305
-2.4991
2.84205
2.83232
2.7386
2.54002
2.6315
2.75725
2.43089
2.46322
2.45159
2.40877
2.13191
1.95195
1.52539
1.4177
2.09411
2.03656
1.69097
1.41556
1.81584
1.54235
1.8947
2.0206
1.80303
1.57865
1.61505
1.32125
0.66214
1.4681
1.18033
0.588493
0.409751
0.26656
0.388574
0.0615541
0.173652
0.418671
0.0450304
0.132482
-0.206547
-0.120569
-0.0740071
-0.054815
0.039939
-0.0530066
0.12869
0.366492
0.217556
0.0319178
-0.085692
-0.530835
-1.00342
-1.15145
-0.843923
-1.42248
-2.15397
-2.2788
-1.37916
2.86913
0.940045
0.863392
1.45157
1.59677
1.29763
1.23523
1.05131
1.09406
0.834396
1.56611
1.44642
1.00187
0.831908
0.935505
1.02513
1.19703
1.59923
1.54466
2.00982
1.42868
1.38706
1.82418
1.53689
1.95043
2.06068
2.02566
1.78449
1.86922
2.02838
2.58803
-2.87221
2.99301
-2.97412
3.05422
-2.92665
-1.77586
-3.01003
-2.79969
-0.796955
-1.14575
-1.46035
-2.19466
-2.30708
-2.13432
-2.42805
-2.36631
-2.70631
-2.61263
-2.93795
2.42399
0.524311
0.427039
0.0981706
0.191523
0.706812
0.505456
0.848994
1.02704
1.38046
1.37436
1.54143
1.59215
1.04288
1.66408
-2.57826
2.37363
3.08663
-2.76347
-2.51577
-2.30564
-1.97842
-1.8808
-1.21017
-1.10164
-0.79461
-0.946502
-0.649313
-0.857667
-0.484815
-0.385255
-0.50248
-0.690548
-0.715956
-0.748853
-0.980922
-1.62007
-1.988
-1.78664
-1.60379
-1.38157
-1.59527
-2.25213
-1.91494
-1.23014
-0.910978
0.0102731
1.18476
-0.585624
-0.793323
-0.532229
0.0470676
-0.20543
0.523812
0.221625
-2.17929
-0.104766
-0.0965946
0.223521
0.145003
0.355539
0.507398
0.690669
0.647418
0.212825
0.686514
1.11841
1.93179
2.61069
2.44194
2.48726
2.22292
2.25861
1.75654
1.96889
1.17009
1.95666
2.06496
-2.807
-2.71795
-2.84833
-2.19331
-2.41989
-2.5828
-1.99707
-1.61898
1.03179
-1.91951
-3.04016
2.94666
2.62031
-2.77041
-1.87764
-1.49744
-1.72026
-2.10298
-1.87881
-1.89731
-1.73597
-1.93101
-1.9443
-2.20419
-2.53014
-2.36333
-1.53135
-0.525653
-1.13863
-0.645017
-0.594315
-1.13384
-1.21475
-0.890457
-1.57332
-0.995718
-1.29391
-1.17477
-1.40568
-2.89969
2.51394
2.72307
0.631167
1.26038
1.34316
1.10293
0.955837
1.0438
1.17477
1.41688
1.86461
1.86771
1.13294
2.70493
1.39282
0.430658
-1.60661
-1.15986
-1.02609
-2.30734
-2.73
2.76584
2.56992
-2.96572
2.92651
-3.01594
2.73331
2.11907
2.52678
2.68946
2.32508
2.11397
2.32131
2.61845
2.46352
2.04724
1.97889
1.55137
1.54715
1.59439
1.71775
2.15125
2.18207
1.59545
1.39497
1.66271
1.78702
1.9712
2.30178
2.64593
2.6684
2.50864
2.05943
1.78821
1.91006
1.92006
1.71049
1.73975
1.95706
1.67884
1.85464
2.13315
2.20762
2.32878
2.53885
2.51584
2.29271
2.19628
2.22122
2.10269
2.15049
2.103
2.0961
1.78454
1.73776
1.86408
1.93864
1.81565
1.44471
1.59593
1.98166
1.93074
1.93581
1.59241
1.77448
1.88136
1.74511
1.80017
1.65645
1.56086
1.48527
1.13486
0.990899
1.06435
0.926482
0.390065
0.468825
0.353025
-0.267443
-0.293161
-0.499962
-0.537605
-0.796619
-0.749756
-0.778838
-0.435927
-1.07059
-0.80174
-0.580825
-0.268862
0.818906
0.431042
-0.156228
1.3601
-1.82435
2.91952
2.4218
-0.00707782
-0.996679
-1.62727
-0.606999
-0.62943
-0.627375
-0.93064
-0.96178
-0.729036
-0.409172
-0.364004
-0.486007
-0.706223
-0.848287
-0.664418
0.256028
0.48755
0.630361
0.301229
0.794816
0.448292
0.329198
0.363231
0.431139
0.0905354
0.612864
0.995623
1.38174
2.26556
2.32419
2.31429
2.04015
2.3599
2.62571
3.0161
2.66521
2.44371
2.4296
2.58741
2.16274
2.53742
2.41733
2.09456
2.17719
1.89628
2.78455
2.83548
2.21359
1.85833
1.88687
1.41034
1.43039
1.46
1.44375
1.4253
1.3847
1.32933
1.53294
1.39685
1.20987
1.24866
1.70541
1.5632
0.686388
0.125367
0.11311
-1.02396
-1.24968
-1.93625
-1.8155
-1.63805
-1.88045
-1.90372
-1.97281
-1.89573
-1.69265
-1.97946
-2.2932
-1.85295
-1.58424
-1.15041
-1.2219
-0.723773
-0.699036
-0.694882
-0.384031
-0.80308
-1.15555
-0.954059
-0.517247
-0.712533
-0.906213
-0.770229
-0.468086
-0.208233
-0.495209
-0.146579
-1.06235
-1.54535
-2.55181
-2.38395
-2.33502
-1.68657
-0.868999
1.03724
1.07255
0.297744
0.431498
0.760911
1.189
1.34915
1.12801
0.860514
1.39973
0.801309
0.360485
-0.368993
-1.13452
-0.808169
-1.05782
-0.674137
-0.898225
-0.32133
0.297346
0.044318
-0.224701
-0.0105247
-0.123615
-0.280759
-0.457504
-0.433087
-1.77562
-1.692
-2.2639
-2.69375
-2.42429
-2.7026
-2.70357
-2.36858
-2.74152
-3.04758
3.0706
3.08494
-2.59663
-2.38152
-1.81832
-1.45977
-1.32639
-2.39909
-2.82349
-2.60407
-2.85457
-2.82246
-2.77576
-3.02342
-3.06454
-2.96261
-2.69537
-2.39231
-1.49761
-2.23391
-2.58343
2.78609
1.89297
0.289256
1.77244
0.535502
-0.35597
-0.163064
0.124899
0.701629
1.1024
0.873175
0.323806
-1.19658
-1.20671
-1.4479
-2.19136
-1.38891
-1.61927
-1.83549
-2.22836
-2.28633
-2.42965
-2.03343
-1.98033
-2.15952
-2.46687
-2.44509
-2.37701
-2.33207
-2.28743
-2.17574
-2.25181
-2.38248
-2.68927
-2.83637
-2.89166
-3.04868
-2.91278
-3.13685
2.70996
2.68893
2.45121
2.36447
2.46963
2.29142
2.2335
2.28049
2.32729
1.81032
1.94541
1.5502
2.0007
2.37603
2.62741
3.13902
2.69331
2.47493
2.20209
2.80219
3.11647
2.92055
2.86128
2.94363
-2.82181
-2.95536
2.83334
3.05284
-3.00587
-2.90007
-2.70628
-2.92169
-3.06434
-2.77926
-2.67601
-2.12654
-2.26461
2.95915
2.80577
-2.16661
-2.04262
-1.92565
-1.71058
0.0994575
0.544782
0.436863
0.414376
-1.00351
-1.15806
-0.91834
-0.820455
-0.389955
0.173669
0.165266
-0.167152
-0.473613
-0.688279
-0.702893
-0.704262
-0.813958
-0.668283
-0.537525
-0.587511
-0.587133
-0.672168
-1.48388
-1.19215
-1.07659
-1.41707
-1.28653
-1.2138
-1.29176
-1.45134
-1.49276
-1.65087
-1.53245
-1.36393
-1.6317
-1.63616
-1.51075
-1.86025
-1.6967
-1.89171
-1.81594
-1.97422
-2.10698
-2.03894
-1.91775
-2.12806
-2.17902
-2.06236
-1.77755
-1.43748
-1.47581
-1.27892
-1.28835
-1.26794
-1.07282
-1.52823
3.00955
-2.32212
-2.45768
-2.43439
-2.44887
-2.28023
-1.56563
-1.5093
-1.30045
-1.67601
-1.73279
-1.95328
-2.00079
-1.90479
-1.16179
-0.682484
-0.545728
-1.13919
-1.13412
-1.97953
-2.00792
-2.12532
-1.78056
-1.76587
2.78972
2.76761
2.88347
2.55414
2.96578
2.59183
1.96672
1.77198
1.86904
1.65575
1.50526
1.71443
2.16652
1.8932
1.6111
1.94848
1.46064
1.1339
2.59309
2.19384
1.38324
1.41496
1.18588
1.29643
1.55033
1.37343
1.63209
1.49409
1.78009
2.43018
2.56035
2.23422
2.62837
2.68405
-3.03024
2.95207
2.82072
2.53953
1.88082
2.17869
-2.62749
-3.01656
2.50926
2.81913
2.58401
2.3571
1.95424
1.09523
1.20286
1.28135
-2.4279
2.69154
2.98261
-1.00972
-0.101723
-0.267922
-0.156569
-0.954649
2.3173
2.28144
2.31306
3.08869
0.660262
-2.5739
-3.0163
3.05428
-2.59864
-2.14123
2.06494
2.74545
2.48117
-3.07202
3.02322
-3.1083
2.98086
2.94613
-3.12585
3.10286
2.91003
2.78522
2.50034
2.00645
1.22233
1.10737
1.42974
1.93333
2.64304
2.3201
2.5584
2.46051
2.78576
2.69517
2.61134
2.63027
2.73989
2.0541
1.86142
2.00034
-3.0381
-2.74379
-1.92485
-2.80856
-2.40504
2.23862
2.67338
2.60701
2.11838
2.41014
2.50095
2.4728
2.39509
2.55543
2.22118
2.14233
1.95575
1.79179
1.99163
2.42338
2.37752
2.02111
2.23402
2.63702
2.35821
2.75279
2.84536
2.60681
-1.56224
-3.11741
2.21428
0.825646
0.552898
0.511393
0.445419
0.292926
-0.604496
-0.741829
-1.75252
2.24646
2.08932
2.90734
2.51575
-2.9583
3.09956
2.85643
-2.79646
-2.57673
-2.48097
-2.96879
2.93819
-1.55629
-1.34323
-1.5286
-1.8877
-2.18371
-1.49859
-0.982609
-0.40707
1.2686
0.511998
-0.158184
-1.34267
-0.707931
-0.4144
-0.584197
-1.31522
-1.26837
-1.48619
-1.32163
-1.52361
-1.77294
-1.6816
-1.68657
-1.45466
-1.52817
-1.58335
-1.32636
-0.810577
1.5494
-1.50921
-1.31794
-1.35942
-1.4144
-0.864545
-0.948796
-0.828551
-1.69876
-2.98642
-2.98997
-2.80977
-2.48047
-2.42452
-1.13238
-0.8911
-1.2669
-0.974676
-1.41604
-1.23884
-1.94315
-1.94193
-1.4129
-1.35824
-1.21979
-0.84208
-0.676536
-0.870972
-0.918427
-0.96599
-0.818077
-0.165491
-0.141285
0.0452094
0.00382512
0.165704
0.140682
0.781014
0.707813
0.118835
0.0128731
-0.26916
-0.548353
-0.151744
-0.290007
-0.662926
-0.510755
-0.716948
-0.862074
-1.43091
-1.43392
-1.77174
-1.71853
-1.7187
-1.61159
-1.85243
-2.00608
-2.11248
-1.96742
-2.08953
-2.48529
-2.24181
-2.83288
-2.08125
-1.98002
-2.14866
-2.64634
-2.38653
-2.03061
-1.99226
-1.96481
-2.38105
-1.94516
-1.17135
-1.47371
-1.74928
-1.94567
-1.53137
-1.65413
-1.06416
-1.13458
-0.748577
-0.573024
-0.763316
-1.30062
-0.64049
-0.949963
-1.62715
-1.21579
-0.76937
-1.04509
-1.15129
-1.07979
-0.835004
-0.74654
-0.879968
-1.2343
-1.14852
-0.756088
-0.208734
2.37208
0.771491
0.705278
0.677627
0.375702
-0.0373818
1.07977
1.46856
1.95172
1.99355
0.224098
-2.19165
-2.10341
-1.92393
-1.93219
-1.92582
-2.20153
-1.72968
-1.7056
-1.2835
-1.60602
-0.909818
0.128691
0.341817
2.93125
2.79218
1.85016
1.1054
0.419672
0.0795682
-0.333318
-0.279065
-0.193285
-0.205155
-0.713441
-1.14145
-0.594229
-1.00928
-1.31369
-2.18833
-1.94615
-1.11814
-1.15003
-0.612522
-0.103673
-0.773267
-1.23261
-0.802139
-1.48439
-1.30211
-2.8145
-2.81023
2.67905
-2.75336
-2.85674
-2.8981
3.11474
-2.83696
-2.6878
-2.52719
-2.06955
-1.63882
-1.85936
-1.77141
-1.23032
-1.23056
-1.65738
-1.68472
-1.86177
-1.73272
-1.82061
-1.43156
-1.11152
-0.888372
-0.785491
-0.392472
-0.246624
-1.11032
-1.0359
2.5986
0.558965
0.633738
0.874209
1.08614
0.837672
0.942107
1.08118
1.40816
1.45064
1.34606
1.39911
1.47683
1.99548
1.91433
1.28922
2.11706
2.70864
2.7261
2.64248
-0.377416
-2.07775
-1.64308
-1.9455
-1.73726
2.86206
-0.461904
-1.06929
-0.521907
-0.241572
-0.0692161
-0.16681
-0.398284
1.46475
2.04163
1.95301
1.57702
1.75521
2.92415
1.57635
0.745108
-0.0631576
-0.215786
-0.521781
-0.904598
-0.797358
-0.92784
-1.07956
-1.0574
-1.13125
-1.36881
-1.55747
-1.46117
-1.59686
-0.818814
-1.04504
-1.01025
-0.876467
-0.197504
0.117354
0.433404
0.696029
0.298621
0.402822
0.196901
0.406668
0.566113
1.01402
1.68557
2.01253
1.73359
1.74155
1.55248
1.39634
1.51065
1.80945
1.83633
2.44866
2.10238
1.71852
2.08979
2.08072
1.96837
1.83623
1.1805
1.19534
1.12249
1.08117
0.869733
0.985312
0.670804
0.654804
0.258575
0.465245
0.746206
0.374229
0.40611
0.699288
0.553939
0.671895
0.618859
0.369822
0.354999
0.73228
0.789373
0.91679
0.835012
0.408838
0.099997
0.694372
0.881607
0.966776
1.29234
1.1597
1.07172
1.03381
1.9986
2.14776
2.1996
2.54474
2.21324
2.3675
2.38504
2.1986
2.23605
2.42885
2.4096
2.09298
2.41999
2.16356
2.39031
2.59018
3.10273
3.01476
-3.10805
-3.00189
2.78352
-2.8086
-2.64138
-2.10094
-1.96208
-1.6136
-0.933001
0.0498118
1.22539
2.18402
2.4879
2.8171
2.60695
2.13971
1.84004
1.35611
0.68224
0.794902
0.775189
0.914418
1.15876
0.831339
0.973441
1.30421
1.38825
1.67464
1.64775
1.44747
1.35811
1.35587
1.37876
1.55471
1.70334
1.71251
1.95973
2.0199
1.74853
2.06359
2.20945
1.86372
1.92988
1.73611
1.88465
2.1843
2.39159
2.66154
2.82125
3.02934
3.05589
-2.90755
-2.61321
-2.50014
-2.50506
3.04116
2.73
-2.95861
-2.73762
-2.13758
2.73613
0.593862
2.88215
-2.93365
3.07004
3.0826
2.6139
-2.34037
-2.18819
-2.06741
-2.6457
-1.81951
-0.000310559
-0.545554
-0.33998
-0.134147
0.803742
2.04165
2.54559
1.92743
1.56689
2.47308
2.66091
1.99263
2.86099
2.46666
2.20199
2.39718
2.24059
2.61411
2.57798
2.57315
2.8415
1.74508
1.0429
0.181481
0.365808
-1.01648
2.62194
1.8347
2.04426
0.919154
1.20123
1.3495
1.89564
2.35653
1.98355
1.61409
1.56275
1.80181
2.52053
2.22067
2.21358
2.39027
2.99579
2.83141
2.73825
2.32231
1.89002
1.88317
2.21901
2.88155
-3.11174
-3.02396
-2.99271
1.09638
0.0629839
-1.75183
-2.73649
2.5325
1.61315
1.57164
1.85846
1.98499
2.16563
2.25895
2.01334
1.97172
1.69139
1.94732
1.61715
1.26337
1.36117
1.27157
1.42393
1.47862
2.03869
2.50091
3.03595
2.48447
2.68984
2.23432
0.740801
1.17252
0.798033
1.81044
1.51287
-0.809796
-1.15295
-1.54535
2.23203
2.79156
-3.09223
-2.53419
1.6004
0.932813
1.59402
1.69581
1.82015
2.02062
2.68142
2.40468
2.50852
2.24123
2.10454
2.50038
2.21859
2.92427
-2.9844
-2.91605
-3.00923
-2.94904
-2.92367
-2.88427
-2.49699
-2.75153
2.55559
1.9777
-1.82444
-1.4813
2.92657
0.825979
1.38791
0.243746
1.16068
0.696473
0.12013
0.469652
0.629632
0.490781
0.0176343
0.257001
0.305926
-0.0914627
0.107026
-0.377254
-0.368552
-0.654421
-1.31224
-1.42694
-1.25306
-1.05729
-1.22811
0.326523
0.826582
0.543198
0.453613
0.254527
-0.0165762
0.0212491
0.255275
0.220819
0.608846
0.976463
0.895166
0.636526
0.596027
0.117475
0.128681
0.40171
-0.0104898
-0.104459
-0.111365
0.164542
-0.700596
-0.881881
-1.45492
-0.886846
-1.00083
-0.901257
-1.286
-1.06075
-1.13326
-0.890427
-0.731179
-0.478171
-1.44953
-2.02843
-2.0632
-2.3997
-2.24342
-2.93261
3.12529
-2.76534
-2.94732
2.04938
-2.62357
-2.69535
-2.02877
-2.1316
-2.77752
-2.58021
-2.58449
-2.74995
-2.79693
-2.62927
-2.77775
3.02415
-2.96655
-2.45222
-2.46265
2.94329
2.94693
2.93149
-2.86692
-2.53975
-2.50708
3.07706
2.87045
2.46683
2.56617
-3.05098
2.90147
2.70529
2.75048
2.91188
-3.11374
2.92172
2.69842
2.76432
2.07661
2.04672
2.32497
2.72028
2.59225
3.12685
-3.13948
3.04654
-3.04242
3.14023
3.12958
-2.82472
-2.85429
-3.13215
2.88658
2.58724
-3.04522
2.60763
2.69366
2.03764
2.48648
2.92119
2.88636
-3.01567
-2.6735
-2.29625
-2.82961
-2.94561
-2.33215
-2.598
-2.40987
-1.75698
-1.96826
-1.53655
-0.819155
-0.527963
-0.561533
-0.685455
-0.197425
0.16973
0.21262
-0.0851933
-1.1552
-1.35972
-0.538754
-0.203655
-0.533787
-1.13325
-0.385586
-0.306402
0.973805
1.46617
1.33892
1.01687
1.33795
1.5449
1.24782
1.51063
1.56257
1.44825
1.64982
1.43193
1.45602
1.61167
1.63147
1.51995
1.49289
1.42537
1.72731
1.42982
1.56746
1.95355
1.76433
1.43932
1.43349
1.12096
1.0055
0.86253
0.759664
2.16277
0.965967
2.44759
-2.94981
-3.10317
-2.7451
-2.70162
-2.48777
-2.47199
-2.13363
-2.59761
-2.38351
-2.38259
-1.97695
-2.40594
-2.50642
-2.23302
-2.20247
-1.92443
-2.2887
-2.21257
-2.78674
-0.884382
0.22902
0.0568318
-0.100543
-0.62677
-0.320419
-0.473882
1.10527
2.17262
2.34866
1.39852
0.869801
1.31119
1.73001
0.820604
0.75393
2.06105
1.93372
1.93652
1.88558
2.27637
2.44375
2.06468
1.98118
2.29885
2.01972
1.76931
1.77242
1.65527
1.30977
1.00061
1.35813
1.12191
0.661596
0.590336
0.746892
0.813086
0.685012
0.642918
0.56357
0.502964
0.338055
0.0592631
-0.476186
-0.201147
0.1633
-0.833293
-0.769068
-0.988117
-0.777317
-0.896612
-1.13627
-1.03254
-1.24025
-2.23952
-2.92177
-2.24601
-2.60838
-2.41126
-2.45657
-2.36066
-2.37725
-2.36624
-2.31039
-2.70803
-2.98778
-3.11668
-2.73544
3.057
3.13294
-2.84146
-2.36785
-2.98596
-2.85383
2.52831
2.6538
2.43702
1.82463
1.70339
1.44272
1.24124
1.43571
2.34093
2.88822
-3.03448
-2.75093
-2.26446
-0.719685
-0.882243
-1.67214
-1.72596
-1.2905
-1.49133
-1.86785
-1.51483
-1.01551
-0.577459
-0.383852
-0.731703
-0.716919
-1.14246
-0.951925
-1.95806
2.69777
1.97229
2.41925
3.08015
2.17732
1.52306
1.37034
1.45119
1.58712
1.57544
1.49279
1.15404
0.997247
0.9431
0.673416
0.750111
0.809209
0.711925
0.904732
1.30766
1.39657
1.34023
0.713799
0.751008
1.08819
1.31921
1.5058
1.15293
0.826043
0.552006
0.833686
0.331832
0.000238859
0.900982
1.41725
1.37768
1.33911
1.48042
0.858016
0.45135
-0.322486
-0.160855
-0.546182
-0.693401
-0.751667
-0.863986
-0.852019
-0.358051
-0.483205
-0.774728
-0.607385
-0.921338
-1.14859
-1.80845
2.2366
2.28337
-2.81952
2.91719
-2.51449
-1.96932
-1.8278
-0.806547
-0.561343
-1.30955
-1.93446
-1.52406
-1.71086
-1.69949
-1.45855
-2.23139
-2.4167
-2.45604
-2.40519
-2.40792
-2.72357
-2.82177
-2.33486
-1.74573
0.926247
1.67877
2.53237
2.30713
2.77637
2.57408
2.78661
2.72433
2.38198
-3.06753
-2.59387
-2.69705
-3.09626
-2.55539
-2.15372
-2.17831
-2.27772
-2.53553
-2.99352
-2.82719
-2.05909
-1.43369
-1.47071
-0.880387
-1.09634
-1.1652
-0.602357
0.932972
-0.129254
0.118399
0.28357
-0.0487472
0.143993
-0.275539
-0.202172
-0.474604
-0.590583
-1.22944
-0.74774
-0.812722
-0.42339
-0.0641087
-0.488889
-0.460721
-1.1322
-1.37487
-0.726739
-0.289296
-0.48757
-0.121133
1.43616
1.28864
1.70775
1.09355
0.662719
1.15326
1.07425
1.30993
1.75811
1.80076
1.9513
1.7891
2.23653
1.91397
1.74396
1.59158
1.5718
1.65253
1.26446
0.981238
1.13795
1.08329
1.11127
1.28498
1.31455
1.2419
1.60959
1.8508
2.04494
2.03
1.94058
1.5151
2.27235
-3.12839
2.53317
2.74907
2.75935
2.14224
2.35391
2.3341
2.35863
2.32089
2.43738
2.1082
1.98699
1.70655
2.21826
1.83735
1.84056
1.94659
2.20504
2.32058
2.09965
2.07827
1.78227
1.83743
1.84797
1.72306
2.15288
1.88718
2.16203
2.23041
2.0866
2.34396
-0.887411
2.82591
2.86927
-2.8027
-2.95683
-3.05131
1.34128
1.08725
2.4131
1.86772
-2.11094
-2.27265
-1.91901
-1.8515
-0.769157
-1.2982
-1.70458
-1.7362
-2.06757
-2.14096
-2.14769
-1.84269
-1.67873
-1.66309
-0.448463
2.02461
1.42763
-0.11676
-0.57681
-0.0316108
-1.14069
-1.3678
-1.49827
-1.6601
-1.50856
-1.54612
-1.70959
-2.11962
-2.21703
-2.06853
-1.92594
-1.73114
-1.85702
-2.08041
-1.80705
-1.25264
-1.73743
-1.9116
-1.90194
-1.95494
-2.10113
-1.82887
-1.86992
-1.53992
-1.57138
-1.38134
-0.999386
-1.45401
1.92215
2.12868
-2.47758
-1.42203
-1.11373
-0.744809
-0.773212
0.0929194
0.0942186
0.143706
-1.5914
-1.97475
-2.55827
-2.85596
-2.82491
-2.82322
-2.63495
-2.33911
-2.88023
3.06322
-2.75167
-2.45758
-3.11618
3.04633
2.91202
-2.79401
-1.97022
-2.6988
-2.72347
-2.45576
2.65511
2.5903
2.67739
-3.00929
-2.98571
-2.35053
-2.45507
-2.92083
-2.63769
-2.69451
-2.39245
-1.7753
-1.6085
-1.31939
-1.1113
-1.15784
-0.919911
-1.43404
-1.76503
-2.21504
-2.02617
-1.92621
-2.05554
-1.83308
-0.637044
0.535092
0.5899
0.938561
1.22275
2.40428
2.66991
0.976678
-0.542164
-0.530104
-1.04805
-1.32929
-1.49462
-1.42447
-0.734928
-2.07346
-1.31725
-0.743641
1.01691
1.78841
-2.26439
2.97327
3.10587
-2.99463
-2.80402
-2.53016
-2.78471
-2.42382
-2.37562
-2.42865
-2.05761
-1.77658
-0.70625
-1.1828
-0.723643
-1.32304
-0.532612
-0.890191
-1.13948
-0.474944
-0.635434
-0.417557
-0.296884
-0.177854
-0.14626
-0.136845
-0.550772
-1.1582
-1.41644
-1.84014
-3.13234
2.10217
1.78498
1.5256
1.34101
1.37202
1.06364
1.56774
1.91981
1.3643
-0.300022
0.223138
2.9171
1.37318
0.654431
-1.05236
-1.38512
-0.817517
-1.08341
-1.10885
-1.51364
-1.13935
-1.48479
-1.51364
-1.15985
-0.626064
-0.758247
-0.5938
-0.383283
-0.644999
-0.457159
-0.763818
-0.667425
-0.957337
-1.14559
-0.723373
-0.998537
-1.41931
-1.50977
-1.39162
-1.60809
-1.25654
-0.749487
-0.754359
-0.805164
-0.74078
-0.504713
-0.443987
-0.664033
-0.925952
-0.0846717
-0.0990443
0.478896
0.526957
0.270751
-0.0865033
-0.0552825
0.263569
0.226683
-0.0363378
0.529849
1.0143
0.883694
0.413275
1.26292
1.53489
1.78411
1.539
1.64619
1.99192
-1.74203
-1.99665
-1.78671
-1.70064
-0.0263797
0.765298
-1.3241
-1.42114
-0.867888
-1.53709
-1.82437
-1.98257
-1.01649
-1.05235
-1.74101
-2.04431
-2.03278
-1.84276
-1.46579
-1.65537
-1.62694
-1.55234
-1.14855
-0.654871
-0.0402349
2.85204
1.56473
1.29067
0.992926
0.743697
1.41356
-0.90406
2.03385
2.51306
2.82618
-3.03718
2.80084
-3.13398
2.46672
2.58645
2.83366
3.11416
-2.98267
-2.7482
-3.12883
-2.71684
-2.57095
2.90269
1.63896
2.34609
2.87512
1.76731
1.32964
1.10276
0.913526
1.86001
2.23249
2.46159
2.70594
-2.95035
-2.53589
2.06677
-1.68488
-2.18371
-0.950988
-0.586005
-0.691973
-0.794075
-0.753279
-0.134629
0.00735269
0.853464
1.03748
0.975228
-0.629365
-1.33662
-0.981644
-1.77153
-1.72138
-1.70547
-1.24996
-1.013
-1.02585
-1.59893
-0.848798
-1.4993
1.41901
2.77977
2.68234
2.57724
2.39067
-0.0964691
0.42971
0.763324
2.80983
1.72785
2.36934
2.19116
2.19436
2.59499
2.92124
2.01139
1.57687
1.77091
2.04722
1.50006
1.80576
2.05014
2.49263
2.57121
2.5754
2.40348
2.52451
2.23177
2.24031
2.88241
2.84678
2.89301
2.70402
1.45979
-0.664612
-0.768288
-1.57955
-2.07492
-2.71267
-1.76654
-1.41173
-1.44975
-1.52928
-1.23503
-1.14144
-1.17839
-1.37385
-1.68993
-1.2727
-1.36743
-1.15755
-0.80862
-0.153911
0.224128
0.214718
0.169593
0.790888
0.956784
1.44157
1.35574
2.22217
1.74419
0.521708
0.548193
0.691752
-0.620288
-2.73158
-1.91287
-1.56385
-1.01239
-1.84025
-1.74195
-1.03037
-1.28243
-1.7226
-1.80101
-1.51473
-1.66496
-1.20484
-1.27979
-1.60079
-1.77167
-1.97355
-2.70431
-2.20568
-2.51715
-2.49417
-2.35602
-1.42192
-1.48588
-1.80921
-1.83597
-2.13701
-2.36184
-2.63598
-2.70764
3.04443
1.73109
1.55394
1.79059
1.71855
2.42034
2.25878
2.05757
2.14945
2.15474
2.36205
2.06013
2.67848
2.56437
-3.03049
3.0944
2.94519
-3.13802
3.05879
2.77656
2.94931
-3.14011
3.05062
2.99389
3.11025
3.03062
2.80685
2.61398
2.62566
2.58349
2.3303
2.66517
2.61569
2.35963
2.33103
1.92777
2.33426
0.97015
0.535195
-0.143397
-2.87393
1.50208
1.44706
2.42964
2.70906
2.48151
2.77364
1.88952
2.10951
2.12651
1.78916
0.799663
0.925008
0.152777
0.163238
0.418064
0.45148
0.64791
2.40734
1.99349
1.54224
2.17152
2.55994
2.29278
2.35529
1.85598
1.96878
1.48424
-0.285966
3.03508
1.70329
-3.07743
2.37892
2.82135
0.349396
-0.718577
-0.474472
0.145388
1.28226
1.55692
1.79665
1.73484
0.467447
0.95988
0.606213
0.92088
2.9607
-2.69239
-2.08849
-2.18227
-2.25098
-1.80315
-1.33396
-1.14753
-1.19777
-1.33261
-1.86558
-1.75872
-1.81876
-1.60964
-1.44227
-1.8482
-2.06525
-1.73179
-0.250429
1.42366
1.31571
0.676774
1.8025
2.87926
-2.82868
-2.45274
-2.36356
-2.55759
2.99519
-2.87509
-2.46796
-2.37029
-2.13393
-2.20734
-2.24804
-2.33536
-2.79078
2.83088
-2.86985
2.84148
2.78286
2.6343
2.24792
2.20207
2.28831
2.15862
2.17137
1.95894
1.95591
2.04878
2.06865
2.23526
2.01599
2.15913
2.04049
2.44193
2.51967
2.32182
2.6924
2.64375
2.65879
2.13763
2.41411
2.36541
2.87949
2.45933
2.25199
1.71102
1.52559
2.12214
2.41339
1.51015
1.17199
1.8457
-3.10898
-3.13894
-3.02926
-2.71979
2.47541
1.66022
1.41513
1.33256
1.18692
1.76867
2.25115
2.58314
2.78942
2.43426
2.14247
2.3233
2.60321
1.99095
2.48948
0.204943
1.8153
1.55938
0.885769
0.493888
0.997297
1.60842
1.6384
2.36203
2.84422
-2.97436
1.4871
-2.48436
-1.32017
-1.51006
-1.78677
-1.84002
-2.12845
-2.16527
-1.69283
-1.68055
-2.02548
-2.27485
-2.48475
-1.61359
-1.83493
-2.24364
-2.60178
-2.5472
-2.57266
-2.56582
-2.4394
-2.45568
-2.66189
-2.68061
-3.02669
-3.0166
-2.66607
-2.1133
-1.84455
-1.9559
-2.27605
-2.39902
-2.30909
-2.30113
-2.208
-2.15418
-2.19599
-2.2812
-2.30602
-2.51518
-2.45728
-2.39875
-2.72169
-2.50995
-2.84042
-3.07462
-2.83484
-2.89897
-2.20806
-2.50094
-2.00151
-1.67908
-1.67466
-1.77554
-1.93389
0.407672
0.567843
-0.928151
-0.111155
-0.0976784
-0.275786
2.10626
1.68567
2.11469
-2.81381
2.91698
2.95622
2.61188
2.2156
2.27233
2.58815
2.9791
2.81837
2.63326
2.838
-3.11241
-3.13683
2.87555
2.68855
2.8071
-3.12222
2.85785
2.83212
2.38914
2.48089
2.95254
3.08212
-3.13146
-2.99904
2.90446
2.34152
1.31261
1.14238
1.17711
0.27447
0.711948
1.05146
0.527495
0.477632
0.287521
0.205966
0.320379
-0.149051
-0.360826
-0.514919
-0.502654
-0.451902
-0.26426
-0.574205
-0.493753
-0.515297
-0.31759
-0.204613
-0.357656
-0.534031
-0.385929
0.385378
0.280147
-0.351182
-0.35232
-0.0206899
-0.18102
-0.228968
-0.554172
-0.942299
-1.29198
-1.96327
-1.87867
-2.04542
-2.41721
-3.08041
2.83965
2.97385
2.83363
2.68201
2.69217
2.84865
2.89074
2.17182
2.32101
3.03603
2.51235
1.61649
-3.05426
-2.10728
-2.83434
-2.99834
-2.92838
0.782489
-2.03287
2.47875
2.65768
2.90829
2.57026
2.66816
2.55763
2.83937
2.63806
2.18543
-0.676335
2.56898
3.08258
-2.57348
2.83206
-2.92263
3.04471
2.58473
3.03293
-2.89453
-2.48381
-2.75602
3.10788
-2.73479
-2.68191
1.03209
-0.661551
-0.448038
-0.332256
-0.419741
-0.227013
-0.0401657
-0.372537
-0.981806
-0.880011
-0.727997
-0.335923
-0.523376
-0.93055
-0.604862
-0.668525
-0.520509
0.0591518
0.715834
-1.2779
3.02514
1.36059
-1.18582
-0.044991
-0.507517
-0.353854
-0.758755
-0.885464
-0.771173
-1.21514
-1.49684
-1.68862
-1.54267
-1.42933
-1.83686
-2.05188
-2.77011
-2.85133
-2.74403
-1.86871
-0.75392
-0.209576
0.463155
0.198658
-1.97177
0.427704
0.724482
0.877654
0.823643
0.583285
0.374258
0.754967
0.740075
0.915558
0.729199
0.790746
0.97714
0.856869
0.775032
0.590726
0.116384
0.0855471
0.0951516
-0.223449
-0.6494
-0.384728
0.52475
0.263733
0.395045
0.603247
0.32698
0.293754
0.137449
0.165968
0.387906
0.115229
0.336977
0.476957
0.128773
0.279641
-0.0506173
-0.34163
-0.543899
-1.20861
-0.951989
-0.530529
-0.552712
-0.515795
-0.590595
-0.491524
-0.694475
-0.651426
-0.913062
-0.937528
-0.765479
-0.820824
-1.39052
-1.02081
-1.66934
-1.73387
-1.92012
-2.01842
-2.34437
-2.12861
-2.23628
-3.02544
-2.70273
-2.73206
-2.32519
-2.8469
-2.54031
-2.3273
-2.51409
-2.45011
-2.66541
-2.46053
-2.95846
-2.52415
-2.91538
-3.03255
2.94987
2.88893
-2.97965
2.67241
3.06101
2.48882
-2.69929
2.29966
2.1627
2.21728
2.43973
2.45906
2.49077
2.96513
2.90703
2.82777
2.75665
-2.864
-2.96947
3.1011
-2.32421
-2.19287
-2.49087
-2.64633
-2.58488
-1.8068
-2.94319
2.44853
-2.87333
-2.99796
-3.02059
2.70754
2.48594
2.63572
-3.10336
-3.07545
2.95189
2.75553
2.64191
2.76409
2.8963
2.9142
3.03478
2.91463
3.07168
-3.1003
3.12079
3.13266
3.12857
-2.5379
-2.50423
-2.24162
-2.25472
-0.144595
-0.303807
-0.731069
0.578052
0.627651
-0.0241432
0.259762
-0.0323867
0.0894985
-0.153333
-0.575752
-0.758695
-0.639132
-0.674911
-0.191844
0.292048
0.817625
2.2604
0.511187
-1.54663
-1.9435
-2.13297
-2.71834
-2.95037
2.58005
2.74862
1.07628
2.76506
2.42369
1.05174
0.890334
1.05164
0.840238
0.823736
1.20734
0.838937
1.25107
1.22766
1.0569
1.73926
1.42753
1.70763
1.29084
1.58951
1.78706
1.26425
0.352471
0.392316
0.0852154
0.680157
0.0376376
0.0694366
0.948159
1.17241
0.856148
0.71424
-0.727482
-0.945911
-0.716481
-1.0481
-1.73493
-1.25502
0.904404
0.0527557
-0.939769
-0.152442
0.846919
0.799178
-0.47087
-0.0531171
0.762198
0.666847
0.0374332
-0.21031
-0.15671
0.0609836
1.4569
1.59944
1.37255
1.60557
1.67999
1.70638
0.164613
-0.168582
-0.783277
-1.7451
-1.61115
-1.7926
-0.441318
-0.274781
-0.22272
-0.113267
-0.0219751
0.385921
-0.123379
0.364185
-0.249175
0.397341
1.07253
0.113816
-0.139255
-0.352391
0.191952
0.906256
0.711592
0.845822
0.122166
0.395895
-1.58804
-2.83606
-0.779918
-0.89772
-1.25576
-1.60201
-2.41014
-2.61545
-2.33073
-2.29689
-2.16254
-2.70408
-2.6381
-2.11273
-1.98132
-1.87466
-1.55998
-1.94642
-1.63071
-1.41512
-0.919727
-1.18624
-1.28459
-1.36815
-1.10634
0.29686
-0.415446
-0.19701
-0.436219
-0.143406
-1.20044
-2.11611
-1.65062
-2.19076
-2.29938
-1.25203
-0.40355
-0.088445
0.0517733
0.243075
0.973812
2.73448
-2.39637
-2.50856
-2.79782
-2.79238
-2.74642
2.66706
2.44286
1.61449
1.7405
-2.83087
-2.31357
-3.12726
3.08841
2.67436
2.18762
1.46446
0.540969
0.179933
0.444419
0.727051
0.566097
-0.0828609
0.0877911
0.693229
0.407051
0.425345
1.51838
0.394105
-0.531367
-0.682146
-1.28596
-1.07553
1.6477
1.85208
1.92686
2.04292
-2.27418
-2.20017
-1.18254
0.621752
-0.604858
-0.431674
-0.55107
-0.880312
-1.31386
-0.809804
-1.98744
-0.569929
1.79128
0.955182
2.56258
2.81454
-1.81095
-0.631391
-0.447314
-1.14105
-1.70594
-1.13927
-0.75269
0.157218
1.21372
-0.634216
-1.12104
3.12772
1.20605
2.75124
3.00823
2.48797
2.7965
-3.07208
1.65511
2.36524
0.865917
1.76606
1.12105
1.11775
0.732571
1.34225
0.780174
0.416059
0.757713
0.353224
0.721026
-0.430213
-0.00211111
-0.59596
-0.540604
-0.809078
-1.42933
-1.6219
-1.59708
-1.52467
-1.03439
-0.814768
-0.421423
-0.661465
-0.674933
-0.746518
-0.714103
-0.971371
-1.10885
-0.679847
-0.470889
-0.0581245
0.0390644
0.330132
0.188078
0.418306
0.54644
0.803699
0.728852
0.902489
0.75388
0.917975
0.834451
1.35164
1.16078
0.819748
0.859295
1.2274
1.58999
1.50547
1.45304
1.02805
1.75369
1.77851
1.54183
2.72252
3.04767
2.63615
1.68965
1.20113
0.097959
-0.306512
-0.289253
0.477134
1.23965
1.23564
1.47021
0.214545
-2.60931
0.606672
1.62789
0.608343
0.856652
0.654023
0.60357
0.299807
-0.10605
0.108199
0.165655
0.0389688
-0.259534
0.321562
-1.35984
-1.83011
-2.09584
-2.29719
-2.05373
-2.73972
3.0808
3.04402
-2.95833
3.01994
-1.75935
-1.0091
-2.10268
-0.356764
-0.0598459
0.828613
0.889386
1.34442
1.61523
0.702259
0.646448
0.875966
1.15817
0.952613
0.756508
0.580002
0.636135
0.86505
1.14905
1.77915
1.92679
-3.00885
-2.85952
-2.52125
-2.95652
-1.76973
-1.9918
-2.6436
-2.81606
-2.77061
-2.87845
-2.50497
-1.63533
-1.2086
-0.895842
-0.878871
-0.999486
-0.714485
-0.314741
-1.74682
-2.23918
-2.08186
-2.04232
-2.02529
-1.47497
-2.03437
-2.19397
-2.08006
-1.65398
-1.26994
-1.03576
-0.64433
-0.25388
-0.0609128
-0.226816
-0.401166
0.475888
-1.2201
1.74103
-1.36924
-1.70472
-2.04677
-2.45056
-2.48594
-2.40665
2.37544
-2.93383
3.04176
-2.69264
-2.38292
-1.97768
-2.04747
-1.69516
-1.97243
-2.37867
-2.34761
-2.20833
-2.07291
-2.58513
-2.49974
-2.67867
-2.69461
-2.63328
-2.76411
-2.32504
-1.68591
-1.7711
-2.52137
-2.77417
3.04068
-2.48508
0.966506
0.266492
-1.01852
-2.55163
-2.47664
3.02303
-2.6329
-1.93315
-2.46571
-2.95964
-2.44503
-2.18892
-2.50546
-2.70357
-2.75446
-2.74927
-2.25922
-1.73994
-1.08458
-1.43926
-1.36099
-1.0006
-1.75494
-2.19538
-2.64959
2.58094
-2.94165
-0.286199
-0.300471
0.66876
0.563405
0.500619
1.08816
0.224368
0.36045
-0.920539
-1.35763
-1.81178
-2.09167
-1.61968
-1.81368
-2.29478
-2.34978
-2.27286
-2.74096
-2.93626
1.43968
-2.56209
-2.44609
-1.22712
-0.965281
-0.583052
-0.872233
-0.56304
-0.0202442
-0.554231
-0.289537
-0.310426
-0.390428
0.670327
0.738467
1.49478
1.94748
1.80874
1.7689
1.60602
1.99534
2.00824
1.89119
1.89308
1.68826
1.41321
1.39648
1.53142
1.53936
1.36423
1.16874
1.18604
1.06189
0.63434
1.0616
1.30114
1.32934
1.43449
1.60609
0.837525
0.978278
0.912992
0.0034739
-0.469382
-0.552869
-1.64468
-2.6636
-2.6306
2.73649
2.42197
-2.8195
-2.79479
-2.51183
-2.87677
-2.41517
-2.67644
-1.99357
-1.66787
-0.293438
-0.427574
-0.833575
-0.91234
-1.19011
3.07961
1.94138
2.10525
2.24582
2.59334
2.79305
2.83481
3.0118
2.91813
2.78118
2.6288
2.78445
2.62472
2.11771
2.28012
2.80501
2.47434
2.71473
2.58762
2.67998
2.90963
2.97154
-3.12145
2.92173
2.17146
2.75803
2.63687
2.70373
-2.55588
-1.26086
2.06132
2.72025
2.21619
2.43135
2.78841
2.75275
2.83634
2.98154
3.10113
2.21834
2.04642
1.46226
2.14617
2.07492
-1.35043
-1.21241
-1.36114
-0.744854
-1.42359
-1.44574
-1.28395
-1.17051
-1.06506
-0.85891
-0.0178958
0.0741142
-0.581557
0.750139
0.609533
0.288866
0.430702
-0.0543854
0.333142
0.11199
0.535103
0.677393
-0.394409
-0.921582
-0.263087
-1.36971
-0.348884
-0.112199
-0.641543
-1.21091
-0.330754
1.47517
2.29121
1.57592
1.76436
-2.60473
-1.98962
-1.29603
-2.38572
-0.0650531
-0.240337
-0.269769
-0.439048
-0.484414
-0.954239
-0.56832
-0.687583
-0.25037
0.100704
0.504563
0.296258
0.156048
0.0859208
-0.121757
0.192645
0.227227
0.0831416
0.290896
0.299554
0.731145
1.30274
2.05433
2.42439
1.29199
1.10881
1.29849
2.20509
2.08295
2.67631
2.48637
1.21756
1.88922
-2.14914
-2.97876
-2.31363
-1.9279
-1.29759
-1.93946
-1.88438
-1.87927
-1.70215
-1.76361
-1.59019
-1.43095
-1.74451
-1.81609
-1.88636
-1.92932
-2.53008
-2.68984
-3.07353
-2.39312
-2.08069
-1.05559
-1.15725
-1.66709
-1.6484
-2.07379
-2.47368
-2.63187
-2.07118
-2.01607
-1.68129
-2.25843
0.497456
0.824494
2.33383
1.55758
1.82696
2.70513
-0.553582
1.5706
2.33904
2.26986
2.22031
0.963961
-1.13044
-1.21114
-0.790835
0.0207899
-2.48337
1.79513
-1.70438
-1.76013
-0.606317
-0.0531974
0.901139
2.34325
-2.41191
-2.89566
1.69932
0.989539
1.42984
1.34962
0.919466
0.906569
0.888736
0.859305
0.96628
0.971143
0.913545
0.687328
0.68305
0.407141
0.760021
0.745064
0.586113
0.436714
0.560261
0.531159
0.125354
0.0926033
-0.0099088
-0.0965081
0.169953
0.0407007
-0.0619007
0.103273
0.139389
0.357033
0.448783
0.311904
-0.0230035
-0.601156
-0.281548
0.0801933
-0.793841
-2.58084
-3.0875
-2.10122
-2.71753
-2.74459
3.05905
-0.69594
-0.953471
-0.502107
-0.169124
-0.732042
-0.659265
-1.04643
2.36928
2.43333
2.10855
2.09783
0.410177
0.202198
-0.99548
-1.37458
-1.77155
-1.8151
-1.68282
-2.06833
-2.20272
-1.45149
-2.00034
-2.16846
-2.52268
-2.93309
-3.10226
3.05415
2.61954
1.3689
1.37265
1.4699
1.86313
2.1217
2.15904
2.06918
1.88219
1.65299
1.48872
1.3065
0.808443
0.579461
0.695236
1.50853
2.52198
2.43933
2.44378
2.70526
2.51748
2.50615
2.26798
2.11474
1.96649
2.12557
2.48041
2.45846
1.90319
2.64725
0.482058
1.7804
1.64559
1.79917
1.5249
0.754641
0.727358
0.423317
-0.196794
-0.184752
-0.468765
-0.712343
-1.14763
-1.00596
-0.848105
-1.4518
-1.29292
-2.06335
-1.84345
-1.81406
-1.43379
-1.95871
-2.66681
2.98553
-3.08662
-2.68328
-2.25663
-2.10951
-2.05069
-2.01525
-2.39305
-1.34378
-1.46008
-1.15456
-1.69399
-2.41213
-2.35877
-1.34844
-0.42583
2.96585
-2.88903
-2.60028
-2.17491
-2.22288
-2.44156
-2.22367
-2.20372
-1.68778
-1.88498
-1.19268
-1.30353
-2.34865
1.07803
-2.77109
-2.70106
0.00575807
0.696171
-1.0635
-2.12639
-0.925439
-0.552232
0.126788
-1.05094
-0.630283
-0.882796
-0.716043
-1.04226
-1.55418
-2.66012
-2.83105
-3.0526
3.13023
2.79196
2.71735
2.93864
2.50561
-0.518393
-0.10315
-2.84758
1.32324
1.03729
-2.89413
-2.6509
-2.41995
-2.45172
-2.0627
-2.22632
-1.84249
-2.19407
-2.71016
-3.09897
-2.67501
-2.45466
-2.29973
-1.83451
-0.614645
1.73779
1.9992
2.21715
2.40137
2.33906
-1.06005
-2.25507
0.632573
-2.86646
2.13097
1.45557
2.66966
2.34621
1.76464
0.960293
1.15398
1.62548
2.21185
1.53985
-0.685768
0.368195
0.0628687
1.81676
0.0965171
-0.0392371
1.43853
1.08937
1.68513
2.81544
-3.05192
-3.02183
2.93649
1.62552
2.20175
-3.09802
-2.38804
-2.26917
-2.38004
-2.77774
-2.07197
-2.93293
-3.07051
-3.13388
-2.13872
-2.52995
3.10483
2.75488
2.69748
2.58514
2.49825
2.37445
2.47504
2.1508
2.00673
1.59486
2.02375
2.44543
2.24687
2.35714
2.16038
1.60702
-3.02883
-2.57725
-2.45703
-2.21434
2.58687
1.04786
1.05446
1.29401
0.186246
-0.203385
-0.0688127
1.29308
1.95802
0.242279
0.0716955
-0.441862
0.0345249
-0.0489258
0.558426
0.592162
0.103741
0.0886835
-0.0187145
0.0266975
5.57885e-05
0.296899
-0.723819
-0.79946
-0.856285
-1.79682
-1.75838
-1.65562
-1.89739
-1.89261
-2.32709
-2.21367
-2.35132
-2.43323
-2.04508
-2.51286
-2.99127
2.98412
-2.72358
-3.06375
-1.35622
-1.61598
-0.949426
-1.64421
-1.11961
0.245309
0.418863
0.630848
1.91957
2.10131
2.96735
-2.78486
2.98964
2.59099
3.06557
-2.20595
-2.34592
2.9624
-3.12238
-1.86078
-1.70939
-2.04382
-1.88355
-1.78668
-1.67136
0.634951
-1.30726
-0.176841
-0.113409
2.77743
-0.12391
1.96561
1.56175
2.82161
2.54866
2.69406
2.735
2.92353
-3.11973
2.58419
2.6391
2.90919
-3.05835
-2.19114
-2.34054
-2.60684
-2.0451
-0.603724
-1.27466
-1.21729
-1.7456
-1.40691
-0.85447
-1.15163
-0.632307
-0.875902
-0.792793
-0.579544
-1.15249
-2.38519
-1.88829
0.364122
0.138404
0.921151
0.7962
0.611142
-1.21446
-0.00108316
0.625995
-0.399516
-0.870612
-0.458327
2.03926
2.10798
2.68043
1.6894
1.04322
0.238742
-0.103592
-0.0841793
0.507817
0.0460103
-2.20312
-2.40247
-2.0976
-1.27318
-1.14797
-1.10803
-1.25863
-0.580789
-0.303063
0.803324
1.8727
1.50086
1.1111
1.59187
1.4772
1.34553
1.1461
1.44365
1.63619
1.53223
1.604
0.943606
0.930865
0.279714
-1.37432
-2.32334
-2.46581
-2.55274
-3.03729
-2.85391
-3.00268
-2.40848
-2.21236
-1.48966
-0.955984
-0.730277
-1.13915
-1.47605
-1.37181
-1.31597
-1.42923
-1.67137
-1.47075
0.415444
-0.308615
-0.400656
-0.191546
-0.264512
-1.14544
-0.320305
-0.737519
-0.766647
-0.15316
-0.201569
0.306335
1.01835
0.793231
-2.57935
-1.98305
-1.86429
-2.12847
-1.30477
-1.49393
-1.48107
-0.776874
-0.273863
-0.190598
-0.777177
-0.593319
-0.873759
-0.792475
-0.825386
-0.816698
-0.636808
-0.373756
2.12132
1.29333
2.04132
-2.42905
3.11698
2.44218
1.85677
2.32157
-2.57398
2.32199
-2.80122
-2.34017
-2.84641
-2.91308
-2.88452
-2.76057
-2.99391
2.81269
2.3232
2.46724
2.68769
2.72805
2.42087
2.26321
2.63768
2.63559
2.72268
2.69069
2.19579
2.03887
1.81797
2.01717
1.92633
1.56314
1.38399
1.61441
1.72528
1.78175
1.5327
0.992182
1.05476
1.12651
0.874992
1.45736
0.786323
-0.582813
-0.575404
0.219421
0.127899
0.119418
-0.0737893
-0.170848
-0.405547
-0.518563
-0.521701
-0.272873
-0.209247
-0.265802
-0.0878799
-0.092395
0.267159
0.603353
0.462611
0.536149
1.44486
1.57981
1.80999
1.90099
1.13968
0.888915
0.759876
0.953036
1.00748
0.830402
0.169779
1.41986
1.82853
2.1935
3.07897
2.06028
2.72559
1.29389
1.98506
2.50193
1.70745
1.4259
0.664304
1.80768
1.76401
1.81017
1.4252
1.3626
1.87205
2.9323
2.71959
2.6264
2.65741
2.55368
2.1465
2.15452
1.61645
2.49014
0.0696872
0.556255
0.585917
0.613214
0.261112
0.156151
-0.256625
-0.947294
-0.57871
-2.68906
-0.991298
-1.71305
-1.72951
-2.42829
3.02333
-1.87332
-1.45316
-1.50581
-1.55037
-1.81956
-2.36732
-3.04479
-2.76692
-2.7493
-2.93732
2.98993
2.21126
1.49663
0.146562
-0.0555526
-1.25864
-1.36306
-1.12299
-0.977568
-0.733071
-0.834714
-1.25018
-2.04856
-1.93442
-1.91582
-1.0049
-0.774431
-0.592865
1.99657
1.90473
2.55806
2.40117
2.03849
1.91275
2.91879
2.92744
3.04499
2.54467
2.3866
2.24757
2.06617
2.04022
1.45613
1.05374
1.41717
0.181763
-0.222543
0.350948
-1.2825
-1.41056
-0.736015
-0.434631
-1.28536
-0.517874
-0.456147
-1.02116
-0.775507
-0.430952
-0.612782
-0.257364
0.0498434
-0.211985
-0.409522
-0.955208
-0.691748
-0.413594
0.219005
-0.192884
-1.56634
-1.5776
-1.91194
-2.69703
3.12549
-2.66857
-2.07343
-2.77226
-2.17602
-2.98464
2.96414
-2.96196
-2.99712
-2.62084
-1.22158
-1.65619
-2.12164
-2.39879
-3.02968
-2.01153
-2.14707
-1.17437
-0.204501
-0.91944
-1.38223
-1.16563
3.00728
-2.15255
-1.37124
-2.01716
-2.09754
0.0217007
-0.282994
0.0707102
-0.423583
-0.43633
0.321621
-0.305808
-0.482352
-0.382266
-0.0325488
-0.236882
-0.836057
0.0157789
0.102124
0.102656
0.124665
-0.0151304
-0.218962
-0.422453
-0.0373397
-0.0358341
-0.288286
0.253614
-0.0667941
0.0200199
0.418861
0.325394
0.178837
-0.290155
-0.520218
-0.595035
-0.590273
-0.54077
-0.740474
-0.975863
-1.51247
-1.7297
-1.89777
-1.56698
-1.68766
-1.84017
-2.26697
-2.39723
-2.40061
-2.15486
-2.37417
-1.28133
-0.260459
-1.48894
-2.04378
-2.47682
-2.19807
-1.96393
-2.09113
-2.25385
-1.70099
1.87673
2.67652
2.35851
2.65892
2.98485
2.77073
3.00337
-1.65771
-1.20522
-0.838038
-1.39786
-2.38148
-2.57865
-2.45357
-2.89584
-1.63743
-2.03613
-1.94878
-1.82839
-1.86056
-1.83654
-1.68053
-1.62313
-1.54039
-1.26421
-0.986781
-0.800705
-1.00215
-0.751605
-1.16686
-0.662961
-0.740314
-0.995756
-0.3664
-0.102818
-0.81358
1.98707
2.40127
2.44767
2.89529
2.4205
2.33629
1.83208
2.14527
1.94237
1.95907
2.1743
2.20214
2.39286
1.42309
1.31656
1.14242
0.683605
0.653846
0.229049
0.0227949
0.40555
-0.311531
0.327896
0.819685
1.53991
1.81622
-0.531627
-0.916363
-1.29183
-1.26443
-1.38872
2.81142
-2.26703
-2.71723
-2.72693
-2.86055
2.73123
2.29925
3.04007
2.18289
2.45463
2.80139
3.07476
2.98413
-3.13094
3.00964
2.83714
2.90161
2.74399
2.67809
2.67737
2.73349
2.90067
2.13475
1.45099
1.29717
0.675081
0.122692
-0.913064
-1.22653
-1.7035
-1.0385
-1.33051
-1.7803
2.80611
0.667151
-0.0718365
0.446991
-1.35854
-1.39876
-1.41777
-1.44394
-1.86551
-1.95331
-1.74324
-1.98564
-1.95023
-2.22516
-2.36238
-2.65196
-2.49578
-2.70693
-2.69921
-2.768
-2.63064
-2.83517
-2.47877
-2.71148
-2.6391
-2.20418
-1.71095
-1.03266
-0.858071
-1.40418
-2.69771
-2.71417
-2.50904
-2.24383
-2.86339
-2.51393
-2.39757
-2.29959
-1.59673
-1.32855
-0.843226
-1.15188
-0.799063
-0.646422
-1.31025
-1.71687
-1.61594
-1.66812
-2.1941
-2.37653
-2.10803
-2.5845
-2.93879
-2.91685
-2.42448
-1.79962
-1.12685
-0.983476
-0.866969
-0.867486
-1.08992
-1.06313
-1.73481
-1.66154
-1.86714
-2.04664
-2.56246
-2.01738
-2.1874
-2.73483
-2.77468
3.05684
2.49886
2.90929
2.38988
2.75779
-1.58223
2.74525
2.86694
3.02907
2.48549
2.91746
-3.11715
2.87556
-2.96732
-3.00419
-2.66076
-2.49364
-1.97935
-1.57785
-0.940982
-0.661048
0.0468947
0.149398
0.292111
1.08569
0.5875
1.19476
0.793807
0.729865
0.758269
-0.272523
-2.35946
-0.396607
-1.32767
-0.108262
0.364612
0.104857
-0.521346
-2.3306
-1.96703
-2.38156
-1.91909
2.16695
-2.943
-2.34801
-1.9449
-0.805166
-0.521041
-1.36338
-2.65437
2.57425
2.76888
2.85699
3.08478
1.41032
1.55014
1.93016
1.5939
1.5757
1.8175
2.7914
1.09102
1.87914
2.39292
2.49744
2.39595
2.10027
2.20564
2.0426
2.12592
2.08493
1.85632
1.82101
1.78944
1.44098
1.04005
0.863028
0.738165
0.825977
1.42673
1.01468
0.428325
0.758376
0.0404347
-0.433011
0.18029
-0.501418
0.299172
0.606656
1.06122
1.16206
1.26158
1.23686
1.25883
1.30076
0.758626
0.289313
0.209926
0.401722
0.876581
1.16895
2.30235
3.00629
3.02267
-2.93647
-2.35266
3.02202
1.52575
-3.08384
2.73651
1.36925
-2.88574
2.56216
2.24076
2.22354
1.36379
1.585
1.63553
1.51218
1.32483
1.65691
1.75724
2.04256
2.33907
2.12271
2.17488
2.44848
2.57347
2.57252
2.94665
3.1029
3.1412
3.08971
3.05959
3.04072
-3.02787
3.05239
-3.02385
-2.96777
3.06406
2.7999
3.13555
-2.84323
-2.93618
2.90683
-3.07392
2.68966
2.71301
2.42414
2.50602
2.40877
2.03783
-0.299699
0.830005
2.12352
-2.47197
-2.2533
-1.67306
-0.632073
-2.15551
-1.16188
1.63178
-2.72836
-1.30365
0.608781
-0.138263
-0.342208
-0.195256
-0.599237
-0.931826
-0.536364
-0.0708509
-0.237541
0.195042
-0.357588
-0.646183
-1.48448
-0.0217606
0.207381
0.204513
0.00279486
-0.312604
-0.265232
0.0467306
-0.659675
-0.924236
-0.691508
-1.07576
-1.44197
-1.5
-2.82382
-2.8749
-3.02575
-2.33732
-2.45704
-3.06895
-2.92129
1.85294
2.52911
2.47027
2.58097
3.07726
3.11635
2.76543
2.71647
-3.13401
3.00763
-3.01683
-3.11695
-3.08034
-2.7766
-2.39084
-2.33746
-2.87934
-2.95395
3.07357
2.91904
2.9406
-2.37286
-1.91985
-2.18786
-2.32632
-1.83899
-1.9434
0.787504
1.60816
1.6605
0.691217
1.10371
-3.01675
-2.69679
3.02625
2.84174
2.53742
2.37624
1.78638
1.91143
1.41624
1.52879
2.23086
1.88969
1.642
3.01993
2.70499
1.94637
1.4251
2.26975
2.0484
2.61159
2.47008
1.43522
1.30524
0.704948
-2.05215
-2.11772
-1.64724
-1.242
-1.05977
-0.821292
-0.25645
-2.12756
-2.66101
-2.4656
-2.58694
-2.43676
-1.96986
-2.2082
-2.12949
-1.9574
-2.26814
-2.82554
-2.6617
-2.55763
-3.0649
-3.02327
-2.922
2.99371
2.89702
2.73617
2.89747
2.36357
2.51507
2.82363
2.89598
-2.68691
-2.74882
2.65365
-3.13417
2.12085
-2.11626
-3.00704
3.09244
2.5771
1.10982
2.73445
2.19152
0.91652
1.03528
0.845062
0.545963
0.336796
0.0151055
-0.131706
-0.699592
-0.661631
-1.11784
-1.14885
-0.922389
-0.847055
-0.786659
-0.813299
-1.64938
-1.69739
-1.65576
-1.63809
-1.59445
-1.38061
-1.83405
-1.45351
-0.772692
-0.464424
-1.24547
-1.54426
0.0162046
0.194144
-0.625435
-0.0802764
0.810058
0.633604
0.098905
-1.08598
-0.84855
-1.43001
-0.979179
-1.64733
-1.74318
-1.74539
-1.95605
-2.12775
-2.48238
-2.52326
-2.7491
-3.04123
-3.08317
-2.91863
-2.53963
-2.53155
-1.79315
-3.11672
-3.07536
3.02252
-1.78734
-2.07516
-2.23768
-2.85711
-2.99907
2.91181
2.92359
2.73859
-2.81709
2.8804
2.36043
1.74307
1.89205
2.01334
1.57089
1.19738
0.614595
0.584769
1.13418
1.06091
1.14195
0.927866
0.799311
0.601384
0.277312
0.414229
0.36729
0.58767
-0.1524
0.404071
0.555009
0.946096
0.426401
0.315086
0.381809
0.246462
0.512387
-0.222059
2.83924
3.04299
2.71814
1.08482
2.92797
-2.75548
2.28375
1.94136
-0.221687
0.433392
0.783173
-0.649498
-1.80644
-1.62731
-1.23629
-0.97395
-0.56151
-1.12132
-1.1694
-1.29281
-1.1655
-0.855454
-0.322136
-0.257998
-0.81548
-0.630743
-0.359627
-0.998521
-1.01647
-0.701625
-0.850267
-1.06918
-0.495633
-0.673753
-0.450553
-0.343674
-0.577101
-0.302469
-0.334794
-0.166144
-0.0100594
-0.748242
-1.63121
2.97349
0.892446
0.181103
0.099353
0.417186
0.217938
0.444252
0.349483
-0.132578
-0.424208
-0.2458
-0.963344
-0.848905
-0.50722
-0.825441
-0.866164
-1.05664
-2.46375
-2.4764
2.99244
2.9985
2.89915
2.60631
-2.63348
-1.75393
-1.63334
-2.04319
-2.10387
-1.10961
-1.10749
-0.561139
-0.586197
-1.4485
-1.46163
-1.76124
-1.26677
-0.650287
-0.597382
0.169856
-0.0179357
-0.143041
-0.0432155
0.696042
0.515484
0.618625
0.816378
0.647408
0.941863
-1.53972
0.678591
1.94645
1.52595
0.947013
1.35946
0.97967
1.10858
1.07935
1.7345
1.54233
1.03049
1.00397
-1.73888
-1.00587
-0.258461
-1.95227
1.36456
0.536178
-0.554551
-0.385245
-0.127582
-0.265146
-0.338141
0.0747595
-0.0732044
-0.317711
-0.604406
-2.1851
-1.02125
-0.959146
-0.664227
-0.47413
0.449528
0.59121
-2.2594
-2.70575
-2.89147
2.91565
2.52384
1.80029
-2.76481
-1.98302
1.35822
2.1926
0.438767
0.0892043
0.110361
-0.0555297
0.0249502
-0.191678
2.8339
-2.26329
-2.83449
-2.46921
-2.04435
-1.03496
-0.8346
-0.418668
1.18239
-0.957499
-2.05067
-2.17145
-2.42781
-2.78124
1.30162
-0.170352
-0.165021
-0.544551
-0.315293
0.0735919
-0.0314594
-0.608042
-2.98201
-1.84687
-2.23964
2.87305
2.61984
2.55567
2.97833
2.89388
-2.34702
-1.89635
-1.62102
-1.77363
-1.48749
-1.38049
-1.65559
-1.60362
-1.36794
-1.10788
-0.813544
-0.63276
-0.870464
-0.77908
-0.559172
-0.993473
-1.18999
-1.18115
-1.39599
-1.40263
-1.10865
-1.39146
-1.1902
-2.52903
-2.4044
-2.27954
-2.24374
2.72357
-2.87874
-2.60875
3.05827
2.92632
2.6526
2.5737
-2.75739
-1.58322
-1.57178
-1.37916
-1.80739
-1.52443
-1.16155
-0.94355
-0.522287
-1.09151
-1.01095
-1.18527
-1.55214
-2.58484
-2.49173
-2.74742
-2.48576
-1.9991
-1.03261
0.428356
0.959947
-2.20668
2.71384
-2.63589
-1.94356
-1.9166
-1.91903
-1.84612
-1.48068
-1.45796
-1.13759
-1.75537
-1.93384
-1.95794
-2.31394
-2.29434
-2.07342
-1.92003
-2.31666
-2.33444
-2.26921
-2.34619
-2.34107
-1.67108
-1.29549
-1.78655
-2.21272
3.12085
-2.81997
-2.66641
-2.57836
-2.39091
3.14147
-2.92702
-2.80275
-3.03755
2.82918
2.77861
1.93133
2.06602
2.56946
2.52737
2.04732
1.67423
1.67132
2.03605
2.50326
2.2874
2.43177
-3.12962
-0.623715
-1.09326
-0.695349
0.467098
0.476748
0.381324
0.52934
0.61289
-1.41351
-1.12458
-0.692291
-0.0369228
-0.11827
-2.15004
-2.36311
-0.275146
-2.56212
-2.04134
-1.27087
-1.61549
-2.52029
-2.14101
-1.91696
-2.01025
-1.71113
-1.945
-1.96197
-2.20976
-2.19138
-2.36216
-2.58511
-2.42459
-2.70473
-1.66715
-1.72826
-2.2302
-1.52084
-2.83483
2.91983
2.70928
2.14384
2.02615
2.10683
2.38198
2.16924
3.05501
2.98643
-3.0256
2.79314
1.03643
1.4546
1.07703
0.89183
0.905657
0.834241
0.791261
0.585831
0.0998722
0.211374
0.181086
-0.20723
0.815839
0.360673
0.990144
2.74929
2.70257
2.91175
