###  Units are X_hat = 1.73cm.
0	0
0.05	0.0130086
0.1	0.0266126
0.15	0.0404339
0.2	0.0532834
0.25	0.0671856
0.3	0.0816338
0.35	0.0969922
0.4	0.11273
0.45	0.126968
0.5	0.141899
0.55	0.156845
0.6	0.17266
0.65	0.189789
0.7	0.207058
0.75	0.224224
0.8	0.240467
0.85	0.256355
0.9	0.274876
0.95	0.293114
1	0.310567
1.05	0.32861
1.1	0.344761
1.15	0.361507
1.2	0.377767
1.25	0.396012
1.3	0.413657
1.35	0.43003
1.4	0.444165
1.45	0.459469
1.5	0.474213
1.55	0.489321
1.6	0.505678
1.65	0.522075
1.7	0.540849
1.75	0.558761
1.8	0.576401
1.85	0.592688
1.9	0.608933
1.95	0.62488
2	0.641048
2.05	0.658297
2.1	0.673468
2.15	0.689058
2.2	0.705247
2.25	0.722205
2.3	0.739924
2.35	0.756441
2.4	0.772829
2.45	0.788987
2.5	0.803232
2.55	0.819201
2.6	0.832348
2.65	0.845752
2.7	0.861847
2.75	0.877614
2.8	0.894727
2.85	0.911594
2.9	0.9277
2.95	0.94366
3	0.96145
3.05	0.979805
3.1	0.996093
3.15	1.0125
3.2	1.02884
3.25	1.04456
3.3	1.06065
3.35	1.07729
3.4	1.09305
3.45	1.10739
3.5	1.12182
3.55	1.13706
3.6	1.15259
3.65	1.16849
3.7	1.18389
3.75	1.2011
3.8	1.21744
3.85	1.23267
3.9	1.24687
3.95	1.26193
4	1.27673
4.05	1.29171
4.1	1.30633
4.15	1.32084
4.2	1.33429
4.25	1.34794
4.3	1.36207
4.35	1.37888
4.4	1.39436
4.45	1.40955
4.5	1.42482
4.55	1.44089
4.6	1.4582
4.65	1.47829
4.7	1.49799
4.75	1.51622
4.8	1.53445
4.85	1.55249
4.9	1.56951
4.95	1.58767
5	1.60442
5.05	1.62084
5.1	1.6375
5.15	1.65402
5.2	1.67083
5.25	1.68734
5.3	1.70414
5.35	1.72136
5.4	1.73894
5.45	1.75576
5.5	1.77477
5.55	1.79411
5.6	1.81467
5.65	1.8348
5.7	1.85424
5.75	1.87275
5.8	1.89057
5.85	1.90925
5.9	1.92707
5.95	1.9444
6	1.96294
6.05	1.98045
6.1	1.99633
6.15	2.0118
6.2	2.02826
6.25	2.04756
6.3	2.06684
6.35	2.08558
6.4	2.10451
6.45	2.12295
6.5	2.14163
6.55	2.16019
6.6	2.17911
6.65	2.19733
6.7	2.21584
6.75	2.23394
6.8	2.2516
6.85	2.26966
6.9	2.28727
6.95	2.30384
7	2.32038
7.05	2.33549
7.1	2.34986
7.15	2.36457
7.2	2.37957
7.25	2.39456
7.3	2.4104
7.35	2.42439
7.4	2.43913
7.45	2.45588
7.5	2.47268
7.55	2.48941
7.6	2.50707
7.65	2.52255
7.7	2.53831
7.75	2.55444
7.8	2.57025
7.85	2.58349
7.9	2.59721
7.95	2.61155
8	2.62614
8.05	2.6411
8.1	2.65391
8.15	2.66637
8.2	2.67959
8.25	2.69255
8.3	2.70618
8.35	2.7182
8.4	2.73202
8.45	2.74661
8.5	2.76141
8.55	2.77871
8.6	2.79583
8.65	2.81292
8.7	2.82911
8.75	2.84597
8.8	2.86141
8.85	2.87639
8.9	2.88982
8.95	2.90324
9	2.9173
9.05	2.93314
9.1	2.94914
9.15	2.96576
9.2	2.98328
9.25	3.00104
9.3	3.01865
9.35	3.03663
9.4	3.05329
9.45	3.07059
9.5	3.08798
9.55	3.1057
9.6	3.12307
9.65	3.14025
9.7	3.15694
9.75	3.17393
9.8	3.19202
9.85	3.21068
9.9	3.22892
9.95	3.24657
10	3.26521
10.05	3.28062
10.1	3.29637
10.15	3.31112
10.2	3.3257
10.25	3.34059
10.3	3.35498
10.35	3.36835
10.4	3.38216
10.45	3.39705
10.5	3.41247
10.55	3.4279
10.6	3.44382
10.65	3.46057
10.7	3.47727
10.75	3.49378
10.8	3.51145
10.85	3.52867
10.9	3.54615
10.95	3.56353
11	3.58072
11.05	3.59819
11.1	3.61544
11.15	3.63234
11.2	3.64936
11.25	3.66612
11.3	3.68252
11.35	3.6988
11.4	3.71708
11.45	3.73416
11.5	3.74947
11.55	3.76509
11.6	3.78073
11.65	3.79764
11.7	3.81373
11.75	3.83313
11.8	3.85118
11.85	3.86866
11.9	3.88618
11.95	3.9042
12	3.92192
12.05	3.93973
12.1	3.95956
12.15	3.97792
12.2	3.99511
12.25	4.0123
12.3	4.03006
12.35	4.0481
12.4	4.06591
12.45	4.08702
12.5	4.10677
12.55	4.12577
12.6	4.14233
12.65	4.15887
12.7	4.1765
12.75	4.19427
12.8	4.21126
12.85	4.2255
12.9	4.23876
12.95	4.25351
13	4.26863
13.05	4.28354
13.1	4.29926
13.15	4.31731
13.2	4.33478
13.25	4.35004
13.3	4.36762
13.35	4.3858
13.4	4.40401
13.45	4.42135
13.5	4.43865
13.55	4.45555
13.6	4.47241
13.65	4.48822
13.7	4.50413
13.75	4.52009
13.8	4.53688
13.85	4.55421
13.9	4.57217
13.95	4.5878
14	4.60361
14.05	4.62209
14.1	4.6397
14.15	4.65792
14.2	4.67632
14.25	4.69007
14.3	4.70364
14.35	4.71703
14.4	4.73176
14.45	4.74703
14.5	4.76268
14.55	4.77887
14.6	4.79491
14.65	4.81118
14.7	4.82605
14.75	4.84153
14.8	4.85796
14.85	4.87426
14.9	4.89027
14.95	4.90511
15	4.92211
15.05	4.9403
15.1	4.95886
15.15	4.9776
15.2	4.9981
15.25	5.01619
15.3	5.03374
15.35	5.05158
15.4	5.06879
15.45	5.0857
15.5	5.10343
15.55	5.12063
15.6	5.13827
15.65	5.15646
15.7	5.17481
15.75	5.19187
15.8	5.20903
15.85	5.22627
15.9	5.2436
15.95	5.26072
16	5.27983
16.05	5.30086
16.1	5.32033
16.15	5.3389
16.2	5.35693
16.25	5.37344
16.3	5.38961
16.35	5.405
16.4	5.42036
16.45	5.43607
16.5	5.45294
16.55	5.47025
16.6	5.48782
16.65	5.50556
16.7	5.52385
16.75	5.54102
16.8	5.5581
16.85	5.57523
16.9	5.59232
16.95	5.60773
17	5.62245
17.05	5.63703
17.1	5.65237
17.15	5.66747
17.2	5.68396
17.25	5.70025
17.3	5.71687
17.35	5.73215
17.4	5.7456
17.45	5.76027
17.5	5.7752
17.55	5.79033
17.6	5.80622
17.65	5.82355
17.7	5.84085
17.75	5.85992
17.8	5.87936
17.85	5.89849
17.9	5.91855
17.95	5.94007
18	5.96177
18.05	5.98182
18.1	6.00133
18.15	6.02004
18.2	6.03785
18.25	6.05434
18.3	6.07072
18.35	6.0873
18.4	6.10494
18.45	6.12255
18.5	6.14022
18.55	6.1584
18.6	6.17651
18.65	6.19466
18.7	6.21261
18.75	6.23074
18.8	6.24869
18.85	6.26596
18.9	6.28255
18.95	6.29637
19	6.31024
19.05	6.32549
19.1	6.34153
19.15	6.35812
19.2	6.37595
19.25	6.3922
19.3	6.40839
19.35	6.42461
19.4	6.43954
19.45	6.45441
19.5	6.47065
19.55	6.4862
19.6	6.50113
19.65	6.51721
19.7	6.53461
19.75	6.5521
19.8	6.57006
19.85	6.5875
19.9	6.60503
19.95	6.62312
20	6.64109
20.05	6.65908
20.1	6.67507
20.15	6.69103
20.2	6.70888
20.25	6.72434
20.3	6.74083
20.35	6.75775
20.4	6.7757
20.45	6.79468
20.5	6.81315
20.55	6.83166
20.6	6.85119
20.65	6.87152
20.7	6.89202
20.75	6.91032
20.8	6.92775
20.85	6.94486
20.9	6.96198
20.95	6.97997
21	6.99798
21.05	7.01419
21.1	7.03136
21.15	7.04844
21.2	7.06596
21.25	7.08375
21.3	7.10203
21.35	7.12032
21.4	7.13914
21.45	7.15765
21.5	7.17458
21.55	7.19336
21.6	7.21445
21.65	7.23513
21.7	7.25424
21.75	7.27202
21.8	7.29179
21.85	7.30962
21.9	7.32673
21.95	7.34228
22	7.35947
22.05	7.37517
22.1	7.39113
22.15	7.40657
22.2	7.42229
22.25	7.43835
22.3	7.45514
22.35	7.4724
22.4	7.49052
22.45	7.5077
22.5	7.52373
22.55	7.54068
22.6	7.55795
22.65	7.57536
22.7	7.59331
22.75	7.61081
22.8	7.62747
22.85	7.64417
22.9	7.65851
22.95	7.67198
23	7.68648
23.05	7.70052
23.1	7.71503
23.15	7.72882
23.2	7.74374
23.25	7.75772
23.3	7.77296
23.35	7.78805
23.4	7.80431
23.45	7.82013
23.5	7.83686
23.55	7.85451
23.6	7.87134
23.65	7.88818
23.7	7.90508
23.75	7.92217
23.8	7.93777
23.85	7.95279
23.9	7.96892
23.95	7.98368
24	7.99897
24.05	8.01404
24.1	8.02941
24.15	8.04494
24.2	8.06201
24.25	8.07651
24.3	8.09139
24.35	8.10565
24.4	8.1191
24.45	8.13325
24.5	8.14761
24.55	8.16214
24.6	8.17639
24.65	8.19132
24.7	8.20931
24.75	8.22863
24.8	8.24751
24.85	8.26614
24.9	8.28531
24.95	8.30319
25	8.32181
25.05	8.34092
25.1	8.36168
25.15	8.38243
25.2	8.40347
25.25	8.42403
25.3	8.4453
25.35	8.46598
25.4	8.4863
25.45	8.50595
25.5	8.52765
25.55	8.54811
25.6	8.56798
25.65	8.58738
25.7	8.60685
25.75	8.62405
25.8	8.64166
25.85	8.6592
25.9	8.67681
25.95	8.69582
26	8.71335
26.05	8.73173
26.1	8.74957
26.15	8.76765
26.2	8.78585
26.25	8.80372
26.3	8.81897
26.35	8.83457
26.4	8.85056
26.45	8.86562
26.5	8.88029
26.55	8.89539
26.6	8.91137
26.65	8.92719
26.7	8.9435
26.75	8.96016
26.8	8.97682
26.85	8.99288
26.9	9.01132
26.95	9.03081
27	9.04935
27.05	9.06717
27.1	9.08475
27.15	9.10153
27.2	9.11764
27.25	9.13383
27.3	9.15115
27.35	9.16799
27.4	9.18505
27.45	9.20279
27.5	9.22073
27.55	9.23696
27.6	9.25306
27.65	9.27022
27.7	9.28605
27.75	9.30299
27.8	9.32191
27.85	9.34131
27.9	9.36017
27.95	9.37894
28	9.39815
28.05	9.41809
28.1	9.43743
28.15	9.4563
28.2	9.47466
28.25	9.49132
28.3	9.50758
28.35	9.52555
28.4	9.54293
28.45	9.56018
28.5	9.57727
28.55	9.59423
28.6	9.60988
28.65	9.62618
28.7	9.64158
28.75	9.65726
28.8	9.67349
28.85	9.68953
28.9	9.7055
28.95	9.72471
29	9.74306
29.05	9.76142
29.1	9.77779
29.15	9.79459
29.2	9.8115
29.25	9.8284
29.3	9.84516
29.35	9.86255
29.4	9.88072
29.45	9.89854
29.5	9.91592
29.55	9.93315
29.6	9.94843
29.65	9.96328
29.7	9.97804
29.75	9.99411
29.8	10.0098
29.85	10.0248
29.9	10.0399
29.95	10.0558
30	10.0724
30.05	10.0877
30.1	10.1049
30.15	10.1195
30.2	10.1359
30.25	10.152
30.3	10.1682
30.35	10.1865
30.4	10.2037
30.45	10.2206
30.5	10.2383
30.55	10.2552
30.6	10.2717
30.65	10.2892
30.7	10.3067
30.75	10.3234
30.8	10.3408
30.85	10.3581
30.9	10.3744
30.95	10.3886
31	10.403
31.05	10.4181
31.1	10.4342
31.15	10.4503
31.2	10.4665
31.25	10.4832
31.3	10.4992
31.35	10.5155
31.4	10.5307
31.45	10.5481
31.5	10.5648
31.55	10.5815
31.6	10.5979
31.65	10.6125
31.7	10.6275
31.75	10.6424
31.8	10.6581
31.85	10.6735
31.9	10.6887
31.95	10.7039
32	10.7191
32.05	10.7351
32.1	10.7502
32.15	10.7649
32.2	10.7804
32.25	10.7957
32.3	10.8112
32.35	10.8279
32.4	10.8455
32.45	10.8631
32.5	10.8805
32.55	10.8973
32.6	10.9136
32.65	10.9297
32.7	10.9456
32.75	10.9616
32.8	10.9767
32.85	10.9926
32.9	11.0085
32.95	11.0245
33	11.0414
33.05	11.0577
33.1	11.074
33.15	11.0882
33.2	11.1032
33.25	11.1173
33.3	11.1312
33.35	11.1454
33.4	11.1594
33.45	11.1745
33.5	11.1913
33.55	11.208
33.6	11.2245
33.65	11.2408
33.7	11.2569
33.75	11.2733
33.8	11.288
33.85	11.3014
33.9	11.3141
33.95	11.3268
34	11.3405
34.05	11.3554
34.1	11.371
34.15	11.3862
34.2	11.4016
34.25	11.4175
34.3	11.4325
34.35	11.4466
34.4	11.462
34.45	11.479
34.5	11.4964
34.55	11.5125
34.6	11.5313
34.65	11.5499
34.7	11.5688
34.75	11.5883
34.8	11.6064
34.85	11.6229
34.9	11.6397
34.95	11.659
35	11.6764
35.05	11.6943
35.1	11.7121
35.15	11.7286
35.2	11.7422
35.25	11.7555
35.3	11.7683
35.35	11.7817
35.4	11.7959
35.45	11.8105
35.5	11.825
35.55	11.8409
35.6	11.8572
35.65	11.8735
35.7	11.8898
35.75	11.9086
35.8	11.9255
35.85	11.9423
35.9	11.9588
35.95	11.975
36	11.9906
36.05	12.0068
36.1	12.0253
36.15	12.0437
36.2	12.0598
36.25	12.0758
36.3	12.0922
36.35	12.1082
36.4	12.1223
36.45	12.1371
36.5	12.1517
36.55	12.1673
36.6	12.1833
36.65	12.1992
36.7	12.2156
36.75	12.232
36.8	12.2485
36.85	12.2645
36.9	12.2795
36.95	12.2964
37	12.3147
37.05	12.3318
37.1	12.348
37.15	12.3642
37.2	12.3798
37.25	12.3947
37.3	12.4126
37.35	12.4303
37.4	12.4484
37.45	12.4651
37.5	12.4813
37.55	12.4977
37.6	12.5147
37.65	12.5293
37.7	12.5441
37.75	12.5598
37.8	12.5727
37.85	12.5866
37.9	12.5986
37.95	12.6107
38	12.6229
38.05	12.6364
38.1	12.6495
38.15	12.6637
38.2	12.6774
38.25	12.6936
38.3	12.7096
38.35	12.7255
38.4	12.7415
38.45	12.758
38.5	12.7745
38.55	12.7891
38.6	12.8043
38.65	12.8193
38.7	12.8345
38.75	12.8492
38.8	12.8655
38.85	12.8805
38.9	12.8967
38.95	12.9131
39	12.93
39.05	12.945
39.1	12.96
39.15	12.9748
39.2	12.9898
39.25	13.0064
39.3	13.0227
39.35	13.0389
39.4	13.055
39.45	13.0724
39.5	13.0888
39.55	13.1054
39.6	13.1223
39.65	13.1371
39.7	13.1534
39.75	13.1711
39.8	13.1887
39.85	13.2062
39.9	13.2235
39.95	13.2414
40	13.26
40.05	13.2794
40.1	13.299
40.15	13.3159
40.2	13.3319
40.25	13.347
40.3	13.3626
40.35	13.378
40.4	13.3936
40.45	13.4095
40.5	13.4252
40.55	13.4414
40.6	13.457
40.65	13.4716
40.7	13.4858
40.75	13.4966
40.8	13.5075
40.85	13.5201
40.9	13.5333
40.95	13.5472
41	13.5607
41.05	13.5756
41.1	13.5913
41.15	13.6065
41.2	13.6204
41.25	13.6349
41.3	13.6495
41.35	13.664
41.4	13.679
41.45	13.6948
41.5	13.7118
41.55	13.7309
41.6	13.751
41.65	13.7704
41.7	13.7899
41.75	13.8095
41.8	13.8287
41.85	13.8489
41.9	13.8703
41.95	13.8912
42	13.9109
42.05	13.9288
42.1	13.947
42.15	13.9653
42.2	13.9839
42.25	14.0025
42.3	14.0207
42.35	14.0384
42.4	14.0558
42.45	14.0732
42.5	14.09
42.55	14.1071
42.6	14.1225
42.65	14.1381
42.7	14.1531
42.75	14.168
42.8	14.1819
42.85	14.1958
42.9	14.2111
42.95	14.2269
43	14.2428
43.05	14.2588
43.1	14.276
43.15	14.2931
43.2	14.3102
43.25	14.3277
43.3	14.343
43.35	14.3585
43.4	14.3726
43.45	14.3871
43.5	14.4035
43.55	14.4212
43.6	14.4383
43.65	14.4554
43.7	14.4737
43.75	14.4927
43.8	14.5092
43.85	14.5263
43.9	14.5434
43.95	14.5599
44	14.5764
44.05	14.5935
44.1	14.6122
44.15	14.6296
44.2	14.6461
44.25	14.6624
44.3	14.6787
44.35	14.6951
44.4	14.7118
44.45	14.728
44.5	14.7436
44.55	14.7562
44.6	14.7684
44.65	14.7813
44.7	14.7938
44.75	14.8074
44.8	14.8211
44.85	14.8348
44.9	14.8491
44.95	14.8641
45	14.879
45.05	14.8931
45.1	14.9067
45.15	14.9225
45.2	14.94
45.25	14.9573
45.3	14.9746
45.35	14.9925
45.4	15.0105
45.45	15.0289
45.5	15.0488
45.55	15.0682
45.6	15.0875
45.65	15.1057
45.7	15.1231
45.75	15.1403
45.8	15.1575
45.85	15.174
45.9	15.1917
45.95	15.2093
46	15.2267
46.05	15.2433
46.1	15.2609
46.15	15.2806
46.2	15.3018
46.25	15.3219
46.3	15.3402
46.35	15.3574
46.4	15.3743
46.45	15.391
46.5	15.4068
46.55	15.4232
46.6	15.4395
46.65	15.455
46.7	15.4711
46.75	15.4867
46.8	15.5022
46.85	15.5169
46.9	15.5325
46.95	15.549
47	15.5654
47.05	15.582
47.1	15.6002
47.15	15.618
47.2	15.6376
47.25	15.6592
47.3	15.6799
47.35	15.6974
47.4	15.7159
47.45	15.733
47.5	15.749
47.55	15.7661
47.6	15.783
47.65	15.8005
47.7	15.8187
47.75	15.8367
47.8	15.8544
47.85	15.8715
47.9	15.8879
47.95	15.9048
48	15.9218
48.05	15.9397
48.1	15.9576
48.15	15.9752
48.2	15.9921
48.25	16.009
48.3	16.0258
48.35	16.044
48.4	16.0634
48.45	16.0816
48.5	16.0991
48.55	16.1165
48.6	16.1357
48.65	16.1546
48.7	16.1731
48.75	16.1914
48.8	16.2089
48.85	16.2261
48.9	16.2436
48.95	16.2614
49	16.2789
49.05	16.2949
49.1	16.3117
49.15	16.3275
49.2	16.3437
49.25	16.3601
49.3	16.377
49.35	16.3935
49.4	16.4103
49.45	16.4273
49.5	16.4443
49.55	16.4625
49.6	16.4791
49.65	16.4958
49.7	16.5128
49.75	16.5275
49.8	16.5425
49.85	16.5588
49.9	16.5751
49.95	16.5938
50	16.6119
50.05	16.6316
50.1	16.6501
50.15	16.6696
50.2	16.6885
50.25	16.7084
50.3	16.7283
50.35	16.7482
50.4	16.7677
50.45	16.7868
50.5	16.806
50.55	16.8265
50.6	16.8454
50.65	16.8641
50.7	16.8828
50.75	16.9019
50.8	16.9209
50.85	16.939
50.9	16.9567
50.95	16.9742
51	16.9927
51.05	17.0125
51.1	17.0328
51.15	17.0521
51.2	17.0707
51.25	17.0886
51.3	17.1065
51.35	17.1245
51.4	17.1438
51.45	17.1632
51.5	17.1829
51.55	17.204
51.6	17.2217
51.65	17.2383
51.7	17.255
51.75	17.2715
51.8	17.288
51.85	17.3044
51.9	17.3208
51.95	17.3355
52	17.3516
52.05	17.3685
52.1	17.3862
52.15	17.4037
52.2	17.4212
52.25	17.4386
52.3	17.4564
52.35	17.473
52.4	17.4906
52.45	17.5076
52.5	17.5241
52.55	17.541
52.6	17.5565
52.65	17.5725
52.7	17.5874
52.75	17.6018
52.8	17.6154
52.85	17.6299
52.9	17.6476
52.95	17.663
53	17.678
53.05	17.6909
53.1	17.7052
53.15	17.7191
53.2	17.7332
53.25	17.7481
53.3	17.7636
53.35	17.7784
53.4	17.7935
53.45	17.8086
53.5	17.8234
53.55	17.8373
53.6	17.8499
53.65	17.8626
53.7	17.8743
53.75	17.888
53.8	17.9016
53.85	17.9156
53.9	17.93
53.95	17.945
54	17.9608
54.05	17.9755
54.1	17.9909
54.15	18.0028
54.2	18.0155
54.25	18.0277
54.3	18.0407
54.35	18.053
54.4	18.0671
54.45	18.0816
54.5	18.096
54.55	18.1101
54.6	18.1246
54.65	18.1397
54.7	18.1548
54.75	18.1717
54.8	18.188
54.85	18.2043
54.9	18.2196
54.95	18.2349
55	18.2501
55.05	18.2655
55.1	18.28
55.15	18.2948
55.2	18.3092
55.25	18.3242
55.3	18.3396
55.35	18.3552
55.4	18.3715
55.45	18.3873
55.5	18.4025
55.55	18.4173
55.6	18.4323
55.65	18.4485
55.7	18.4631
55.75	18.4783
55.8	18.4938
55.85	18.5107
55.9	18.5281
55.95	18.5456
56	18.5639
56.05	18.5819
56.1	18.5975
56.15	18.6136
56.2	18.6301
56.25	18.6462
56.3	18.6625
56.35	18.6788
56.4	18.6962
56.45	18.7136
56.5	18.7333
56.55	18.7538
56.6	18.7739
56.65	18.793
56.7	18.8116
56.75	18.8323
56.8	18.8519
56.85	18.8706
56.9	18.8889
56.95	18.9075
57	18.9251
57.05	18.943
57.1	18.9606
57.15	18.9779
57.2	18.9966
57.25	19.011
57.3	19.025
57.35	19.0392
57.4	19.0534
57.45	19.0709
57.5	19.0904
57.55	19.1094
57.6	19.1289
57.65	19.1466
57.7	19.1641
57.75	19.1813
57.8	19.1963
57.85	19.2116
57.9	19.226
57.95	19.2407
58	19.2557
58.05	19.2717
58.1	19.2913
58.15	19.3111
58.2	19.3292
58.25	19.3476
58.3	19.3659
58.35	19.3843
58.4	19.4029
58.45	19.4224
58.5	19.4414
58.55	19.4606
58.6	19.4778
58.65	19.4959
58.7	19.5136
58.75	19.5312
58.8	19.5484
58.85	19.5651
58.9	19.5822
58.95	19.5997
59	19.6169
59.05	19.6332
59.1	19.6485
59.15	19.6639
59.2	19.6819
59.25	19.6984
59.3	19.7147
59.35	19.731
59.4	19.7472
59.45	19.764
59.5	19.7801
59.55	19.797
59.6	19.8132
59.65	19.829
59.7	19.8467
59.75	19.864
59.8	19.8815
59.85	19.8987
59.9	19.9168
59.95	19.9343
60	19.9519
60.05	19.9705
60.1	19.9899
60.15	20.0101
60.2	20.0317
60.25	20.0524
60.3	20.0725
60.35	20.0923
60.4	20.1109
60.45	20.1299
60.5	20.1469
60.55	20.1639
60.6	20.1807
60.65	20.1961
60.7	20.2123
60.75	20.228
60.8	20.2449
60.85	20.262
60.9	20.2783
60.95	20.2958
61	20.313
61.05	20.3303
61.1	20.3482
61.15	20.367
61.2	20.3877
61.25	20.409
61.3	20.4286
61.35	20.4496
61.4	20.4698
61.45	20.4896
61.5	20.5096
61.55	20.5276
61.6	20.5458
61.65	20.5653
61.7	20.5844
61.75	20.6031
61.8	20.6224
61.85	20.6417
61.9	20.6594
61.95	20.6762
62	20.6931
62.05	20.7106
62.1	20.7284
62.15	20.7461
62.2	20.764
62.25	20.782
62.3	20.7996
62.35	20.8177
62.4	20.8349
62.45	20.8507
62.5	20.866
62.55	20.8813
62.6	20.8965
62.65	20.9138
62.7	20.9308
62.75	20.9469
62.8	20.9658
62.85	20.9835
62.9	21.0009
62.95	21.0179
63	21.0348
63.05	21.0521
63.1	21.0692
63.15	21.0873
63.2	21.105
63.25	21.1267
63.3	21.1474
63.35	21.1678
63.4	21.1865
63.45	21.2048
63.5	21.2247
63.55	21.2428
63.6	21.2615
63.65	21.2796
63.7	21.2979
63.75	21.3159
63.8	21.3336
63.85	21.3505
63.9	21.3659
63.95	21.3804
64	21.3968
64.05	21.4142
64.1	21.4312
64.15	21.4468
64.2	21.4632
64.25	21.4809
64.3	21.4986
64.35	21.5162
64.4	21.5326
64.45	21.548
64.5	21.5629
64.55	21.578
64.6	21.5927
64.65	21.6063
64.7	21.6201
64.75	21.6358
64.8	21.6495
64.85	21.6614
64.9	21.6746
64.95	21.6883
65	21.7029
65.05	21.7164
65.1	21.728
65.15	21.7389
65.2	21.7514
65.25	21.7642
65.3	21.7784
65.35	21.7932
65.4	21.8075
65.45	21.823
65.5	21.8374
65.55	21.8509
65.6	21.8648
65.65	21.8805
65.7	21.8966
65.75	21.9124
65.8	21.9288
65.85	21.9444
65.9	21.9605
65.95	21.9763
66	21.9955
66.05	22.0147
66.1	22.0332
66.15	22.0535
66.2	22.0737
66.25	22.0929
66.3	22.1107
66.35	22.1281
66.4	22.1439
66.45	22.1595
66.5	22.1765
66.55	22.1948
66.6	22.2153
66.65	22.2353
66.7	22.2547
66.75	22.2747
66.8	22.2935
66.85	22.3144
66.9	22.3346
66.95	22.3532
67	22.3709
67.05	22.3883
67.1	22.4049
67.15	22.4227
67.2	22.441
67.25	22.4583
67.3	22.4755
67.35	22.4931
67.4	22.5106
67.45	22.5281
67.5	22.546
67.55	22.564
67.6	22.5811
67.65	22.5983
67.7	22.6174
67.75	22.6362
67.8	22.6563
67.85	22.6744
67.9	22.6922
67.95	22.7077
68	22.7222
68.05	22.7354
68.1	22.7495
68.15	22.7634
68.2	22.7791
68.25	22.7959
68.3	22.8125
68.35	22.8288
68.4	22.8447
68.45	22.864
68.5	22.8838
68.55	22.9049
68.6	22.9245
68.65	22.9436
68.7	22.9624
68.75	22.9808
68.8	22.9985
68.85	23.0174
68.9	23.0358
68.95	23.0539
69	23.0694
69.05	23.0864
69.1	23.1024
69.15	23.1193
69.2	23.1349
69.25	23.1514
69.3	23.1671
69.35	23.1836
69.4	23.1997
69.45	23.2153
69.5	23.2309
69.55	23.2464
69.6	23.261
69.65	23.2779
69.7	23.2939
69.75	23.3103
69.8	23.3271
69.85	23.3439
69.9	23.3598
69.95	23.3763
70	23.3942
70.05	23.4121
70.1	23.4297
70.15	23.4471
70.2	23.4649
70.25	23.4827
70.3	23.501
70.35	23.5205
70.4	23.5396
70.45	23.5584
70.5	23.5769
70.55	23.5937
70.6	23.6098
70.65	23.6255
70.7	23.6416
70.75	23.6587
70.8	23.6758
70.85	23.693
70.9	23.7113
70.95	23.7289
71	23.7454
71.05	23.7619
71.1	23.7781
71.15	23.7944
71.2	23.8095
71.25	23.8252
71.3	23.8413
71.35	23.858
71.4	23.8753
71.45	23.892
71.5	23.9107
71.55	23.9282
71.6	23.9446
71.65	23.961
71.7	23.9771
71.75	23.9931
71.8	24.0091
71.85	24.0262
71.9	24.0421
71.95	24.0592
72	24.0748
72.05	24.0907
72.1	24.1072
72.15	24.1236
72.2	24.139
72.25	24.1545
72.3	24.1697
72.35	24.1848
72.4	24.2008
72.45	24.2185
72.5	24.2367
72.55	24.2556
72.6	24.2741
72.65	24.2927
72.7	24.3116
72.75	24.33
72.8	24.3481
72.85	24.3667
72.9	24.3852
72.95	24.4022
73	24.421
73.05	24.4395
73.1	24.4573
73.15	24.4749
73.2	24.4907
73.25	24.5073
73.3	24.5246
73.35	24.5424
73.4	24.5596
73.45	24.5771
73.5	24.5952
73.55	24.6129
73.6	24.6318
73.65	24.6503
73.7	24.6699
73.75	24.6879
73.8	24.7058
73.85	24.7244
73.9	24.7425
73.95	24.7598
74	24.7779
74.05	24.7968
74.1	24.8173
74.15	24.8374
74.2	24.8562
74.25	24.8747
74.3	24.8924
74.35	24.91
74.4	24.9276
74.45	24.9448
74.5	24.9622
74.55	24.9793
74.6	24.9954
74.65	25.0104
74.7	25.0286
74.75	25.044
74.8	25.0598
74.85	25.0758
74.9	25.0907
74.95	25.1057
75	25.1209
75.05	25.1359
75.1	25.1511
75.15	25.1669
75.2	25.1818
75.25	25.1965
75.3	25.2117
75.35	25.2252
75.4	25.2391
75.45	25.2532
75.5	25.2686
75.55	25.2853
75.6	25.3022
75.65	25.3183
75.7	25.3346
75.75	25.3514
75.8	25.3677
75.85	25.3839
75.9	25.401
75.95	25.4155
76	25.4311
76.05	25.4443
76.1	25.4576
76.15	25.4722
76.2	25.4884
76.25	25.5053
76.3	25.5217
76.35	25.5394
76.4	25.5572
76.45	25.5738
76.5	25.5892
76.55	25.6051
76.6	25.6196
76.65	25.6333
76.7	25.6466
76.75	25.661
76.8	25.6752
76.85	25.6893
76.9	25.7032
76.95	25.717
77	25.7311
77.05	25.7459
77.1	25.7605
77.15	25.7768
77.2	25.7941
77.25	25.8109
77.3	25.8274
77.35	25.8434
77.4	25.8615
77.45	25.8787
77.5	25.8961
77.55	25.9134
77.6	25.9306
77.65	25.948
77.7	25.9652
77.75	25.9816
77.8	25.9976
77.85	26.0163
77.9	26.0357
77.95	26.0541
78	26.0738
78.05	26.0927
78.1	26.1113
78.15	26.1304
78.2	26.1505
78.25	26.1705
78.3	26.189
78.35	26.2065
78.4	26.2244
78.45	26.242
78.5	26.2595
78.55	26.2773
78.6	26.2943
78.65	26.3117
78.7	26.3285
78.75	26.3452
78.8	26.3617
78.85	26.3775
78.9	26.393
78.95	26.4063
79	26.42
79.05	26.4336
79.1	26.4467
79.15	26.4596
79.2	26.4736
79.25	26.487
79.3	26.501
79.35	26.5151
79.4	26.5283
79.45	26.5427
79.5	26.5576
79.55	26.5731
79.6	26.5898
79.65	26.6044
79.7	26.6215
79.75	26.6386
79.8	26.6557
79.85	26.6724
79.9	26.6889
79.95	26.7052
80	26.7213
80.05	26.7369
80.1	26.7523
80.15	26.7677
80.2	26.7832
80.25	26.8005
80.3	26.8176
80.35	26.8345
80.4	26.8503
80.45	26.8665
80.5	26.8831
80.55	26.901
80.6	26.9186
80.65	26.9372
80.7	26.9557
80.75	26.9738
80.8	26.9915
80.85	27.0087
80.9	27.0246
80.95	27.0406
81	27.0572
81.05	27.0733
81.1	27.0886
81.15	27.1051
81.2	27.1214
81.25	27.1378
81.3	27.1541
81.35	27.1689
81.4	27.1853
81.45	27.2027
81.5	27.2197
81.55	27.2366
81.6	27.2545
81.65	27.273
81.7	27.2911
81.75	27.3096
81.8	27.3291
81.85	27.3489
81.9	27.369
81.95	27.39
82	27.41
82.05	27.4297
82.1	27.4504
82.15	27.47
82.2	27.4865
82.25	27.5029
82.3	27.5201
82.35	27.5378
82.4	27.5551
82.45	27.5725
82.5	27.5876
82.55	27.6008
82.6	27.6147
82.65	27.6297
82.7	27.6447
82.75	27.6596
82.8	27.6742
82.85	27.6883
82.9	27.7022
82.95	27.7157
83	27.7298
83.05	27.7445
83.1	27.7556
83.15	27.7688
83.2	27.781
83.25	27.7961
83.3	27.811
83.35	27.8252
83.4	27.8396
83.45	27.8557
83.5	27.8716
83.55	27.8878
83.6	27.904
83.65	27.9192
83.7	27.9346
83.75	27.9501
83.8	27.9651
83.85	27.9775
83.9	27.9903
83.95	28.0053
84	28.0202
84.05	28.0351
84.1	28.0505
84.15	28.0661
84.2	28.0817
84.25	28.0981
84.3	28.1136
84.35	28.1289
84.4	28.1443
84.45	28.1581
84.5	28.1721
84.55	28.1852
84.6	28.1981
84.65	28.2131
84.7	28.227
84.75	28.2418
84.8	28.2549
84.85	28.2684
84.9	28.2823
84.95	28.2962
85	28.3099
85.05	28.3244
85.1	28.3403
85.15	28.3548
85.2	28.3715
85.25	28.3876
85.3	28.4036
85.35	28.4188
85.4	28.437
85.45	28.4567
85.5	28.4737
85.55	28.4901
85.6	28.5087
85.65	28.5272
85.7	28.5457
85.75	28.5644
85.8	28.5833
85.85	28.6009
85.9	28.6172
85.95	28.6323
86	28.6486
86.05	28.6641
86.1	28.6805
86.15	28.6968
86.2	28.7129
86.25	28.7294
86.3	28.7452
86.35	28.761
86.4	28.7761
86.45	28.7887
86.5	28.8017
86.55	28.8171
86.6	28.8323
86.65	28.8465
86.7	28.8599
86.75	28.8743
86.8	28.8895
86.85	28.905
86.9	28.9208
86.95	28.936
87	28.9503
87.05	28.9664
87.1	28.9824
87.15	28.9967
87.2	29.0106
87.25	29.0248
87.3	29.0399
87.35	29.0562
87.4	29.0734
87.45	29.0903
87.5	29.107
87.55	29.1243
87.6	29.1417
87.65	29.158
87.7	29.1734
87.75	29.1902
87.8	29.2054
87.85	29.2213
87.9	29.238
87.95	29.2565
88	29.2745
88.05	29.2916
88.1	29.309
88.15	29.3267
88.2	29.3426
88.25	29.359
88.3	29.3754
88.35	29.3905
88.4	29.4056
88.45	29.4212
88.5	29.4368
88.55	29.4532
88.6	29.4694
88.65	29.486
88.7	29.5033
88.75	29.5175
88.8	29.5323
88.85	29.5485
88.9	29.5658
88.95	29.5826
89	29.5988
89.05	29.6149
89.1	29.6326
89.15	29.6486
89.2	29.6643
89.25	29.6798
89.3	29.6954
89.35	29.7116
89.4	29.7284
89.45	29.744
89.5	29.7599
89.55	29.7751
89.6	29.7901
89.65	29.8058
89.7	29.8215
89.75	29.8368
89.8	29.8524
89.85	29.8679
89.9	29.8839
89.95	29.9
90	29.9165
90.05	29.9331
90.1	29.95
90.15	29.9666
90.2	29.9834
90.25	30.0003
90.3	30.017
90.35	30.0323
90.4	30.0478
90.45	30.0604
90.5	30.0734
90.55	30.088
90.6	30.1045
90.65	30.1197
90.7	30.1356
90.75	30.1517
90.8	30.168
90.85	30.1834
90.9	30.1989
90.95	30.2133
91	30.2281
91.05	30.2431
91.1	30.2584
91.15	30.2725
91.2	30.2896
91.25	30.307
91.3	30.3246
91.35	30.342
91.4	30.3592
91.45	30.376
91.5	30.3936
91.55	30.4107
91.6	30.4277
91.65	30.4446
91.7	30.461
91.75	30.4752
91.8	30.4877
91.85	30.5008
91.9	30.5167
91.95	30.5328
92	30.5495
92.05	30.5671
92.1	30.5877
92.15	30.6079
92.2	30.6278
92.25	30.6472
92.3	30.6658
92.35	30.6833
92.4	30.7012
92.45	30.7189
92.5	30.7382
92.55	30.7572
92.6	30.7757
92.65	30.7935
92.7	30.8108
92.75	30.8279
92.8	30.8445
92.85	30.8605
92.9	30.8772
92.95	30.8942
93	30.9119
93.05	30.9306
93.1	30.9489
93.15	30.9668
93.2	30.9814
93.25	30.996
93.3	31.0119
93.35	31.0284
93.4	31.0449
93.45	31.061
93.5	31.0759
93.55	31.0907
93.6	31.1049
93.65	31.1178
93.7	31.132
93.75	31.1474
93.8	31.1633
93.85	31.1777
93.9	31.191
93.95	31.2078
94	31.2245
94.05	31.2419
94.1	31.2561
94.15	31.2694
94.2	31.2832
94.25	31.2968
94.3	31.313
94.35	31.3286
94.4	31.3456
94.45	31.3627
94.5	31.3802
94.55	31.3977
94.6	31.4115
94.65	31.4256
94.7	31.4407
94.75	31.4565
94.8	31.4754
94.85	31.4938
94.9	31.5131
94.95	31.5351
95	31.5559
95.05	31.575
95.1	31.593
95.15	31.6114
95.2	31.6276
95.25	31.6441
95.3	31.6604
95.35	31.6766
95.4	31.6933
95.45	31.7106
95.5	31.7272
95.55	31.744
95.6	31.76
95.65	31.7769
95.7	31.7946
95.75	31.8113
95.8	31.8288
95.85	31.8455
95.9	31.8623
95.95	31.8787
96	31.8956
96.05	31.9131
96.1	31.9288
96.15	31.9468
96.2	31.9625
96.25	31.9763
96.3	31.9908
96.35	32.0058
96.4	32.02
96.45	32.0344
96.5	32.049
96.55	32.0636
96.6	32.0797
96.65	32.096
96.7	32.1122
96.75	32.1288
96.8	32.1443
96.85	32.1581
96.9	32.1738
96.95	32.1893
97	32.2034
97.05	32.2179
97.1	32.2327
97.15	32.2492
97.2	32.2649
97.25	32.2816
97.3	32.2964
97.35	32.313
97.4	32.3298
97.45	32.3441
97.5	32.3596
97.55	32.3757
97.6	32.3915
97.65	32.4082
97.7	32.4249
97.75	32.4412
97.8	32.4575
97.85	32.476
97.9	32.4932
97.95	32.5098
98	32.5276
98.05	32.545
98.1	32.5638
98.15	32.5823
98.2	32.5992
98.25	32.615
98.3	32.6317
98.35	32.6479
98.4	32.6638
98.45	32.6811
98.5	32.6994
98.55	32.7183
98.6	32.7373
98.65	32.757
98.7	32.7765
98.75	32.7962
98.8	32.8153
98.85	32.8346
98.9	32.8544
98.95	32.8735
99	32.8921
99.05	32.9107
99.1	32.9264
99.15	32.9419
99.2	32.9579
99.25	32.9749
99.3	32.9911
99.35	33.0074
99.4	33.0208
99.45	33.0346
99.5	33.0477
99.55	33.0619
99.6	33.0765
99.65	33.0908
99.7	33.1073
99.75	33.1231
99.8	33.1396
99.85	33.1561
99.9	33.1756
99.95	33.1946
100	33.2123
100.05	33.2297
100.1	33.2463
100.15	33.2635
100.2	33.2803
100.25	33.2971
100.3	33.3151
100.35	33.333
100.4	33.3521
100.45	33.371
100.5	33.39
100.55	33.409
100.6	33.4272
100.65	33.4453
100.7	33.4647
100.75	33.4814
100.8	33.498
100.85	33.5152
100.9	33.5326
100.95	33.5495
101	33.5664
101.05	33.5841
101.1	33.6019
101.15	33.6204
101.2	33.6387
101.25	33.6558
101.3	33.6734
101.35	33.6922
101.4	33.7101
101.45	33.7275
101.5	33.7476
101.55	33.7674
101.6	33.7867
101.65	33.8055
101.7	33.824
101.75	33.8419
101.8	33.8601
101.85	33.8781
101.9	33.8962
101.95	33.9116
102	33.9271
102.05	33.9442
102.1	33.9614
102.15	33.9783
102.2	33.9952
102.25	34.0134
102.3	34.0315
102.35	34.0489
102.4	34.0674
102.45	34.0856
102.5	34.1035
102.55	34.1212
102.6	34.1385
102.65	34.1556
102.7	34.1752
102.75	34.1939
102.8	34.2124
102.85	34.2305
102.9	34.2482
102.95	34.2661
103	34.2845
103.05	34.3028
103.1	34.3205
103.15	34.3386
103.2	34.3564
103.25	34.3748
103.3	34.3936
103.35	34.4122
103.4	34.4312
103.45	34.4499
103.5	34.4684
103.55	34.486
103.6	34.5036
103.65	34.5211
103.7	34.5387
103.75	34.5562
103.8	34.5734
103.85	34.5904
103.9	34.6076
103.95	34.627
104	34.6462
104.05	34.6654
104.1	34.6853
104.15	34.7046
104.2	34.7235
104.25	34.7428
104.3	34.7618
104.35	34.779
104.4	34.7967
104.45	34.8142
104.5	34.8321
104.55	34.8502
104.6	34.8696
104.65	34.888
104.7	34.9057
104.75	34.9224
104.8	34.9389
104.85	34.9561
104.9	34.9725
104.95	34.9876
105	35.0017
105.05	35.0144
105.1	35.029
105.15	35.0426
105.2	35.0569
105.25	35.0731
105.3	35.0888
105.35	35.1035
105.4	35.1183
105.45	35.1325
105.5	35.1481
105.55	35.1635
105.6	35.1789
105.65	35.1965
105.7	35.213
105.75	35.2297
105.8	35.2461
105.85	35.2624
105.9	35.2788
105.95	35.2952
106	35.3103
106.05	35.3251
106.1	35.3402
106.15	35.3554
106.2	35.3709
106.25	35.3871
106.3	35.4044
106.35	35.4212
106.4	35.4371
106.45	35.4546
106.5	35.4704
106.55	35.4873
106.6	35.5042
106.65	35.5187
106.7	35.5325
106.75	35.545
106.8	35.5575
106.85	35.5698
106.9	35.5829
106.95	35.5963
107	35.6124
107.05	35.6301
107.1	35.6468
107.15	35.6642
107.2	35.6815
107.25	35.6976
107.3	35.7134
107.35	35.7296
107.4	35.7455
107.45	35.762
107.5	35.7804
107.55	35.7961
107.6	35.8123
107.65	35.8301
107.7	35.8464
107.75	35.8622
107.8	35.8768
107.85	35.8905
107.9	35.9044
107.95	35.9187
108	35.9337
108.05	35.9482
108.1	35.9629
108.15	35.9787
108.2	35.9944
108.25	36.0104
108.3	36.0257
108.35	36.0417
108.4	36.0583
108.45	36.0749
108.5	36.0926
108.55	36.1086
108.6	36.1251
108.65	36.1425
108.7	36.1609
108.75	36.1791
108.8	36.1971
108.85	36.2156
108.9	36.2343
108.95	36.2532
109	36.2723
109.05	36.2906
109.1	36.308
109.15	36.327
109.2	36.3472
109.25	36.3673
109.3	36.3855
109.35	36.4051
109.4	36.4239
109.45	36.4427
109.5	36.4627
109.55	36.4827
109.6	36.5005
109.65	36.5173
109.7	36.5316
109.75	36.5461
109.8	36.5593
109.85	36.5727
109.9	36.5865
109.95	36.6005
110	36.6148
110.05	36.6299
110.1	36.6451
110.15	36.6606
110.2	36.676
110.25	36.6911
110.3	36.7044
110.35	36.7177
110.4	36.7312
110.45	36.746
110.5	36.7611
110.55	36.7761
110.6	36.7906
110.65	36.8053
110.7	36.8219
110.75	36.8399
110.8	36.8576
110.85	36.8757
110.9	36.8906
110.95	36.9061
111	36.922
111.05	36.9373
111.1	36.9519
111.15	36.9669
111.2	36.9812
111.25	36.9967
111.3	37.0125
111.35	37.029
111.4	37.0452
111.45	37.0619
111.5	37.0805
111.55	37.0988
111.6	37.1167
111.65	37.1346
111.7	37.152
111.75	37.168
111.8	37.1826
111.85	37.1966
111.9	37.2124
111.95	37.2269
112	37.2436
112.05	37.2593
112.1	37.2753
112.15	37.2901
112.2	37.3063
112.25	37.3232
112.3	37.34
112.35	37.3571
112.4	37.3743
112.45	37.3922
112.5	37.4095
112.55	37.4265
112.6	37.444
112.65	37.4635
112.7	37.4826
112.75	37.5027
112.8	37.5224
112.85	37.5405
112.9	37.5587
112.95	37.5791
113	37.5992
113.05	37.6196
113.1	37.6398
113.15	37.6597
113.2	37.6802
113.25	37.7001
113.3	37.7218
113.35	37.7423
113.4	37.7596
113.45	37.7773
113.5	37.7959
113.55	37.8147
113.6	37.8334
113.65	37.8504
113.7	37.8666
113.75	37.8831
113.8	37.8996
113.85	37.919
113.9	37.937
113.95	37.9544
114	37.9715
114.05	37.9905
114.1	38.0089
114.15	38.0267
114.2	38.0437
114.25	38.0621
114.3	38.0789
114.35	38.096
114.4	38.1118
114.45	38.1279
114.5	38.1435
114.55	38.159
114.6	38.174
114.65	38.1893
114.7	38.2048
114.75	38.2192
114.8	38.2342
114.85	38.2496
114.9	38.265
114.95	38.2797
115	38.2957
115.05	38.3108
115.1	38.3253
115.15	38.3401
115.2	38.3553
115.25	38.3719
115.3	38.3885
115.35	38.4048
115.4	38.4219
115.45	38.4392
115.5	38.4554
115.55	38.4717
115.6	38.4877
115.65	38.5041
115.7	38.5205
115.75	38.5378
115.8	38.5557
115.85	38.5753
115.9	38.5957
115.95	38.6157
116	38.6353
116.05	38.6542
116.1	38.6726
116.15	38.6901
116.2	38.7076
116.25	38.7264
116.3	38.745
116.35	38.764
116.4	38.7832
116.45	38.8012
116.5	38.8202
116.55	38.8389
116.6	38.8602
116.65	38.8806
116.7	38.901
116.75	38.9197
116.8	38.9391
116.85	38.9577
116.9	38.9772
116.95	38.9992
117	39.0207
117.05	39.0419
117.1	39.0625
117.15	39.0826
117.2	39.1005
117.25	39.1179
117.3	39.1352
117.35	39.1504
117.4	39.1641
117.45	39.1784
117.5	39.1934
117.55	39.2092
117.6	39.2252
117.65	39.2415
117.7	39.2589
117.75	39.2758
117.8	39.2935
117.85	39.3113
117.9	39.3306
117.95	39.3502
118	39.3697
118.05	39.3887
118.1	39.4086
118.15	39.4276
118.2	39.4461
118.25	39.4645
118.3	39.4827
118.35	39.5005
118.4	39.5172
118.45	39.534
118.5	39.5508
118.55	39.5673
118.6	39.584
118.65	39.6022
118.7	39.6201
118.75	39.6377
118.8	39.6554
118.85	39.6729
118.9	39.6922
118.95	39.7094
119	39.7277
119.05	39.7473
119.1	39.7643
119.15	39.7801
119.2	39.7953
119.25	39.8117
119.3	39.8295
119.35	39.8476
119.4	39.8633
119.45	39.8763
119.5	39.8899
119.55	39.9049
119.6	39.9209
119.65	39.9368
119.7	39.9527
119.75	39.9701
119.8	39.9874
119.85	40.0049
119.9	40.0226
119.95	40.0408
120	40.0588
120.05	40.0752
120.1	40.091
120.15	40.1075
120.2	40.1253
120.25	40.1423
120.3	40.1591
120.35	40.1749
120.4	40.19
120.45	40.205
120.5	40.2204
120.55	40.2342
120.6	40.2494
120.65	40.2655
120.7	40.2814
120.75	40.2936
120.8	40.306
120.85	40.3205
120.9	40.3364
120.95	40.3522
121	40.3684
121.05	40.3851
121.1	40.4043
121.15	40.422
121.2	40.4393
121.25	40.4562
121.3	40.4718
121.35	40.4875
121.4	40.5031
121.45	40.5188
121.5	40.5339
121.55	40.5499
121.6	40.5675
121.65	40.5852
121.7	40.6045
121.75	40.6218
121.8	40.6384
121.85	40.6565
121.9	40.6734
121.95	40.6926
122	40.7097
122.05	40.7267
122.1	40.7435
122.15	40.7601
122.2	40.778
122.25	40.7956
122.3	40.8131
122.35	40.8321
122.4	40.8504
122.45	40.8694
122.5	40.8881
122.55	40.9068
122.6	40.925
122.65	40.9417
122.7	40.959
122.75	40.9767
122.8	40.9942
122.85	41.0132
122.9	41.0318
122.95	41.0497
123	41.068
123.05	41.0868
123.1	41.1065
123.15	41.1241
123.2	41.1436
123.25	41.1627
123.3	41.1824
123.35	41.2002
123.4	41.219
123.45	41.2375
123.5	41.2547
123.55	41.272
123.6	41.2893
123.65	41.3061
123.7	41.3249
123.75	41.3438
123.8	41.3629
123.85	41.3811
123.9	41.3992
123.95	41.4157
124	41.4334
124.05	41.4504
124.1	41.4682
124.15	41.4844
124.2	41.5022
124.25	41.5199
124.3	41.5366
124.35	41.5538
124.4	41.5695
124.45	41.585
124.5	41.6005
124.55	41.6164
124.6	41.6296
124.65	41.6447
124.7	41.6595
124.75	41.6748
124.8	41.6915
124.85	41.7098
124.9	41.7274
124.95	41.746
125	41.7644
125.05	41.7829
125.1	41.8012
125.15	41.818
125.2	41.8361
125.25	41.8517
125.3	41.8684
125.35	41.8848
125.4	41.8993
125.45	41.9129
125.5	41.9275
125.55	41.9401
125.6	41.9533
125.65	41.9646
125.7	41.977
125.75	41.9901
125.8	42.0037
125.85	42.0163
125.9	42.0293
125.95	42.0447
126	42.0604
126.05	42.0769
126.1	42.0942
126.15	42.1116
126.2	42.1257
126.25	42.1411
126.3	42.155
126.35	42.1698
126.4	42.1847
126.45	42.2001
126.5	42.2172
126.55	42.2334
126.6	42.25
126.65	42.2663
126.7	42.283
126.75	42.2997
126.8	42.3163
126.85	42.3326
126.9	42.3503
126.95	42.3671
127	42.3823
127.05	42.3967
127.1	42.4124
127.15	42.4284
127.2	42.4425
127.25	42.4573
127.3	42.4727
127.35	42.4887
127.4	42.5051
127.45	42.5225
127.5	42.5395
127.55	42.5565
127.6	42.5736
127.65	42.5907
127.7	42.607
127.75	42.6232
127.8	42.6396
127.85	42.6562
127.9	42.6726
127.95	42.6892
128	42.7078
128.05	42.7272
128.1	42.745
128.15	42.7644
128.2	42.7858
128.25	42.8055
128.3	42.8248
128.35	42.8438
128.4	42.8604
128.45	42.8788
128.5	42.8976
128.55	42.9159
128.6	42.933
128.65	42.9493
128.7	42.9649
128.75	42.9811
128.8	42.9972
128.85	43.0119
128.9	43.027
128.95	43.0422
129	43.0589
129.05	43.0729
129.1	43.0894
129.15	43.1049
129.2	43.1188
129.25	43.1341
129.3	43.1507
129.35	43.1673
129.4	43.1814
129.45	43.1962
129.5	43.2104
129.55	43.2222
129.6	43.2338
129.65	43.2464
129.7	43.2603
129.75	43.2758
129.8	43.2918
129.85	43.3072
129.9	43.3227
129.95	43.3383
130	43.3528
130.05	43.3669
130.1	43.3811
130.15	43.3961
130.2	43.4113
130.25	43.4264
130.3	43.441
130.35	43.4537
130.4	43.4673
130.45	43.4824
130.5	43.4975
130.55	43.5109
130.6	43.5244
130.65	43.539
130.7	43.5533
130.75	43.5683
130.8	43.5833
130.85	43.5986
130.9	43.6137
130.95	43.6264
131	43.6387
131.05	43.6508
131.1	43.6631
131.15	43.6759
131.2	43.6891
131.25	43.704
131.3	43.7191
131.35	43.7317
131.4	43.7442
131.45	43.7547
131.5	43.7676
131.55	43.7813
131.6	43.7957
131.65	43.8106
131.7	43.8261
131.75	43.8432
131.8	43.8597
131.85	43.8768
131.9	43.8954
131.95	43.9138
132	43.9317
132.05	43.9486
132.1	43.9657
132.15	43.9829
132.2	43.9991
132.25	44.0147
132.3	44.0307
132.35	44.0506
132.4	44.0692
132.45	44.0868
132.5	44.1022
132.55	44.118
132.6	44.1338
132.65	44.15
132.7	44.1665
132.75	44.1837
132.8	44.2011
132.85	44.2182
132.9	44.2379
132.95	44.2557
133	44.2726
133.05	44.2889
133.1	44.3023
133.15	44.3163
133.2	44.3291
133.25	44.3432
133.3	44.3578
133.35	44.3739
133.4	44.3902
133.45	44.4058
133.5	44.4218
133.55	44.4375
133.6	44.453
133.65	44.4689
133.7	44.4837
133.75	44.4977
133.8	44.5133
133.85	44.5293
133.9	44.5466
133.95	44.5632
134	44.5783
134.05	44.5963
134.1	44.6128
134.15	44.6291
134.2	44.6464
134.25	44.6634
134.3	44.6801
134.35	44.6967
134.4	44.7133
134.45	44.73
134.5	44.7474
134.55	44.7643
134.6	44.7807
134.65	44.7957
134.7	44.8106
134.75	44.827
134.8	44.8434
134.85	44.8597
134.9	44.8732
134.95	44.8858
135	44.9
135.05	44.9155
135.1	44.9314
135.15	44.9479
135.2	44.9641
135.25	44.9799
135.3	44.9964
135.35	45.0121
135.4	45.0283
135.45	45.0458
135.5	45.0623
135.55	45.0779
135.6	45.0919
135.65	45.1072
135.7	45.1218
135.75	45.1367
135.8	45.1533
135.85	45.1694
135.9	45.186
135.95	45.2015
136	45.2177
136.05	45.232
136.1	45.2456
136.15	45.2573
136.2	45.27
136.25	45.2832
136.3	45.296
136.35	45.309
136.4	45.3219
136.45	45.3355
136.5	45.3495
136.55	45.3629
136.6	45.3774
136.65	45.3924
136.7	45.4084
136.75	45.4266
136.8	45.4448
136.85	45.4614
136.9	45.4768
136.95	45.4926
137	45.5074
137.05	45.5249
137.1	45.5408
137.15	45.5561
137.2	45.5724
137.25	45.5878
137.3	45.6024
137.35	45.6167
137.4	45.63
137.45	45.6449
137.5	45.6594
137.55	45.6741
137.6	45.6892
137.65	45.7027
137.7	45.7177
137.75	45.7325
137.8	45.7495
137.85	45.765
137.9	45.7788
137.95	45.7924
138	45.8071
138.05	45.8239
138.1	45.8402
138.15	45.8572
138.2	45.8749
138.25	45.891
138.3	45.9073
138.35	45.9241
138.4	45.9408
138.45	45.958
138.5	45.9758
138.55	45.992
138.6	46.0083
138.65	46.025
138.7	46.0417
138.75	46.0599
138.8	46.0782
138.85	46.0964
138.9	46.114
138.95	46.1316
139	46.1473
139.05	46.1633
139.1	46.1793
139.15	46.1951
139.2	46.212
139.25	46.2284
139.3	46.247
139.35	46.2666
139.4	46.2857
139.45	46.3046
139.5	46.3228
139.55	46.341
139.6	46.3591
139.65	46.3772
139.7	46.3935
139.75	46.4124
139.8	46.4331
139.85	46.4527
139.9	46.4721
139.95	46.4898
140	46.5073
140.05	46.5238
140.1	46.5424
140.15	46.5595
140.2	46.5762
140.25	46.5928
140.3	46.6087
140.35	46.6246
140.4	46.6443
140.45	46.6631
140.5	46.681
140.55	46.699
140.6	46.7163
140.65	46.7337
140.7	46.7513
140.75	46.7685
140.8	46.7858
140.85	46.8045
140.9	46.8216
140.95	46.8384
141	46.8553
141.05	46.872
141.1	46.889
141.15	46.9044
141.2	46.9181
141.25	46.9327
141.3	46.9474
141.35	46.9624
141.4	46.978
141.45	46.9942
141.5	47.012
141.55	47.0296
141.6	47.0466
141.65	47.0643
141.7	47.0819
141.75	47.1025
141.8	47.1224
141.85	47.143
141.9	47.1632
141.95	47.1816
142	47.1995
142.05	47.2172
142.1	47.2347
142.15	47.252
142.2	47.2681
142.25	47.2845
142.3	47.3011
142.35	47.3175
142.4	47.3322
142.45	47.3461
142.5	47.3613
142.55	47.3766
142.6	47.3932
142.65	47.4089
142.7	47.4233
142.75	47.4369
142.8	47.4541
142.85	47.4708
142.9	47.4859
142.95	47.5029
143	47.5196
143.05	47.5358
143.1	47.5518
143.15	47.5687
143.2	47.5869
143.25	47.6048
143.3	47.6223
143.35	47.6403
143.4	47.6582
143.45	47.6775
143.5	47.6942
143.55	47.7099
143.6	47.7252
143.65	47.7408
143.7	47.7573
143.75	47.7723
143.8	47.7896
143.85	47.8066
143.9	47.8232
143.95	47.839
144	47.8544
144.05	47.8702
144.1	47.8873
144.15	47.9051
144.2	47.9237
144.25	47.94
144.3	47.9561
144.35	47.973
144.4	47.9898
144.45	48.0064
144.5	48.023
144.55	48.0396
144.6	48.056
144.65	48.0724
144.7	48.0907
144.75	48.1102
144.8	48.1289
144.85	48.1454
144.9	48.1622
144.95	48.1813
145	48.2006
145.05	48.218
145.1	48.2353
145.15	48.2509
145.2	48.267
145.25	48.2836
145.3	48.3001
145.35	48.3168
145.4	48.3334
145.45	48.3497
145.5	48.3684
145.55	48.3864
145.6	48.4053
145.65	48.4231
145.7	48.4418
145.75	48.4592
145.8	48.4765
145.85	48.4918
145.9	48.5065
145.95	48.5213
146	48.5367
146.05	48.5533
146.1	48.5695
146.15	48.5845
146.2	48.6005
146.25	48.6166
146.3	48.6336
146.35	48.6492
146.4	48.664
146.45	48.6775
146.5	48.6921
146.55	48.7064
146.6	48.7204
146.65	48.7365
146.7	48.7525
146.75	48.7689
146.8	48.7841
146.85	48.799
146.9	48.8149
146.95	48.8323
147	48.8482
147.05	48.8647
147.1	48.8812
147.15	48.8975
147.2	48.9134
147.25	48.9293
147.3	48.9456
147.35	48.9642
147.4	48.9826
147.45	49.0008
147.5	49.0187
147.55	49.0345
147.6	49.0517
147.65	49.0693
147.7	49.0867
147.75	49.1048
147.8	49.1237
147.85	49.1427
147.9	49.1623
147.95	49.1813
148	49.1986
148.05	49.2174
148.1	49.2353
148.15	49.2536
148.2	49.2716
148.25	49.2895
148.3	49.3075
148.35	49.3252
148.4	49.3429
148.45	49.3608
148.5	49.3783
148.55	49.3952
148.6	49.4145
148.65	49.4335
148.7	49.4514
148.75	49.4697
148.8	49.489
148.85	49.5051
148.9	49.5208
148.95	49.5365
149	49.5523
149.05	49.5683
149.1	49.586
149.15	49.6054
149.2	49.6242
149.25	49.6429
149.3	49.6601
149.35	49.6761
149.4	49.6903
149.45	49.7061
149.5	49.7218
149.55	49.7373
149.6	49.7556
149.65	49.774
149.7	49.7919
149.75	49.8096
149.8	49.8268
149.85	49.8451
149.9	49.8629
149.95	49.8797
150	49.8976
150.05	49.9154
150.1	49.9299
150.15	49.9418
150.2	49.9549
150.25	49.9676
150.3	49.9783
150.35	49.9906
150.4	50.0022
150.45	50.0158
150.5	50.0276
150.55	50.038
150.6	50.0484
150.65	50.0577
150.7	50.0683
150.75	50.0797
150.8	50.0904
150.85	50.1019
150.9	50.1139
150.95	50.1265
151	50.1386
151.05	50.1513
151.1	50.1637
151.15	50.1788
151.2	50.193
151.25	50.2081
151.3	50.2238
151.35	50.2379
151.4	50.2524
151.45	50.2671
151.5	50.2804
151.55	50.2939
151.6	50.3064
151.65	50.3194
151.7	50.3323
151.75	50.3469
151.8	50.3616
151.85	50.3767
151.9	50.3925
151.95	50.4093
152	50.426
152.05	50.4415
152.1	50.4587
152.15	50.4735
152.2	50.4885
152.25	50.5058
152.3	50.5219
152.35	50.5371
152.4	50.5522
152.45	50.5673
152.5	50.5851
152.55	50.6033
152.6	50.6221
152.65	50.6393
152.7	50.6555
152.75	50.6712
152.8	50.6873
152.85	50.7038
152.9	50.7204
152.95	50.7346
153	50.7504
153.05	50.7664
153.1	50.7836
153.15	50.8014
153.2	50.8194
153.25	50.837
153.3	50.8542
153.35	50.8715
153.4	50.8871
153.45	50.9022
153.5	50.9189
153.55	50.934
153.6	50.947
153.65	50.9613
153.7	50.9749
153.75	50.9887
153.8	51.0021
153.85	51.0174
153.9	51.0341
153.95	51.0511
154	51.0679
154.05	51.0855
154.1	51.103
154.15	51.1206
154.2	51.138
154.25	51.1567
154.3	51.1766
154.35	51.1973
154.4	51.2179
154.45	51.2378
154.5	51.2572
154.55	51.2757
154.6	51.2956
154.65	51.3152
154.7	51.3341
154.75	51.3517
154.8	51.3688
154.85	51.3869
154.9	51.4046
154.95	51.4221
155	51.4389
155.05	51.4557
155.1	51.4741
155.15	51.4923
155.2	51.5098
155.25	51.5265
155.3	51.5431
155.35	51.56
155.4	51.5768
155.45	51.5938
155.5	51.6132
155.55	51.6322
155.6	51.6505
155.65	51.6689
155.7	51.6866
155.75	51.704
155.8	51.7215
155.85	51.7386
155.9	51.7562
155.95	51.7745
156	51.7906
156.05	51.8062
156.1	51.8218
156.15	51.8378
156.2	51.8529
156.25	51.868
156.3	51.8834
156.35	51.8997
156.4	51.9153
156.45	51.9316
156.5	51.9482
156.55	51.9655
156.6	51.9845
156.65	52.0027
156.7	52.0207
156.75	52.037
156.8	52.054
156.85	52.0708
156.9	52.0875
156.95	52.1044
157	52.1214
157.05	52.1393
157.1	52.1565
157.15	52.1746
157.2	52.1923
157.25	52.2091
157.3	52.2258
157.35	52.2425
157.4	52.26
157.45	52.2754
157.5	52.291
157.55	52.3061
157.6	52.3229
157.65	52.3387
157.7	52.3548
157.75	52.369
157.8	52.3845
157.85	52.4004
157.9	52.4148
157.95	52.4296
158	52.443
158.05	52.4563
158.1	52.4702
158.15	52.4851
158.2	52.5007
158.25	52.5173
158.3	52.534
158.35	52.5524
158.4	52.5706
158.45	52.5901
158.5	52.6095
158.55	52.6284
158.6	52.6454
158.65	52.6637
158.7	52.6819
158.75	52.7005
158.8	52.7176
158.85	52.7346
158.9	52.752
158.95	52.769
159	52.7862
159.05	52.803
159.1	52.8195
159.15	52.8366
159.2	52.8549
159.25	52.873
159.3	52.8911
159.35	52.9089
159.4	52.9258
159.45	52.942
159.5	52.9585
159.55	52.9744
159.6	52.9897
159.65	53.0053
159.7	53.0206
159.75	53.0362
159.8	53.0526
159.85	53.0691
159.9	53.0851
159.95	53.1
160	53.1133
160.05	53.1269
160.1	53.1414
160.15	53.156
160.2	53.1724
160.25	53.1895
160.3	53.2082
160.35	53.2262
160.4	53.2442
160.45	53.2624
160.5	53.2807
160.55	53.3
160.6	53.3173
160.65	53.3345
160.7	53.3516
160.75	53.3692
160.8	53.3876
160.85	53.4051
160.9	53.4224
160.95	53.4391
161	53.4551
161.05	53.4723
161.1	53.4896
161.15	53.5065
161.2	53.5236
161.25	53.541
161.3	53.559
161.35	53.5771
161.4	53.5944
161.45	53.6122
161.5	53.6299
161.55	53.6465
161.6	53.6637
161.65	53.681
161.7	53.6983
161.75	53.7143
161.8	53.7308
161.85	53.7468
161.9	53.7631
161.95	53.7784
162	53.7946
162.05	53.8131
162.1	53.8312
162.15	53.8488
162.2	53.8666
162.25	53.8842
162.3	53.9024
162.35	53.9204
162.4	53.9372
162.45	53.9539
162.5	53.9694
162.55	53.9869
162.6	54.0036
162.65	54.0204
162.7	54.0387
162.75	54.0562
162.8	54.0735
162.85	54.0908
162.9	54.1085
162.95	54.1257
163	54.1429
163.05	54.1616
163.1	54.1784
163.15	54.1962
163.2	54.2143
163.25	54.2325
163.3	54.2506
163.35	54.2677
163.4	54.2857
163.45	54.304
163.5	54.3236
163.55	54.3402
163.6	54.3579
163.65	54.3756
163.7	54.3931
163.75	54.4098
163.8	54.4257
163.85	54.4428
163.9	54.4613
163.95	54.4794
164	54.4962
164.05	54.5112
164.1	54.5259
164.15	54.5409
164.2	54.5563
164.25	54.5726
164.3	54.5891
164.35	54.6049
164.4	54.622
164.45	54.6399
164.5	54.6577
164.55	54.6768
164.6	54.6932
164.65	54.7104
164.7	54.7268
164.75	54.743
164.8	54.7586
164.85	54.7758
164.9	54.7946
164.95	54.8126
165	54.8298
165.05	54.8482
165.1	54.8669
165.15	54.8848
165.2	54.9044
165.25	54.9244
165.3	54.9404
165.35	54.9557
165.4	54.9708
165.45	54.9864
165.5	55.0025
165.55	55.0181
165.6	55.0339
165.65	55.0503
165.7	55.0668
165.75	55.0836
165.8	55.0995
165.85	55.1157
165.9	55.1311
165.95	55.1456
166	55.1611
166.05	55.1769
166.1	55.1922
166.15	55.2076
166.2	55.2244
166.25	55.2416
166.3	55.2575
166.35	55.2747
166.4	55.2945
166.45	55.3137
166.5	55.3312
166.55	55.3478
166.6	55.3651
166.65	55.3826
166.7	55.3998
166.75	55.417
166.8	55.434
166.85	55.4501
166.9	55.4658
166.95	55.4815
167	55.4982
167.05	55.5147
167.1	55.5323
167.15	55.5482
167.2	55.5651
167.25	55.582
167.3	55.5979
167.35	55.613
167.4	55.6279
167.45	55.6429
167.5	55.6581
167.55	55.6737
167.6	55.6896
167.65	55.703
167.7	55.7175
167.75	55.7331
167.8	55.7526
167.85	55.772
167.9	55.7909
167.95	55.8106
168	55.83
168.05	55.8482
168.1	55.8662
168.15	55.8831
168.2	55.9001
168.25	55.9169
168.3	55.9351
168.35	55.9527
168.4	55.9704
168.45	55.9882
168.5	56.0068
168.55	56.0243
168.6	56.0409
168.65	56.0587
168.7	56.0749
168.75	56.0916
168.8	56.1081
168.85	56.1237
168.9	56.1399
168.95	56.1561
169	56.1727
169.05	56.1891
169.1	56.2045
169.15	56.2201
169.2	56.2366
169.25	56.2533
169.3	56.2692
169.35	56.2852
169.4	56.3032
169.45	56.3204
169.5	56.338
169.55	56.3554
169.6	56.3723
169.65	56.3894
169.7	56.4076
169.75	56.4258
169.8	56.4428
169.85	56.4605
169.9	56.4793
169.95	56.497
170	56.5144
170.05	56.5317
170.1	56.5482
170.15	56.5645
170.2	56.5817
170.25	56.5988
170.3	56.615
170.35	56.631
170.4	56.6466
170.45	56.6635
170.5	56.68
170.55	56.6964
170.6	56.7125
170.65	56.7286
170.7	56.7447
170.75	56.7623
170.8	56.78
170.85	56.7981
170.9	56.8158
170.95	56.8345
171	56.8497
171.05	56.8674
171.1	56.884
171.15	56.9
171.2	56.9178
171.25	56.9351
171.3	56.9527
171.35	56.9693
171.4	56.9869
171.45	57.0042
171.5	57.0222
171.55	57.0403
171.6	57.058
171.65	57.0754
171.7	57.0925
171.75	57.1099
171.8	57.1259
171.85	57.1393
171.9	57.1556
171.95	57.172
172	57.1882
172.05	57.2093
172.1	57.2302
172.15	57.2492
172.2	57.267
172.25	57.2858
172.3	57.3052
172.35	57.3247
172.4	57.3438
172.45	57.3624
172.5	57.3815
172.55	57.3999
172.6	57.417
172.65	57.4348
172.7	57.4508
172.75	57.467
172.8	57.4828
172.85	57.4994
172.9	57.5166
172.95	57.5334
173	57.5523
173.05	57.5727
173.1	57.5924
173.15	57.6117
173.2	57.6298
173.25	57.6483
173.3	57.6659
173.35	57.684
173.4	57.7031
173.45	57.7219
173.5	57.7401
173.55	57.7581
173.6	57.7759
173.65	57.7936
173.7	57.8109
173.75	57.8269
173.8	57.8433
173.85	57.8591
173.9	57.8778
173.95	57.8946
174	57.9122
174.05	57.9298
174.1	57.9446
174.15	57.9591
174.2	57.9739
174.25	57.9881
174.3	58.0033
174.35	58.019
174.4	58.0335
174.45	58.0486
174.5	58.0648
174.55	58.0807
174.6	58.0974
174.65	58.1124
174.7	58.1278
174.75	58.1442
174.8	58.1609
174.85	58.1777
174.9	58.1956
174.95	58.2133
175	58.2324
175.05	58.2538
175.1	58.2716
175.15	58.2893
175.2	58.3071
175.25	58.3251
175.3	58.3427
175.35	58.3618
175.4	58.3848
175.45	58.4062
175.5	58.4275
175.55	58.4489
175.6	58.4729
175.65	58.4971
175.7	58.5203
175.75	58.5439
175.8	58.5663
175.85	58.5867
175.9	58.6065
175.95	58.6256
176	58.6416
176.05	58.6588
176.1	58.6767
176.15	58.6939
176.2	58.7109
176.25	58.7274
176.3	58.7429
176.35	58.7587
176.4	58.7729
176.45	58.7863
176.5	58.7992
176.55	58.8145
176.6	58.8302
176.65	58.8466
176.7	58.866
176.75	58.8846
176.8	58.9024
176.85	58.9203
176.9	58.9364
176.95	58.9523
177	58.9695
177.05	58.9876
177.1	59.0054
177.15	59.0241
177.2	59.041
177.25	59.0572
177.3	59.074
177.35	59.0908
177.4	59.1074
177.45	59.1242
177.5	59.1404
177.55	59.1549
177.6	59.1701
177.65	59.184
177.7	59.1984
177.75	59.2144
177.8	59.2304
177.85	59.2454
177.9	59.2621
177.95	59.279
178	59.2947
178.05	59.3113
178.1	59.328
178.15	59.3447
178.2	59.3604
178.25	59.3751
178.3	59.3892
178.35	59.4035
178.4	59.4167
178.45	59.4307
178.5	59.4451
178.55	59.4586
178.6	59.4728
178.65	59.4872
178.7	59.5023
178.75	59.5193
178.8	59.5372
178.85	59.5544
178.9	59.5713
178.95	59.5889
179	59.6068
179.05	59.6241
179.1	59.6413
179.15	59.6597
179.2	59.6799
179.25	59.6999
179.3	59.7193
179.35	59.7379
179.4	59.7558
179.45	59.7727
179.5	59.7893
179.55	59.8071
179.6	59.8255
179.65	59.841
179.7	59.8573
179.75	59.8714
179.8	59.8858
179.85	59.9016
179.9	59.9184
179.95	59.9353
180	59.9507
180.05	59.9662
180.1	59.9808
180.15	59.9973
180.2	60.0145
180.25	60.0307
180.3	60.047
180.35	60.0661
180.4	60.0862
180.45	60.1062
180.5	60.1255
180.55	60.1469
180.6	60.1681
180.65	60.1886
180.7	60.2084
180.75	60.2266
180.8	60.2453
180.85	60.2628
180.9	60.2789
180.95	60.2947
181	60.3102
181.05	60.3267
181.1	60.3437
181.15	60.3583
181.2	60.3711
181.25	60.3845
181.3	60.3991
181.35	60.4146
181.4	60.4281
181.45	60.4427
181.5	60.4575
181.55	60.473
181.6	60.488
181.65	60.503
181.7	60.5191
181.75	60.5335
181.8	60.5477
181.85	60.562
181.9	60.5755
181.95	60.59
182	60.6028
182.05	60.6179
182.1	60.6334
182.15	60.6496
182.2	60.6657
182.25	60.6833
182.3	60.7007
182.35	60.717
182.4	60.7335
182.45	60.7504
182.5	60.7679
182.55	60.7837
182.6	60.7995
182.65	60.8157
182.7	60.832
182.75	60.8484
182.8	60.8632
182.85	60.8746
182.9	60.8878
182.95	60.8982
183	60.9099
183.05	60.9223
183.1	60.9354
183.15	60.9489
183.2	60.9638
183.25	60.9791
183.3	60.9945
183.35	61.0118
183.4	61.0289
183.45	61.0434
183.5	61.0568
183.55	61.0701
183.6	61.0838
183.65	61.0977
183.7	61.1131
183.75	61.1296
183.8	61.1459
183.85	61.1622
183.9	61.1778
183.95	61.1937
184	61.2116
184.05	61.2318
184.1	61.2527
184.15	61.2727
184.2	61.2922
184.25	61.3111
184.3	61.3307
184.35	61.3497
184.4	61.3687
184.45	61.3882
184.5	61.4072
184.55	61.4258
184.6	61.4434
184.65	61.4606
184.7	61.4778
184.75	61.4962
184.8	61.5134
184.85	61.5307
184.9	61.5476
184.95	61.5639
185	61.5801
185.05	61.5973
185.1	61.616
185.15	61.6343
185.2	61.6536
185.25	61.6756
185.3	61.6961
185.35	61.7153
185.4	61.734
185.45	61.7522
185.5	61.7683
185.55	61.7868
185.6	61.8042
185.65	61.8215
185.7	61.8392
185.75	61.8575
185.8	61.8755
185.85	61.8935
185.9	61.9107
185.95	61.9261
186	61.9387
186.05	61.9534
186.1	61.9683
186.15	61.9845
186.2	61.9999
186.25	62.0163
186.3	62.0334
186.35	62.0505
186.4	62.0719
186.45	62.0932
186.5	62.1137
186.55	62.1349
186.6	62.1557
186.65	62.1759
186.7	62.1956
186.75	62.2151
186.8	62.2324
186.85	62.25
186.9	62.2672
186.95	62.2838
187	62.301
187.05	62.3181
187.1	62.3343
187.15	62.3507
187.2	62.3682
187.25	62.3857
187.3	62.4053
187.35	62.4248
187.4	62.4438
187.45	62.4631
187.5	62.4827
187.55	62.5011
187.6	62.5179
187.65	62.5341
187.7	62.5508
187.75	62.5677
187.8	62.5846
187.85	62.6004
187.9	62.6165
187.95	62.6327
188	62.6492
188.05	62.6658
188.1	62.6844
188.15	62.7027
188.2	62.7224
188.25	62.7427
188.3	62.7635
188.35	62.7852
188.4	62.8074
188.45	62.8286
188.5	62.8511
188.55	62.8719
188.6	62.8933
188.65	62.914
188.7	62.9334
188.75	62.9526
188.8	62.9709
188.85	62.9886
188.9	63.0075
188.95	63.0265
189	63.045
189.05	63.0637
189.1	63.0792
189.15	63.0949
189.2	63.1108
189.25	63.1267
189.3	63.1428
189.35	63.1572
189.4	63.1723
189.45	63.1876
189.5	63.2032
189.55	63.219
189.6	63.2371
189.65	63.2558
189.7	63.2742
189.75	63.2928
189.8	63.3122
189.85	63.331
189.9	63.3494
189.95	63.368
190	63.387
190.05	63.4059
190.1	63.4245
190.15	63.4433
190.2	63.4618
190.25	63.4793
190.3	63.4978
190.35	63.5156
190.4	63.5331
190.45	63.5503
190.5	63.5687
190.55	63.5858
190.6	63.603
190.65	63.6193
190.7	63.6358
190.75	63.6525
190.8	63.6689
190.85	63.6852
190.9	63.7016
190.95	63.7189
191	63.7361
191.05	63.7526
191.1	63.7695
191.15	63.7852
191.2	63.8008
191.25	63.816
191.3	63.8314
191.35	63.847
191.4	63.8622
191.45	63.8777
191.5	63.8935
191.55	63.9088
191.6	63.9263
191.65	63.9449
191.7	63.9634
191.75	63.9819
191.8	64.0002
191.85	64.0182
191.9	64.036
191.95	64.0541
192	64.075
192.05	64.0957
192.1	64.1159
192.15	64.1351
192.2	64.155
192.25	64.1739
192.3	64.1923
192.35	64.2081
192.4	64.2244
192.45	64.2396
192.5	64.255
192.55	64.2684
192.6	64.2821
192.65	64.2954
192.7	64.3096
192.75	64.3247
192.8	64.3422
192.85	64.3599
192.9	64.3764
192.95	64.3945
193	64.4123
193.05	64.4283
193.1	64.4462
193.15	64.4655
193.2	64.4843
193.25	64.5027
193.3	64.5202
193.35	64.5375
193.4	64.5548
193.45	64.571
193.5	64.5869
193.55	64.603
193.6	64.6188
193.65	64.6348
193.7	64.6511
193.75	64.6687
193.8	64.6881
193.85	64.7085
193.9	64.7283
193.95	64.7479
194	64.765
194.05	64.782
194.1	64.7983
194.15	64.8147
194.2	64.8305
194.25	64.8463
194.3	64.8651
194.35	64.8834
194.4	64.9024
194.45	64.921
194.5	64.9395
194.55	64.9577
194.6	64.9751
194.65	64.9929
194.7	65.0114
194.75	65.03
194.8	65.0484
194.85	65.0682
194.9	65.0875
194.95	65.1066
195	65.1251
195.05	65.1433
195.1	65.1614
195.15	65.1783
195.2	65.1962
195.25	65.2139
195.3	65.2317
195.35	65.2486
195.4	65.2659
195.45	65.2825
195.5	65.3008
195.55	65.3189
195.6	65.3383
195.65	65.3574
195.7	65.3763
195.75	65.3936
195.8	65.4114
195.85	65.4278
195.9	65.4436
195.95	65.4585
196	65.4734
196.05	65.4898
196.1	65.506
196.15	65.5225
196.2	65.5396
196.25	65.5577
196.3	65.575
196.35	65.5923
196.4	65.6095
196.45	65.6282
196.5	65.6452
196.55	65.6621
196.6	65.6787
196.65	65.6951
196.7	65.7107
196.75	65.7258
196.8	65.7413
196.85	65.7567
196.9	65.7727
196.95	65.7897
197	65.8072
197.05	65.8259
197.1	65.8444
197.15	65.8627
197.2	65.8795
197.25	65.896
197.3	65.9126
197.35	65.9292
197.4	65.9461
197.45	65.9632
197.5	65.9794
197.55	65.9967
197.6	66.0139
197.65	66.0324
197.7	66.05
197.75	66.0675
197.8	66.0843
197.85	66.1011
197.9	66.1176
197.95	66.1367
198	66.156
198.05	66.1749
198.1	66.1946
198.15	66.2138
198.2	66.2313
198.25	66.2487
198.3	66.2684
198.35	66.2862
198.4	66.3039
198.45	66.3215
198.5	66.3387
198.55	66.3558
198.6	66.3724
198.65	66.3883
198.7	66.4029
198.75	66.4184
198.8	66.4339
198.85	66.4496
198.9	66.4653
198.95	66.4815
199	66.4975
199.05	66.5141
199.1	66.531
199.15	66.5489
199.2	66.567
199.25	66.5847
199.3	66.6029
199.35	66.6197
199.4	66.6356
199.45	66.6522
199.5	66.6676
199.55	66.6835
199.6	66.7002
199.65	66.7171
199.7	66.735
199.75	66.7513
199.8	66.7684
199.85	66.7855
199.9	66.8018
199.95	66.8183
200	66.8331
200.05	66.8485
200.1	66.8657
200.15	66.8838
200.2	66.9015
200.25	66.9191
200.3	66.9362
200.35	66.9532
200.4	66.9708
200.45	66.9883
200.5	67.0059
200.55	67.0222
200.6	67.0375
200.65	67.0533
200.7	67.07
200.75	67.087
200.8	67.1034
200.85	67.1211
200.9	67.1387
200.95	67.1545
201	67.1705
201.05	67.1855
201.1	67.2008
201.15	67.2165
201.2	67.2324
201.25	67.2482
201.3	67.2628
201.35	67.2772
201.4	67.2927
201.45	67.3082
201.5	67.3251
201.55	67.3407
201.6	67.3564
201.65	67.3717
201.7	67.3875
201.75	67.4035
201.8	67.4191
201.85	67.434
201.9	67.4497
201.95	67.4671
202	67.4827
202.05	67.4988
202.1	67.5151
202.15	67.529
202.2	67.5436
202.25	67.5572
202.3	67.5696
202.35	67.5826
202.4	67.5967
202.45	67.6136
202.5	67.6313
202.55	67.6494
202.6	67.6673
202.65	67.6849
202.7	67.703
202.75	67.7244
202.8	67.7451
202.85	67.765
202.9	67.7822
202.95	67.7974
203	67.8135
203.05	67.83
203.1	67.8464
203.15	67.8624
203.2	67.8784
203.25	67.8936
203.3	67.9079
203.35	67.9231
203.4	67.9387
203.45	67.9544
203.5	67.9689
203.55	67.9856
203.6	68.0023
203.65	68.0181
203.7	68.0343
203.75	68.0504
203.8	68.0678
203.85	68.0835
203.9	68.0984
203.95	68.1117
204	68.1268
204.05	68.1422
204.1	68.1581
204.15	68.1722
204.2	68.1875
204.25	68.2029
204.3	68.2183
204.35	68.2321
204.4	68.2466
204.45	68.2591
204.5	68.2721
204.55	68.2855
204.6	68.2994
204.65	68.3138
204.7	68.3289
204.75	68.3443
204.8	68.3572
204.85	68.3706
204.9	68.3838
204.95	68.3968
205	68.4083
205.05	68.4231
205.1	68.4402
205.15	68.4571
205.2	68.4775
205.25	68.4969
205.3	68.515
205.35	68.5328
205.4	68.5487
205.45	68.5648
205.5	68.5803
205.55	68.5962
205.6	68.6132
205.65	68.6304
205.7	68.6472
205.75	68.6624
205.8	68.678
205.85	68.6935
205.9	68.7081
205.95	68.7222
206	68.7367
206.05	68.7523
206.1	68.7682
206.15	68.7843
206.2	68.8001
206.25	68.8165
206.3	68.8363
206.35	68.8552
206.4	68.8754
206.45	68.8954
206.5	68.9164
206.55	68.937
206.6	68.9566
206.65	68.9757
206.7	68.9933
206.75	69.0107
206.8	69.0277
206.85	69.0467
206.9	69.0645
206.95	69.0804
207	69.0972
207.05	69.1153
207.1	69.1327
207.15	69.1486
207.2	69.1615
207.25	69.1755
207.3	69.19
207.35	69.2045
207.4	69.2179
207.45	69.2326
207.5	69.2477
207.55	69.2634
207.6	69.2809
207.65	69.298
207.7	69.315
207.75	69.3323
207.8	69.3494
207.85	69.3665
207.9	69.3821
207.95	69.3978
208	69.414
208.05	69.4302
208.1	69.4453
208.15	69.4621
208.2	69.4789
208.25	69.4958
208.3	69.5125
208.35	69.5291
208.4	69.5456
208.45	69.5638
208.5	69.5812
208.55	69.5979
208.6	69.6141
208.65	69.6294
208.7	69.6451
208.75	69.6598
208.8	69.6739
208.85	69.6915
208.9	69.7092
208.95	69.7263
209	69.7448
209.05	69.7631
209.1	69.7801
209.15	69.7973
209.2	69.8133
209.25	69.8286
209.3	69.8446
209.35	69.8612
209.4	69.8794
209.45	69.8964
209.5	69.9154
209.55	69.9341
209.6	69.9522
209.65	69.9704
209.7	69.9884
209.75	70.007
209.8	70.0248
209.85	70.0419
209.9	70.0592
209.95	70.0772
210	70.0949
210.05	70.1126
210.1	70.1301
210.15	70.1476
210.2	70.1647
210.25	70.1811
210.3	70.1971
210.35	70.2123
210.4	70.2278
210.45	70.2429
210.5	70.2587
210.55	70.2736
210.6	70.288
210.65	70.3031
210.7	70.3176
210.75	70.3324
210.8	70.3472
210.85	70.3627
210.9	70.3764
210.95	70.3894
211	70.4031
211.05	70.4186
211.1	70.4341
211.15	70.4491
211.2	70.4644
211.25	70.4797
211.3	70.4952
211.35	70.5103
211.4	70.5256
211.45	70.5405
211.5	70.5576
211.55	70.5741
211.6	70.5898
211.65	70.6053
211.7	70.6221
211.75	70.6389
211.8	70.6558
211.85	70.6727
211.9	70.6902
211.95	70.7073
212	70.7218
212.05	70.7367
212.1	70.7531
212.15	70.7704
212.2	70.7904
212.25	70.8099
212.3	70.8315
212.35	70.8529
212.4	70.8755
212.45	70.8978
212.5	70.919
212.55	70.942
212.6	70.964
212.65	70.985
212.7	71.0023
212.75	71.0199
212.8	71.0368
212.85	71.0537
212.9	71.0697
212.95	71.0869
213	71.1039
213.05	71.1201
213.1	71.1356
213.15	71.1513
213.2	71.1675
213.25	71.1822
213.3	71.1973
213.35	71.2125
213.4	71.2307
213.45	71.2478
213.5	71.2659
213.55	71.2838
213.6	71.3011
213.65	71.3191
213.7	71.3371
213.75	71.3518
213.8	71.3656
213.85	71.3807
213.9	71.3958
213.95	71.4121
214	71.4282
214.05	71.4435
214.1	71.4578
214.15	71.4711
214.2	71.4852
214.25	71.5002
214.3	71.5164
214.35	71.5329
214.4	71.5491
214.45	71.5654
214.5	71.5823
214.55	71.6004
214.6	71.6194
214.65	71.6375
214.7	71.6525
214.75	71.6672
214.8	71.6821
214.85	71.6972
214.9	71.7108
214.95	71.7256
215	71.7409
215.05	71.7572
215.1	71.7725
215.15	71.7872
215.2	71.8002
215.25	71.8152
215.3	71.83
215.35	71.8454
215.4	71.8618
215.45	71.8803
215.5	71.8971
215.55	71.9138
215.6	71.9311
215.65	71.949
215.7	71.9667
215.75	71.984
215.8	72.0007
215.85	72.0173
215.9	72.0342
215.95	72.0508
216	72.0676
216.05	72.0844
216.1	72.1016
216.15	72.1191
216.2	72.1361
216.25	72.152
216.3	72.1678
216.35	72.1832
216.4	72.1991
216.45	72.217
216.5	72.2336
216.55	72.2494
216.6	72.2654
216.65	72.2814
216.7	72.2972
216.75	72.3134
216.8	72.3284
216.85	72.3416
216.9	72.3546
216.95	72.3689
217	72.3846
217.05	72.4005
217.1	72.4132
217.15	72.4267
217.2	72.4404
217.25	72.4545
217.3	72.467
217.35	72.4781
217.4	72.4938
217.45	72.5081
217.5	72.5231
217.55	72.5402
217.6	72.5584
217.65	72.5756
217.7	72.5927
217.75	72.6102
217.8	72.6274
217.85	72.6472
217.9	72.668
217.95	72.6862
218	72.7029
218.05	72.7208
218.1	72.7385
218.15	72.7553
218.2	72.7708
218.25	72.7868
218.3	72.8015
218.35	72.8165
218.4	72.8312
218.45	72.8473
218.5	72.8633
218.55	72.8792
218.6	72.8968
218.65	72.9133
218.7	72.9294
218.75	72.9447
218.8	72.9603
218.85	72.9766
218.9	72.9933
218.95	73.0069
219	73.0224
219.05	73.0382
219.1	73.054
219.15	73.069
219.2	73.083
219.25	73.0961
219.3	73.1098
219.35	73.1213
219.4	73.1335
219.45	73.1487
219.5	73.1656
219.55	73.1823
219.6	73.1986
219.65	73.2162
219.7	73.2288
219.75	73.2434
219.8	73.2583
219.85	73.274
219.9	73.2897
219.95	73.3055
220	73.3204
220.05	73.3335
220.1	73.3474
220.15	73.3625
220.2	73.3778
220.25	73.3934
220.3	73.4099
220.35	73.4268
220.4	73.4434
220.45	73.4601
220.5	73.4764
220.55	73.4929
220.6	73.511
220.65	73.5309
220.7	73.5504
220.75	73.5688
220.8	73.5874
220.85	73.6058
220.9	73.6238
220.95	73.6417
221	73.6585
221.05	73.6752
221.1	73.6919
221.15	73.7094
221.2	73.7267
221.25	73.7453
221.3	73.7635
221.35	73.7817
221.4	73.7989
221.45	73.8162
221.5	73.8341
221.55	73.8551
221.6	73.8749
221.65	73.8942
221.7	73.9129
221.75	73.9314
221.8	73.9491
221.85	73.9664
221.9	73.9856
221.95	74.0028
222	74.0202
222.05	74.0361
222.1	74.052
222.15	74.0678
222.2	74.0841
222.25	74.1004
222.3	74.1174
222.35	74.1332
222.4	74.1476
222.45	74.1644
222.5	74.1809
222.55	74.195
222.6	74.2088
222.65	74.2229
222.7	74.2375
222.75	74.2519
222.8	74.2679
222.85	74.284
222.9	74.3003
222.95	74.3169
223	74.3351
223.05	74.353
223.1	74.3708
223.15	74.387
223.2	74.4052
223.25	74.4222
223.3	74.4383
223.35	74.4544
223.4	74.4708
223.45	74.488
223.5	74.5013
223.55	74.5136
223.6	74.5262
223.65	74.5367
223.7	74.5503
223.75	74.5623
223.8	74.5754
223.85	74.5881
223.9	74.6018
223.95	74.6167
224	74.6317
224.05	74.6455
224.1	74.6602
224.15	74.6752
224.2	74.6905
224.25	74.7059
224.3	74.7195
224.35	74.7329
224.4	74.7463
224.45	74.762
224.5	74.7777
224.55	74.7913
224.6	74.804
224.65	74.817
224.7	74.8309
224.75	74.8456
224.8	74.8624
224.85	74.8801
224.9	74.8987
224.95	74.919
225	74.9371
225.05	74.9551
225.1	74.9726
225.15	74.9887
225.2	75.0063
225.25	75.0233
225.3	75.0394
225.35	75.0555
225.4	75.0729
225.45	75.0905
225.5	75.108
225.55	75.1255
225.6	75.1423
225.65	75.1589
225.7	75.1778
225.75	75.1941
225.8	75.2089
225.85	75.2243
225.9	75.2403
225.95	75.2577
226	75.2741
226.05	75.2906
226.1	75.3078
226.15	75.3265
226.2	75.348
226.25	75.369
226.3	75.3895
226.35	75.4094
226.4	75.4286
226.45	75.4455
226.5	75.4649
226.55	75.483
226.6	75.5006
226.65	75.518
226.7	75.5353
226.75	75.5524
226.8	75.57
226.85	75.5874
226.9	75.6051
226.95	75.6229
227	75.64
227.05	75.6576
227.1	75.6753
227.15	75.6923
227.2	75.7104
227.25	75.7278
227.3	75.7463
227.35	75.7661
227.4	75.7867
227.45	75.8087
227.5	75.8289
227.55	75.8466
227.6	75.8613
227.65	75.8773
227.7	75.8934
227.75	75.9098
227.8	75.9262
227.85	75.9416
227.9	75.957
227.95	75.9733
228	75.9887
228.05	76.0051
228.1	76.0213
228.15	76.0376
228.2	76.0552
228.25	76.073
228.3	76.0906
228.35	76.1079
228.4	76.1258
228.45	76.1427
228.5	76.159
228.55	76.1751
228.6	76.1921
228.65	76.2102
228.7	76.2286
228.75	76.2468
228.8	76.2643
228.85	76.2777
228.9	76.2916
228.95	76.3063
229	76.3227
229.05	76.3393
229.1	76.3563
229.15	76.3731
229.2	76.3909
229.25	76.4083
229.3	76.4246
229.35	76.4408
229.4	76.4582
229.45	76.4751
229.5	76.4896
229.55	76.5055
229.6	76.5216
229.65	76.5378
229.7	76.5544
229.75	76.5696
229.8	76.5878
229.85	76.606
229.9	76.6257
229.95	76.6448
230	76.6636
230.05	76.6803
230.1	76.6971
230.15	76.7128
230.2	76.7286
230.25	76.746
230.3	76.7645
230.35	76.7833
230.4	76.8017
230.45	76.8193
230.5	76.8383
230.55	76.8569
230.6	76.8752
230.65	76.8912
230.7	76.9084
230.75	76.9251
230.8	76.9421
230.85	76.959
230.9	76.974
230.95	76.9894
231	77.0046
231.05	77.0194
231.1	77.0338
231.15	77.0491
231.2	77.0642
231.25	77.0795
231.3	77.0952
231.35	77.1117
231.4	77.1284
231.45	77.1469
231.5	77.1663
231.55	77.1849
231.6	77.2051
231.65	77.2249
231.7	77.2443
231.75	77.2619
231.8	77.2792
231.85	77.2964
231.9	77.3147
231.95	77.3324
232	77.3488
232.05	77.3657
232.1	77.3831
232.15	77.3995
232.2	77.4163
232.25	77.4329
232.3	77.4506
232.35	77.4665
232.4	77.4826
232.45	77.4978
232.5	77.5139
232.55	77.5303
232.6	77.5464
232.65	77.5629
232.7	77.5798
232.75	77.5974
232.8	77.6141
232.85	77.6311
232.9	77.6479
232.95	77.6648
233	77.6817
233.05	77.6984
233.1	77.7154
233.15	77.7324
233.2	77.7514
233.25	77.7698
233.3	77.7864
233.35	77.8047
233.4	77.8228
233.45	77.8415
233.5	77.8576
233.55	77.8715
233.6	77.8876
233.65	77.9036
233.7	77.9204
233.75	77.9372
233.8	77.9525
233.85	77.9675
233.9	77.9814
233.95	77.9963
234	78.0121
234.05	78.0275
234.1	78.0428
234.15	78.0573
234.2	78.0721
234.25	78.0874
234.3	78.1043
234.35	78.1205
234.4	78.1355
234.45	78.151
234.5	78.1665
234.55	78.1804
234.6	78.196
234.65	78.2119
234.7	78.23
234.75	78.2466
234.8	78.2631
234.85	78.2797
234.9	78.2961
234.95	78.3136
235	78.3321
235.05	78.352
235.1	78.3719
235.15	78.3909
235.2	78.409
235.25	78.4269
235.3	78.4442
235.35	78.4614
235.4	78.477
235.45	78.4931
235.5	78.5089
235.55	78.5252
235.6	78.5403
235.65	78.5576
235.7	78.5741
235.75	78.5902
235.8	78.6059
235.85	78.6223
235.9	78.6383
235.95	78.6533
236	78.6671
236.05	78.6801
236.1	78.6938
236.15	78.7073
236.2	78.7235
236.25	78.7395
236.3	78.7566
236.35	78.7721
236.4	78.7887
236.45	78.8058
236.5	78.8236
236.55	78.8409
236.6	78.8579
236.65	78.8751
236.7	78.8928
236.75	78.9102
236.8	78.9277
236.85	78.9417
236.9	78.9558
236.95	78.9706
237	78.9862
237.05	79.002
237.1	79.017
237.15	79.0325
237.2	79.0488
237.25	79.0636
237.3	79.0801
237.35	79.0966
237.4	79.1137
237.45	79.1332
237.5	79.1533
237.55	79.173
237.6	79.1925
237.65	79.212
237.7	79.2313
237.75	79.2496
237.8	79.2687
237.85	79.2878
237.9	79.3078
237.95	79.3299
238	79.3517
238.05	79.3723
238.1	79.3925
238.15	79.4142
238.2	79.4352
238.25	79.4559
238.3	79.4752
238.35	79.4945
238.4	79.514
238.45	79.532
238.5	79.5489
238.55	79.5661
238.6	79.5839
238.65	79.599
238.7	79.6156
238.75	79.6312
238.8	79.6455
238.85	79.6602
238.9	79.6765
238.95	79.6938
239	79.7118
239.05	79.7298
239.1	79.748
239.15	79.7674
239.2	79.7869
239.25	79.8038
239.3	79.8211
239.35	79.8382
239.4	79.8554
239.45	79.8707
239.5	79.8859
239.55	79.9012
239.6	79.918
239.65	79.9356
239.7	79.9514
239.75	79.9684
239.8	79.9853
239.85	80.0035
239.9	80.0218
239.95	80.0389
240	80.0579
240.05	80.0774
240.1	80.0963
240.15	80.113
240.2	80.1301
240.25	80.148
240.3	80.1659
240.35	80.1834
240.4	80.2009
240.45	80.2186
240.5	80.2357
240.55	80.2528
240.6	80.2688
240.65	80.2841
240.7	80.3002
240.75	80.3148
240.8	80.3296
240.85	80.3448
240.9	80.3606
240.95	80.3775
241	80.3943
241.05	80.4112
241.1	80.4279
241.15	80.4463
241.2	80.4635
241.25	80.4813
241.3	80.4991
241.35	80.5164
241.4	80.5322
241.45	80.5464
241.5	80.5609
241.55	80.5764
241.6	80.5933
241.65	80.6094
241.7	80.6257
241.75	80.642
241.8	80.6599
241.85	80.6802
241.9	80.7013
241.95	80.7232
242	80.7438
242.05	80.7637
242.1	80.7821
242.15	80.8007
242.2	80.8189
242.25	80.8379
242.3	80.8578
242.35	80.8767
242.4	80.8951
242.45	80.9131
242.5	80.9305
242.55	80.947
242.6	80.9631
242.65	80.9792
242.7	80.9959
242.75	81.013
242.8	81.03
242.85	81.0461
242.9	81.062
242.95	81.0784
243	81.0936
243.05	81.1106
243.1	81.1277
243.15	81.1438
243.2	81.1607
243.25	81.1775
243.3	81.1941
243.35	81.2098
243.4	81.2255
243.45	81.2415
243.5	81.2577
243.55	81.2736
243.6	81.2886
243.65	81.3038
243.7	81.3189
243.75	81.3342
243.8	81.3505
243.85	81.3687
243.9	81.3867
243.95	81.4046
244	81.4223
244.05	81.4391
244.1	81.458
244.15	81.4753
244.2	81.494
244.25	81.5113
244.3	81.5289
244.35	81.5463
244.4	81.5625
244.45	81.5787
244.5	81.5961
244.55	81.6138
244.6	81.6313
244.65	81.6489
244.7	81.6658
244.75	81.6821
244.8	81.6992
244.85	81.7156
244.9	81.7325
244.95	81.7493
245	81.7667
245.05	81.784
245.1	81.8
245.15	81.8164
245.2	81.8323
245.25	81.8495
245.3	81.8646
245.35	81.88
245.4	81.8964
245.45	81.9117
245.5	81.9279
245.55	81.9435
245.6	81.9593
245.65	81.9751
245.7	81.992
245.75	82.0092
245.8	82.0263
245.85	82.0441
245.9	82.0633
245.95	82.0823
246	82.1009
246.05	82.1192
246.1	82.1367
246.15	82.1535
246.2	82.1705
246.25	82.1888
246.3	82.2071
246.35	82.2247
246.4	82.2435
246.45	82.26
246.5	82.2809
246.55	82.3011
246.6	82.3218
246.65	82.3409
246.7	82.3597
246.75	82.3795
246.8	82.3999
246.85	82.4207
246.9	82.4412
246.95	82.4597
247	82.478
247.05	82.4942
247.1	82.5114
247.15	82.5294
247.2	82.5479
247.25	82.5659
247.3	82.5826
247.35	82.5995
247.4	82.615
247.45	82.6278
247.5	82.6406
247.55	82.6536
247.6	82.6673
247.65	82.6807
247.7	82.6944
247.75	82.7089
247.8	82.723
247.85	82.7382
247.9	82.7537
247.95	82.7705
248	82.7876
248.05	82.8049
248.1	82.822
248.15	82.8385
248.2	82.8588
248.25	82.8787
248.3	82.8981
248.35	82.9164
248.4	82.9346
248.45	82.9513
248.5	82.9676
248.55	82.9834
248.6	82.9995
248.65	83.0155
248.7	83.0339
248.75	83.0498
248.8	83.0664
248.85	83.0823
248.9	83.0967
248.95	83.1113
249	83.1271
249.05	83.1421
249.1	83.157
249.15	83.172
249.2	83.1877
249.25	83.2033
249.3	83.218
249.35	83.2331
249.4	83.2475
249.45	83.262
249.5	83.2773
249.55	83.2927
249.6	83.3097
249.65	83.3263
249.7	83.3426
249.75	83.3585
249.8	83.3745
249.85	83.3903
249.9	83.4074
249.95	83.4245
250	83.4404
