###  Units are X_hat = 1.73cm.
-5	0
-4.99468	0.00531096
-4.98909	0.0108459
-4.98331	0.0163634
-4.97845	0.0219802
-4.97297	0.0278537
-4.96728	0.0339639
-4.96083	0.0400704
-4.95399	0.0460695
-4.94829	0.052007
-4.94229	0.0582067
-4.9366	0.0647109
-4.93068	0.0716767
-4.92492	0.0797257
-4.91929	0.0879681
-4.91354	0.0960548
-4.90804	0.103667
-4.90283	0.11123
-4.89606	0.119524
-4.88993	0.128103
-4.88417	0.136383
-4.87848	0.14512
-4.87269	0.152448
-4.86662	0.159988
-4.86136	0.167778
-4.85472	0.175967
-4.84821	0.183822
-4.8424	0.191293
-4.83726	0.19764
-4.83176	0.204569
-4.82617	0.211007
-4.82051	0.217658
-4.81502	0.225354
-4.80945	0.233024
-4.80241	0.241284
-4.79595	0.249369
-4.78954	0.257305
-4.78396	0.264883
-4.77843	0.272471
-4.77264	0.279646
-4.76674	0.286895
-4.76125	0.295215
-4.75575	0.302047
-4.74965	0.308677
-4.74226	0.314421
-4.73423	0.320046
-4.72586	0.325957
-4.71783	0.331117
-4.70969	0.335955
-4.70162	0.340664
-4.69492	0.345444
-4.68774	0.351244
-4.68164	0.355785
-4.67529	0.360219
-4.66827	0.366325
-4.66132	0.372227
-4.65414	0.379023
-4.64713	0.385805
-4.64049	0.39233
-4.63455	0.399385
-4.6281	0.407399
-4.62067	0.414972
-4.61342	0.420969
-4.60609	0.426995
-4.59919	0.433443
-4.59283	0.439931
-4.58571	0.445918
-4.5785	0.452289
-4.57136	0.45794
-4.56444	0.462505
-4.55733	0.466865
-4.55025	0.472114
-4.54289	0.47725
-4.53558	0.482819
-4.52804	0.48755
-4.51941	0.492494
-4.51113	0.497047
-4.50293	0.500245
-4.49538	0.503454
-4.48768	0.507516
-4.48007	0.51143
-4.47236	0.515369
-4.46479	0.519132
-4.45737	0.523039
-4.45033	0.526342
-4.44353	0.530338
-4.43644	0.534398
-4.42773	0.538703
-4.41939	0.541932
-4.41167	0.546116
-4.40422	0.550849
-4.39641	0.555883
-4.38821	0.561619
-4.37926	0.569019
-4.37033	0.576084
-4.36161	0.581996
-4.3522	0.586746
-4.34297	0.591592
-4.33417	0.595991
-4.32489	0.600897
-4.31651	0.605738
-4.30822	0.610373
-4.29965	0.614765
-4.29079	0.618331
-4.28175	0.621875
-4.27263	0.624689
-4.26336	0.62759
-4.25393	0.630792
-4.24438	0.634256
-4.23505	0.636987
-4.22453	0.640145
-4.21359	0.642459
-4.20193	0.644782
-4.19052	0.64707
-4.17959	0.649654
-4.16921	0.652264
-4.15906	0.653979
-4.14832	0.655118
-4.13809	0.656281
-4.12819	0.657847
-4.11757	0.659259
-4.1077	0.66149
-4.0989	0.664133
-4.09048	0.66713
-4.08139	0.669943
-4.07064	0.672931
-4.05983	0.675614
-4.04929	0.678156
-4.03844	0.679598
-4.02798	0.681634
-4.01755	0.68441
-4.00721	0.687295
-3.99659	0.689901
-3.98638	0.692469
-3.97626	0.695932
-3.96638	0.699391
-3.95664	0.70244
-3.94637	0.704311
-3.93637	0.706223
-3.92708	0.708528
-3.91785	0.711024
-3.90971	0.714189
-3.90208	0.717486
-3.89393	0.719902
-3.88558	0.722244
-3.87734	0.724905
-3.8683	0.726379
-3.86032	0.727677
-3.85194	0.729258
-3.8423	0.730127
-3.83263	0.731051
-3.823	0.731912
-3.81289	0.733319
-3.80395	0.733145
-3.79484	0.733538
-3.78553	0.733871
-3.77639	0.73398
-3.76874	0.733816
-3.76081	0.733666
-3.75255	0.73435
-3.74414	0.734955
-3.73551	0.735557
-3.72847	0.737858
-3.72164	0.74014
-3.71441	0.742617
-3.70733	0.745063
-3.69963	0.746755
-3.69287	0.748366
-3.68519	0.750525
-3.67756	0.754116
-3.66982	0.757755
-3.66042	0.761188
-3.65108	0.764455
-3.6418	0.767846
-3.63303	0.771103
-3.62396	0.774691
-3.61594	0.778605
-3.60845	0.78294
-3.60188	0.787084
-3.59526	0.791122
-3.588	0.794773
-3.58076	0.80037
-3.57288	0.805214
-3.56465	0.810175
-3.55528	0.814013
-3.5456	0.817449
-3.53598	0.820749
-3.52641	0.824806
-3.51762	0.82874
-3.50839	0.83259
-3.49923	0.836734
-3.48986	0.840887
-3.48068	0.844946
-3.47155	0.848827
-3.46236	0.85178
-3.4533	0.855586
-3.44347	0.859124
-3.4334	0.863003
-3.42343	0.866438
-3.41374	0.869635
-3.40358	0.873205
-3.39523	0.876315
-3.38659	0.879189
-3.3784	0.881555
-3.37047	0.884404
-3.36236	0.887275
-3.3546	0.890293
-3.3473	0.892811
-3.33975	0.895411
-3.33174	0.898558
-3.32368	0.902374
-3.31552	0.905981
-3.3069	0.909193
-3.29785	0.912613
-3.28881	0.916023
-3.27981	0.919185
-3.27047	0.923336
-3.26133	0.927264
-3.25206	0.931289
-3.24341	0.936391
-3.23436	0.940509
-3.22513	0.944598
-3.21612	0.948869
-3.20713	0.952675
-3.19758	0.955068
-3.18817	0.957344
-3.17898	0.959688
-3.16984	0.961915
-3.15988	0.965432
-3.15093	0.969601
-3.14309	0.97371
-3.13513	0.977982
-3.12717	0.982259
-3.11842	0.986621
-3.11003	0.990628
-3.10004	0.995731
-3.09174	1.00205
-3.08371	1.00819
-3.07592	1.01465
-3.06817	1.02162
-3.06088	1.0288
-3.05288	1.03528
-3.044	1.04253
-3.03558	1.04899
-3.02723	1.05439
-3.0189	1.0598
-3.01025	1.06534
-3.00145	1.07092
-2.99274	1.07641
-2.98242	1.08292
-2.97287	1.08918
-2.96369	1.09521
-2.95561	1.10034
-2.94755	1.10549
-2.93896	1.11097
-2.93076	1.11715
-2.92345	1.12371
-2.91787	1.12976
-2.91153	1.13407
-2.9043	1.1386
-2.89683	1.14313
-2.88951	1.14768
-2.88164	1.15222
-2.87264	1.15749
-2.86368	1.16214
-2.8552	1.16459
-2.84527	1.16676
-2.83512	1.16948
-2.82468	1.17083
-2.81467	1.1705
-2.80467	1.17018
-2.7949	1.17038
-2.78518	1.171
-2.77612	1.1722
-2.767	1.1734
-2.75781	1.17412
-2.74813	1.17488
-2.73839	1.17721
-2.72839	1.18001
-2.72024	1.18392
-2.71222	1.18831
-2.70266	1.19306
-2.69362	1.19773
-2.6843	1.20264
-2.67441	1.20657
-2.66698	1.20938
-2.65961	1.21205
-2.65228	1.21456
-2.64401	1.2166
-2.63551	1.21894
-2.62686	1.2216
-2.61782	1.22402
-2.60855	1.22421
-2.59915	1.22428
-2.59057	1.22374
-2.58165	1.22306
-2.57216	1.22247
-2.56277	1.22169
-2.5536	1.22048
-2.54507	1.2196
-2.53526	1.21912
-2.52474	1.21887
-2.51402	1.21879
-2.50318	1.21873
-2.49134	1.21905
-2.48089	1.21854
-2.47075	1.21835
-2.46044	1.2186
-2.45052	1.21786
-2.44075	1.21786
-2.4305	1.2183
-2.42058	1.21878
-2.4104	1.21936
-2.39989	1.21964
-2.38931	1.2188
-2.37949	1.21794
-2.36966	1.21666
-2.35978	1.21529
-2.34986	1.21392
-2.34008	1.21243
-2.32922	1.21036
-2.31708	1.2098
-2.30585	1.2091
-2.29512	1.20931
-2.2847	1.20944
-2.27516	1.20972
-2.26582	1.21021
-2.25693	1.21048
-2.2481	1.21139
-2.23907	1.21235
-2.22934	1.21301
-2.21941	1.21426
-2.2093	1.21516
-2.19906	1.21585
-2.1885	1.21623
-2.17858	1.21646
-2.16871	1.21673
-2.15881	1.21703
-2.14893	1.21709
-2.14003	1.21713
-2.13152	1.21714
-2.1231	1.21751
-2.11433	1.21883
-2.10573	1.22033
-2.09632	1.22189
-2.08706	1.22355
-2.07753	1.22473
-2.06874	1.22559
-2.06102	1.22654
-2.05275	1.22845
-2.0443	1.23019
-2.03574	1.23198
-2.02666	1.23334
-2.01694	1.23577
-2.00721	1.23809
-1.99636	1.24004
-1.98528	1.2419
-1.97442	1.24398
-1.96313	1.24663
-1.95085	1.24859
-1.93843	1.25039
-1.92694	1.25186
-1.91572	1.25304
-1.90502	1.25454
-1.8949	1.25648
-1.88567	1.25883
-1.87648	1.26114
-1.86751	1.2645
-1.85797	1.26811
-1.84871	1.27234
-1.83912	1.27583
-1.82935	1.27971
-1.81956	1.28343
-1.80971	1.28704
-1.8	1.2907
-1.79011	1.29415
-1.78028	1.29749
-1.77096	1.30105
-1.76193	1.30428
-1.75456	1.30735
-1.74684	1.30956
-1.73825	1.31151
-1.72912	1.31315
-1.71963	1.31453
-1.7094	1.31571
-1.70003	1.31636
-1.6907	1.31718
-1.68134	1.31764
-1.67274	1.31686
-1.66422	1.31573
-1.6549	1.31467
-1.64605	1.31308
-1.63757	1.31146
-1.62833	1.3104
-1.61844	1.30861
-1.60847	1.30695
-1.59822	1.30529
-1.58824	1.30391
-1.57817	1.30273
-1.56774	1.30201
-1.55736	1.30168
-1.54698	1.30101
-1.53774	1.30089
-1.52851	1.30075
-1.51834	1.29904
-1.50943	1.29832
-1.49992	1.29765
-1.49022	1.2989
-1.47988	1.29977
-1.46893	1.30038
-1.45827	1.30106
-1.44758	1.30069
-1.4363	1.30014
-1.42457	1.29952
-1.41272	1.29934
-1.40214	1.29918
-1.3921	1.29841
-1.38222	1.29784
-1.37234	1.29737
-1.36196	1.29804
-1.35156	1.29832
-1.34219	1.29855
-1.33227	1.29896
-1.32241	1.29945
-1.31234	1.3005
-1.30206	1.30024
-1.29149	1.29999
-1.28092	1.29985
-1.27004	1.29987
-1.25935	1.30025
-1.24962	1.30123
-1.23878	1.30193
-1.22659	1.30188
-1.21464	1.30179
-1.20359	1.30157
-1.19332	1.30133
-1.18204	1.2995
-1.17186	1.29787
-1.16208	1.29643
-1.15318	1.29516
-1.14327	1.29441
-1.13422	1.29373
-1.12502	1.29303
-1.1161	1.29303
-1.10701	1.29304
-1.09773	1.29301
-1.08803	1.29255
-1.07809	1.29173
-1.06764	1.29103
-1.05774	1.29031
-1.04848	1.28982
-1.03869	1.2901
-1.02871	1.29035
-1.01865	1.29042
-1.00832	1.28938
-0.998352	1.28767
-0.988865	1.28603
-0.979389	1.28419
-0.971251	1.28262
-0.96358	1.28126
-0.955345	1.27972
-0.947387	1.2781
-0.939114	1.27675
-0.931173	1.27605
-0.922626	1.27487
-0.914621	1.27378
-0.905873	1.27273
-0.897276	1.27127
-0.887889	1.27076
-0.878747	1.2707
-0.869126	1.27164
-0.858941	1.27231
-0.849248	1.27315
-0.839559	1.27406
-0.829792	1.2742
-0.819916	1.27447
-0.810914	1.27494
-0.802716	1.27781
-0.793967	1.28103
-0.786013	1.28412
-0.777366	1.28594
-0.768831	1.28769
-0.76019	1.28975
-0.751701	1.29268
-0.742176	1.29524
-0.734932	1.29945
-0.727483	1.30377
-0.720591	1.30828
-0.713497	1.31146
-0.705902	1.31451
-0.698176	1.31754
-0.69038	1.32067
-0.683054	1.32443
-0.675389	1.32839
-0.6662	1.33326
-0.655927	1.33764
-0.646134	1.34246
-0.636339	1.34694
-0.625999	1.35091
-0.616642	1.3553
-0.607167	1.3604
-0.597488	1.36573
-0.586793	1.37117
-0.575925	1.37624
-0.565013	1.38162
-0.554231	1.38661
-0.543031	1.39168
-0.53193	1.39612
-0.521311	1.40113
-0.510488	1.40459
-0.498493	1.40825
-0.487333	1.41217
-0.476487	1.41594
-0.465891	1.41962
-0.455101	1.42282
-0.445578	1.42568
-0.435879	1.42876
-0.426208	1.4318
-0.416348	1.43434
-0.406017	1.43808
-0.396674	1.44201
-0.386763	1.44584
-0.377187	1.44965
-0.367398	1.45331
-0.357757	1.45753
-0.348308	1.4617
-0.340125	1.46498
-0.331681	1.46815
-0.322972	1.47124
-0.31522	1.4752
-0.30754	1.4788
-0.299573	1.48235
-0.291233	1.48633
-0.283049	1.49041
-0.274473	1.49432
-0.266051	1.49899
-0.257619	1.50364
-0.249437	1.50803
-0.239785	1.51256
-0.229307	1.5167
-0.219153	1.52013
-0.209344	1.52327
-0.199493	1.52575
-0.189985	1.52768
-0.180904	1.52973
-0.171761	1.53174
-0.162357	1.53518
-0.153075	1.53811
-0.143788	1.54142
-0.133979	1.5444
-0.124011	1.54727
-0.114988	1.54983
-0.106016	1.5523
-0.0965461	1.55526
-0.0877973	1.55795
-0.0784172	1.56075
-0.0679471	1.56392
-0.0572256	1.5672
-0.0467887	1.57035
-0.036247	1.57292
-0.0254539	1.57552
-0.0141976	1.57799
-0.00334103	1.58065
0.00736378	1.58278
0.0176909	1.58521
0.0272265	1.58654
0.0366254	1.5867
0.0469948	1.5873
0.0569774	1.58843
0.0666948	1.59067
0.076494	1.59193
0.0861703	1.59349
0.095209	1.59391
0.104624	1.59412
0.11353	1.59409
0.122586	1.59373
0.13169	1.59146
0.140685	1.58922
0.149646	1.587
0.160298	1.58387
0.17071	1.58184
0.181045	1.57943
0.190449	1.57837
0.200091	1.57724
0.209859	1.57689
0.219622	1.57655
0.229299	1.57605
0.23935	1.57607
0.249852	1.57624
0.26015	1.5765
0.270183	1.57702
0.280114	1.57774
0.288946	1.57757
0.297529	1.5776
0.305987	1.57647
0.315252	1.57585
0.324333	1.57544
0.332976	1.5755
0.341684	1.5758
0.350847	1.57672
0.360302	1.57828
0.368892	1.58046
0.37876	1.58166
0.387116	1.58303
0.396377	1.58485
0.405508	1.58661
0.414728	1.58841
0.424939	1.59121
0.434598	1.59336
0.444295	1.59483
0.4545	1.59561
0.464239	1.59642
0.473701	1.59725
0.483674	1.59907
0.493569	1.60104
0.503083	1.60285
0.512956	1.60472
0.522914	1.60582
0.532205	1.60739
0.540339	1.60815
0.548662	1.60883
0.55729	1.61015
0.56649	1.61146
0.575707	1.61278
0.584965	1.61439
0.594443	1.61592
0.603488	1.61807
0.612699	1.61998
0.621412	1.62093
0.63142	1.622
0.641088	1.62201
0.650715	1.62207
0.660183	1.6223
0.668649	1.6229
0.677292	1.62354
0.685858	1.62432
0.694889	1.62469
0.703827	1.62455
0.712584	1.62451
0.721362	1.62521
0.730111	1.62599
0.739375	1.6264
0.748068	1.62639
0.756538	1.6269
0.765428	1.62835
0.774154	1.6297
0.783022	1.6311
0.792481	1.6328
0.80267	1.63299
0.812828	1.63281
0.822903	1.63247
0.83257	1.63156
0.841983	1.63094
0.851257	1.63081
0.860457	1.63061
0.869685	1.63037
0.878356	1.62938
0.887466	1.62822
0.896582	1.62704
0.90561	1.62503
0.9151	1.62262
0.92422	1.62025
0.933228	1.61756
0.940929	1.6146
0.949029	1.6115
0.956506	1.60839
0.963751	1.60489
0.970841	1.60077
0.977771	1.59653
0.98538	1.59225
0.993665	1.58723
1.00187	1.58216
1.00998	1.57708
1.01806	1.57226
1.02617	1.56772
1.03432	1.56286
1.04188	1.55891
1.04887	1.55567
1.05518	1.5519
1.06025	1.54661
1.06584	1.54098
1.07086	1.53398
1.0752	1.52605
1.07953	1.51845
1.08389	1.51069
1.08886	1.50291
1.09347	1.49562
1.0974	1.48848
1.10167	1.48064
1.10606	1.47187
1.10937	1.46238
1.11233	1.45351
1.11593	1.44326
1.11926	1.43304
1.12241	1.4226
1.12568	1.41182
1.12883	1.40181
1.13222	1.39293
1.13534	1.38372
1.13773	1.37283
1.13976	1.36295
1.14275	1.35304
1.14549	1.34312
1.14778	1.33387
1.15002	1.32637
1.15037	1.31867
1.15139	1.31137
1.15132	1.30358
1.15116	1.29538
1.1508	1.28697
1.14942	1.27869
1.14806	1.26959
1.1469	1.26027
1.1453	1.25099
1.14318	1.24182
1.14146	1.23109
1.14003	1.22141
1.13853	1.21178
1.13666	1.20247
1.13431	1.19337
1.13337	1.18441
1.13349	1.17503
1.1332	1.16436
1.13315	1.15373
1.13261	1.14445
1.13191	1.1352
1.13115	1.12577
1.13018	1.11654
1.12775	1.10879
1.12556	1.10051
1.12371	1.0923
1.12115	1.08365
1.1185	1.07479
1.1159	1.06594
1.11335	1.05683
1.11056	1.04776
1.10764	1.03871
1.10453	1.02996
1.10187	1.02175
1.09745	1.01299
1.09195	1.00397
1.0869	0.995511
1.08231	0.987322
1.07731	0.979405
1.07314	0.971438
1.06974	0.963523
1.06391	0.954944
1.05806	0.946539
1.05229	0.937801
1.04666	0.930005
1.04115	0.922435
1.03486	0.915346
1.02882	0.907584
1.02428	0.900473
1.01947	0.893403
1.01489	0.885549
1.01089	0.879289
1.00725	0.872075
1.00392	0.865996
1.0005	0.859941
0.996789	0.853893
0.992735	0.847253
0.988745	0.840779
0.984479	0.83381
0.980271	0.827115
0.975579	0.819001
0.972067	0.810416
0.968672	0.801882
0.965077	0.793386
0.961395	0.784566
0.957556	0.775831
0.954222	0.768078
0.950472	0.760122
0.947009	0.752185
0.943284	0.744221
0.938524	0.737229
0.932424	0.729988
0.926545	0.72361
0.91874	0.718439
0.910674	0.713526
0.902382	0.708375
0.895241	0.703424
0.888604	0.697858
0.881766	0.692661
0.875123	0.687112
0.867838	0.680907
0.860598	0.674836
0.852971	0.669434
0.845282	0.664126
0.837261	0.658152
0.830336	0.651674
0.823616	0.644771
0.817051	0.637535
0.811169	0.631377
0.804425	0.624751
0.796511	0.61827
0.78933	0.611048
0.781984	0.604101
0.774663	0.597272
0.767696	0.589654
0.760697	0.581476
0.753271	0.573105
0.745223	0.565113
0.738761	0.557786
0.732914	0.550655
0.727324	0.543899
0.721574	0.536989
0.715851	0.530127
0.71021	0.523098
0.70442	0.516001
0.699138	0.508591
0.693333	0.501235
0.687076	0.494729
0.6812	0.488687
0.676149	0.48221
0.671753	0.477833
0.667263	0.473388
0.663022	0.467431
0.657086	0.462638
0.650833	0.457642
0.64498	0.452445
0.63831	0.447045
0.631	0.441606
0.623965	0.436343
0.617306	0.431897
0.609844	0.42812
0.601952	0.425155
0.594281	0.421719
0.586308	0.418253
0.57785	0.414794
0.568734	0.411258
0.558683	0.406688
0.548069	0.401967
0.537697	0.397598
0.52747	0.392934
0.517368	0.387782
0.507332	0.383087
0.496835	0.377978
0.48538	0.373283
0.474483	0.368039
0.464313	0.362934
0.455034	0.358337
0.445564	0.353716
0.435938	0.349345
0.425981	0.345309
0.416165	0.340977
0.406476	0.336753
0.397143	0.332663
0.387866	0.328777
0.378551	0.324888
0.3692	0.322425
0.359505	0.320451
0.350697	0.319082
0.34179	0.317727
0.333214	0.316593
0.324602	0.316189
0.3166	0.315115
0.308632	0.314444
0.299959	0.312579
0.29111	0.310417
0.282467	0.307329
0.273695	0.304349
0.264363	0.30097
0.25502	0.297635
0.245531	0.294858
0.235869	0.291982
0.227415	0.289389
0.218738	0.287033
0.210791	0.285288
0.202552	0.283605
0.193138	0.282676
0.183022	0.281011
0.173297	0.279489
0.163577	0.277534
0.153423	0.274662
0.142769	0.271956
0.13345	0.269839
0.124016	0.266882
0.114752	0.263522
0.105711	0.260466
0.0965042	0.257941
0.0869587	0.255434
0.076518	0.25263
0.0665929	0.250985
0.0571416	0.249846
0.047916	0.24776
0.0387649	0.245469
0.0295325	0.24335
0.0202277	0.240782
0.0112547	0.238122
0.00266317	0.235348
-0.00443403	0.233767
-0.0112002	0.231745
-0.0180965	0.228941
-0.0247671	0.226101
-0.0318356	0.222726
-0.0389815	0.219339
-0.0460975	0.215822
-0.0528294	0.211011
-0.0601694	0.206427
-0.067985	0.202788
-0.0752353	0.199145
-0.082742	0.196662
-0.0913276	0.193559
-0.100646	0.18968
-0.109939	0.185933
-0.119229	0.182204
-0.128886	0.178495
-0.138528	0.174597
-0.148084	0.169952
-0.158851	0.165881
-0.16933	0.161938
-0.179561	0.157525
-0.188738	0.15236
-0.197088	0.146764
-0.204921	0.140602
-0.212546	0.134246
-0.219677	0.12789
-0.226794	0.120576
-0.234207	0.113571
-0.2415	0.106638
-0.248772	0.100375
-0.256486	0.0937223
-0.265744	0.0871363
-0.274469	0.0785076
-0.282815	0.070449
-0.290201	0.0628502
-0.296477	0.0551733
-0.302489	0.047435
-0.308191	0.0396873
-0.313639	0.0323234
-0.318957	0.0244711
-0.32401	0.0165376
-0.328687	0.00889813
-0.333413	0.000901263
-0.337438	-0.00715725
-0.341401	-0.0152327
-0.345019	-0.0229272
-0.348326	-0.0313154
-0.350895	-0.0404617
-0.35324	-0.0496628
-0.355458	-0.0590197
-0.358949	-0.0688987
-0.36221	-0.0786664
-0.365817	-0.0894087
-0.371877	-0.100353
-0.377471	-0.110906
-0.382955	-0.1194
-0.388674	-0.128464
-0.392924	-0.13736
-0.396617	-0.14585
-0.400419	-0.154961
-0.40405	-0.164067
-0.407399	-0.173585
-0.410597	-0.183649
-0.413636	-0.19357
-0.416473	-0.203398
-0.419893	-0.212645
-0.423326	-0.221494
-0.42574	-0.231006
-0.427987	-0.240524
-0.428751	-0.250869
-0.429288	-0.261178
-0.429851	-0.271374
-0.431014	-0.28106
-0.43196	-0.290798
-0.432768	-0.300442
-0.431738	-0.310913
-0.430829	-0.322109
-0.429937	-0.33257
-0.429634	-0.342664
-0.428544	-0.352714
-0.426505	-0.363619
-0.424318	-0.374299
-0.421914	-0.384712
-0.419048	-0.394895
-0.417072	-0.404842
-0.415471	-0.414622
-0.414321	-0.424691
-0.41253	-0.43479
-0.410735	-0.444799
-0.408887	-0.453863
-0.40551	-0.462941
-0.401726	-0.471234
-0.397167	-0.479414
-0.392313	-0.48759
-0.388112	-0.496389
-0.383702	-0.504862
-0.379693	-0.51369
-0.374078	-0.521793
-0.368482	-0.529831
-0.362263	-0.538292
-0.355396	-0.545071
-0.348467	-0.551757
-0.341246	-0.558396
-0.335747	-0.564862
-0.330067	-0.571455
-0.324048	-0.578665
-0.317982	-0.585905
-0.311778	-0.594743
-0.30585	-0.603404
-0.299835	-0.613071
-0.294332	-0.622183
-0.288126	-0.631611
-0.281528	-0.640313
-0.274134	-0.649113
-0.266396	-0.657658
-0.257642	-0.665159
-0.248661	-0.671963
-0.239807	-0.678514
-0.231071	-0.685376
-0.221139	-0.691849
-0.211639	-0.697219
-0.202239	-0.70258
-0.192776	-0.707748
-0.183073	-0.713066
-0.173277	-0.717982
-0.164158	-0.723087
-0.155091	-0.727892
-0.146222	-0.73279
-0.136719	-0.737594
-0.126339	-0.742534
-0.115973	-0.74792
-0.106422	-0.753706
-0.0968926	-0.758676
-0.0876655	-0.763382
-0.0784628	-0.768091
-0.0692399	-0.773008
-0.0594365	-0.778315
-0.0490635	-0.782527
-0.0383408	-0.786342
-0.0266413	-0.789757
-0.0170346	-0.793311
-0.00771917	-0.795648
0.00164019	-0.79797
0.0109882	-0.79982
0.0203158	-0.801723
0.0296781	-0.803249
0.039035	-0.804911
0.0474476	-0.806177
0.056405	-0.80859
0.0658978	-0.811054
0.0756978	-0.813927
0.0853496	-0.81687
0.0950883	-0.819636
0.104653	-0.822863
0.113874	-0.827411
0.12173	-0.832939
0.130443	-0.83811
0.138579	-0.843606
0.14658	-0.848879
0.154393	-0.854718
0.160607	-0.86117
0.167171	-0.867649
0.173018	-0.873965
0.178745	-0.880033
0.183693	-0.886151
0.188956	-0.892699
0.195425	-0.900598
0.20122	-0.907356
0.206516	-0.914226
0.210935	-0.920242
0.214812	-0.927501
0.219112	-0.934349
0.222927	-0.941537
0.226607	-0.949302
0.230986	-0.957128
0.23487	-0.964765
0.239331	-0.972268
0.243781	-0.979788
0.248037	-0.987171
0.252658	-0.993772
0.256404	-1.00002
0.260148	-1.00631
0.263374	-1.01227
0.267696	-1.01892
0.272188	-1.02534
0.277646	-1.03131
0.283159	-1.03754
0.288803	-1.04417
0.294139	-1.05159
0.298783	-1.05867
0.303383	-1.06629
0.307707	-1.07162
0.312247	-1.07741
0.31669	-1.08291
0.321289	-1.0888
0.326155	-1.09403
0.331624	-1.10005
0.33705	-1.10644
0.342762	-1.11248
0.348569	-1.11824
0.35455	-1.1241
0.361292	-1.12963
0.367872	-1.13537
0.375482	-1.14145
0.382114	-1.14819
0.38866	-1.15498
0.394908	-1.16119
0.400992	-1.16763
0.406711	-1.17428
0.412305	-1.18126
0.417986	-1.18743
0.423724	-1.19375
0.429275	-1.19993
0.434906	-1.20655
0.440462	-1.21346
0.445999	-1.22063
0.451759	-1.22808
0.45799	-1.23477
0.462008	-1.24258
0.465781	-1.25022
0.469499	-1.25806
0.474365	-1.26604
0.478885	-1.27318
0.484698	-1.27976
0.490554	-1.28655
0.49538	-1.29509
0.50008	-1.30396
0.504738	-1.31291
0.508126	-1.32293
0.511349	-1.33281
0.51424	-1.34137
0.517093	-1.35026
0.519052	-1.35956
0.522377	-1.36829
0.525849	-1.37703
0.529206	-1.38585
0.533326	-1.39502
0.538087	-1.40388
0.544425	-1.41331
0.549851	-1.42387
0.554886	-1.43436
0.55877	-1.44464
0.561253	-1.45512
0.564465	-1.46666
0.567752	-1.47747
0.570836	-1.48785
0.573714	-1.49801
0.576746	-1.50836
0.578899	-1.51827
0.580542	-1.52849
0.581496	-1.53862
0.582225	-1.54863
0.583203	-1.5594
0.584408	-1.56762
0.584685	-1.57567
0.583816	-1.58385
0.582634	-1.59199
0.581729	-1.60205
0.580805	-1.6133
0.581448	-1.62426
0.582196	-1.63551
0.582477	-1.64575
0.582657	-1.65585
0.582653	-1.66576
0.582457	-1.67447
0.582008	-1.68326
0.580877	-1.69152
0.579495	-1.69992
0.578023	-1.70845
0.575442	-1.71732
0.571508	-1.72799
0.56888	-1.73909
0.566902	-1.7494
0.565558	-1.75995
0.562705	-1.77014
0.560298	-1.78049
0.558222	-1.791
0.555893	-1.80203
0.553439	-1.81279
0.550488	-1.82345
0.546739	-1.83266
0.542787	-1.84235
0.538922	-1.85182
0.535752	-1.86146
0.534397	-1.87134
0.532782	-1.88089
0.531372	-1.89065
0.529183	-1.9005
0.526939	-1.91023
0.525607	-1.91954
0.524404	-1.92831
0.523087	-1.93709
0.521938	-1.94746
0.520075	-1.95678
0.51665	-1.96555
0.513228	-1.97438
0.509644	-1.98298
0.505717	-1.99187
0.502002	-2.00042
0.497752	-2.00918
0.492055	-2.01664
0.486627	-2.02399
0.480694	-2.03232
0.474171	-2.03988
0.467575	-2.04758
0.461103	-2.0551
0.453625	-2.06243
0.446557	-2.06966
0.439345	-2.07682
0.430685	-2.0832
0.421796	-2.09005
0.412316	-2.09687
0.401635	-2.10332
0.391407	-2.10955
0.381414	-2.11553
0.37158	-2.12134
0.362259	-2.12673
0.353098	-2.1328
0.345604	-2.13913
0.338073	-2.1454
0.330527	-2.15157
0.323434	-2.15697
0.315851	-2.16238
0.30897	-2.16836
0.301786	-2.17494
0.294018	-2.18105
0.286569	-2.18682
0.277681	-2.1917
0.268666	-2.19581
0.259665	-2.20022
0.250149	-2.2043
0.240017	-2.20826
0.229517	-2.21399
0.219688	-2.22142
0.210282	-2.2277
0.201089	-2.23565
0.192179	-2.2432
0.183421	-2.25049
0.174705	-2.25808
0.166564	-2.2646
0.158462	-2.27129
0.149437	-2.27806
0.140708	-2.28481
0.132109	-2.29138
0.122784	-2.29755
0.113549	-2.30378
0.104945	-2.30928
0.097013	-2.3149
0.0887663	-2.32009
0.0803699	-2.32582
0.0718117	-2.33152
0.0632842	-2.33718
0.0545453	-2.34269
0.0455347	-2.34787
0.0365701	-2.35265
0.0275598	-2.35801
0.019116	-2.36328
0.0113469	-2.36811
0.00415953	-2.3732
-0.00298678	-2.37839
-0.0101594	-2.38354
-0.0180356	-2.3897
-0.0257116	-2.39581
-0.0330463	-2.40153
-0.0421039	-2.40758
-0.0505119	-2.41345
-0.0587043	-2.41932
-0.0665161	-2.42529
-0.0744171	-2.43097
-0.0825437	-2.43679
-0.0905711	-2.44261
-0.0988421	-2.44902
-0.107038	-2.45514
-0.117067	-2.46263
-0.126596	-2.4699
-0.135784	-2.47732
-0.144359	-2.48382
-0.152572	-2.49056
-0.162098	-2.49693
-0.170769	-2.50279
-0.178964	-2.50986
-0.186759	-2.51684
-0.194724	-2.52382
-0.202488	-2.53075
-0.210018	-2.53766
-0.216442	-2.54501
-0.221399	-2.55243
-0.226079	-2.55939
-0.230743	-2.5676
-0.235808	-2.5763
-0.240658	-2.58484
-0.245395	-2.59255
-0.249608	-2.60104
-0.25382	-2.61033
-0.257151	-2.62005
-0.260287	-2.62971
-0.262751	-2.63887
-0.265346	-2.64737
-0.267593	-2.6557
-0.2697	-2.66418
-0.271752	-2.67242
-0.273739	-2.68
-0.275586	-2.68779
-0.277665	-2.69659
-0.279732	-2.70424
-0.281595	-2.71087
-0.28379	-2.71815
-0.285912	-2.72578
-0.287837	-2.73402
-0.289474	-2.74168
-0.29204	-2.74787
-0.294669	-2.75358
-0.29823	-2.75988
-0.30213	-2.76614
-0.306674	-2.77295
-0.311249	-2.78019
-0.315737	-2.78718
-0.32053	-2.79469
-0.324255	-2.80213
-0.327755	-2.80912
-0.331226	-2.81641
-0.334568	-2.82479
-0.33807	-2.83343
-0.341591	-2.84187
-0.345803	-2.85039
-0.349127	-2.85877
-0.352023	-2.86757
-0.354173	-2.87649
-0.356211	-2.88739
-0.357664	-2.89839
-0.358717	-2.90904
-0.360747	-2.92056
-0.362534	-2.93211
-0.363904	-2.94312
-0.364991	-2.95334
-0.365188	-2.9634
-0.365059	-2.97254
-0.364905	-2.98154
-0.364409	-2.9914
-0.362961	-3.00184
-0.361087	-3.01354
-0.359084	-3.02493
-0.357097	-3.03598
-0.355536	-3.04746
-0.354453	-3.05826
-0.353036	-3.07023
-0.353702	-3.08189
-0.353674	-3.09268
-0.353618	-3.1029
-0.353522	-3.11292
-0.352817	-3.12254
-0.352214	-3.13278
-0.351665	-3.14334
-0.351115	-3.15335
-0.350615	-3.16324
-0.349824	-3.17342
-0.349081	-3.18349
-0.348211	-3.19356
-0.347436	-3.20389
-0.346488	-3.21422
-0.34549	-3.22409
-0.344298	-3.23395
-0.343381	-3.24498
-0.342319	-3.25575
-0.340921	-3.2673
-0.338568	-3.27748
-0.336091	-3.2875
-0.333741	-3.29613
-0.332364	-3.30441
-0.331959	-3.31204
-0.331452	-3.32018
-0.330859	-3.32818
-0.330689	-3.33726
-0.330487	-3.34694
-0.330134	-3.35652
-0.330438	-3.36595
-0.33091	-3.37511
-0.332174	-3.3862
-0.334067	-3.39748
-0.333841	-3.40968
-0.333348	-3.42103
-0.332706	-3.43206
-0.331703	-3.44289
-0.330552	-3.45342
-0.329129	-3.46358
-0.327562	-3.47438
-0.326012	-3.48493
-0.324403	-3.49524
-0.321703	-3.50377
-0.317773	-3.51278
-0.312636	-3.52051
-0.30702	-3.52844
-0.301944	-3.53592
-0.296915	-3.54402
-0.291837	-3.55155
-0.286008	-3.5591
-0.279919	-3.56617
-0.274078	-3.57304
-0.268294	-3.57989
-0.262656	-3.58685
-0.257139	-3.59331
-0.250597	-3.60053
-0.243742	-3.60671
-0.237408	-3.6138
-0.230901	-3.62103
-0.224494	-3.62829
-0.218252	-3.63502
-0.211294	-3.64158
-0.203417	-3.64827
-0.195783	-3.65526
-0.188372	-3.66219
-0.180856	-3.66888
-0.173285	-3.67585
-0.165624	-3.68272
-0.157808	-3.68989
-0.148591	-3.69636
-0.139545	-3.70268
-0.130641	-3.70887
-0.120881	-3.71332
-0.11262	-3.71844
-0.10454	-3.72303
-0.0968443	-3.72784
-0.0889902	-3.73288
-0.0808059	-3.73842
-0.0726182	-3.74389
-0.0645539	-3.74972
-0.0556252	-3.75545
-0.0469526	-3.76074
-0.0384854	-3.76509
-0.0297736	-3.769
-0.0217864	-3.77386
-0.0136591	-3.7786
-0.00591956	-3.78263
0.00215023	-3.78679
0.0102304	-3.79146
0.0186465	-3.79615
0.0270856	-3.80149
0.0352749	-3.8067
0.0441233	-3.81289
0.0529797	-3.81778
0.0612205	-3.82247
0.0694134	-3.82724
0.0772887	-3.83213
0.0849492	-3.83737
0.0925555	-3.84256
0.100961	-3.84779
0.108793	-3.85265
0.117371	-3.85756
0.124713	-3.86276
0.132056	-3.8683
0.140178	-3.87328
0.14837	-3.8781
0.155893	-3.88285
0.163416	-3.88768
0.170673	-3.89262
0.177603	-3.89797
0.184585	-3.90398
0.192036	-3.91098
0.199195	-3.91872
0.20611	-3.92719
0.212211	-3.93594
0.21809	-3.94494
0.223512	-3.95447
0.229107	-3.96349
0.234007	-3.97273
0.238038	-3.98269
0.241749	-3.99272
0.245257	-4.0019
0.249366	-4.012
0.253266	-4.02193
0.25687	-4.03156
0.260323	-4.04114
0.263124	-4.04983
0.265874	-4.05902
0.269095	-4.06851
0.270615	-4.07868
0.272213	-4.08847
0.273753	-4.09846
0.274049	-4.10892
0.274585	-4.11917
0.275214	-4.13004
0.276036	-4.14075
0.276445	-4.15207
0.277396	-4.16243
0.277891	-4.17272
0.278034	-4.18351
0.278297	-4.19393
0.27817	-4.20395
0.277987	-4.21442
0.278255	-4.22536
0.27838	-4.23716
0.278375	-4.2488
0.278488	-4.25968
0.278621	-4.27037
0.278465	-4.2806
0.277348	-4.29071
0.276142	-4.30078
0.273436	-4.31039
0.270982	-4.32012
0.268015	-4.32955
0.264847	-4.33828
0.262174	-4.34654
0.257712	-4.35608
0.254858	-4.36449
0.252942	-4.37342
0.251569	-4.38261
0.250641	-4.39118
0.250397	-4.39981
0.249897	-4.40862
0.249389	-4.41725
0.248372	-4.42599
0.247176	-4.43501
0.246498	-4.44363
0.245854	-4.45207
0.244684	-4.46078
0.243799	-4.46853
0.242714	-4.4765
0.241494	-4.48457
0.240271	-4.49338
0.238766	-4.50291
0.237237	-4.51255
0.234799	-4.52155
0.232918	-4.53079
0.230883	-4.5403
0.227891	-4.54919
0.22474	-4.55805
0.22061	-4.567
0.216625	-4.57436
0.211655	-4.5819
0.207868	-4.58853
0.204057	-4.59523
0.200051	-4.60263
0.196076	-4.61111
0.191017	-4.6195
0.186781	-4.62792
0.180995	-4.63642
0.17483	-4.64466
0.169089	-4.65229
0.163833	-4.65947
0.158324	-4.66683
0.152797	-4.67318
0.14722	-4.67877
0.142695	-4.685
0.136554	-4.69062
0.130355	-4.69599
0.123998	-4.70111
0.118724	-4.70719
0.113226	-4.7129
0.107337	-4.71853
0.100809	-4.72413
0.0940409	-4.72918
0.086697	-4.73504
0.0782515	-4.74045
0.0697219	-4.74499
0.0613903	-4.74965
0.0531316	-4.75382
0.0437442	-4.75846
0.0347903	-4.76282
0.0258135	-4.76733
0.0168284	-4.77171
0.00791524	-4.77612
-0.000907213	-4.781
-0.0096273	-4.78578
-0.0178861	-4.79041
-0.0260854	-4.79465
-0.0353207	-4.80032
-0.0438669	-4.80753
-0.0520345	-4.81431
-0.0609268	-4.82147
-0.0690588	-4.82878
-0.0768121	-4.83623
-0.084295	-4.8443
-0.0923006	-4.85278
-0.0999331	-4.86147
-0.107147	-4.86932
-0.113095	-4.87752
-0.119785	-4.88537
-0.126264	-4.89327
-0.132785	-4.90098
-0.139045	-4.90916
-0.145203	-4.9168
-0.151377	-4.92476
-0.157151	-4.93257
-0.162855	-4.94036
-0.168227	-4.94825
-0.173544	-4.95568
-0.178329	-4.96324
-0.183315	-4.96904
-0.18866	-4.9749
-0.194114	-4.98056
-0.199028	-4.98635
-0.203587	-4.99221
-0.208289	-4.9988
-0.213433	-5.0046
-0.218643	-5.0108
-0.223745	-5.01717
-0.228458	-5.02318
-0.233213	-5.03
-0.237085	-5.0377
-0.241131	-5.04568
-0.245752	-5.05415
-0.250363	-5.06124
-0.255726	-5.06954
-0.260048	-5.0784
-0.264594	-5.08719
-0.268906	-5.09585
-0.272303	-5.10477
-0.275179	-5.11374
-0.278039	-5.12256
-0.280452	-5.13126
-0.281875	-5.14006
-0.283221	-5.14887
-0.283979	-5.15776
-0.283399	-5.16774
-0.282626	-5.17762
-0.281582	-5.18733
-0.280549	-5.19643
-0.280131	-5.20578
-0.279752	-5.21538
-0.279537	-5.22567
-0.279222	-5.23586
-0.278598	-5.2466
-0.277723	-5.25728
-0.276424	-5.26766
-0.274911	-5.27773
-0.273128	-5.28754
-0.271414	-5.29655
-0.268461	-5.30533
-0.265349	-5.31443
-0.262108	-5.32314
-0.259731	-5.33165
-0.257701	-5.34097
-0.254474	-5.34984
-0.251118	-5.35869
-0.247645	-5.36747
-0.244697	-5.3755
-0.241882	-5.38455
-0.23847	-5.39401
-0.2345	-5.40295
-0.230407	-5.41183
-0.226106	-5.42128
-0.220828	-5.43055
-0.215484	-5.43954
-0.209442	-5.44836
-0.20264	-5.45739
-0.195748	-5.46653
-0.188376	-5.47546
-0.180884	-5.48503
-0.173722	-5.49409
-0.166643	-5.50302
-0.158323	-5.51164
-0.14957	-5.51884
-0.141633	-5.52406
-0.133447	-5.52885
-0.125356	-5.5347
-0.117196	-5.54079
-0.109145	-5.5468
-0.101063	-5.55278
-0.0935967	-5.55723
-0.0865478	-5.56022
-0.0791489	-5.56337
-0.0708343	-5.56569
-0.0624022	-5.56788
-0.0539687	-5.56948
-0.0457324	-5.57123
-0.0377696	-5.57316
-0.029947	-5.57493
-0.0223279	-5.5765
-0.0141787	-5.5774
-0.00573324	-5.5783
0.000656369	-5.57871
0.00824656	-5.57814
0.0152542	-5.5773
0.023989	-5.57758
0.0325884	-5.57794
0.0407606	-5.57866
0.0490548	-5.57944
0.0582972	-5.58035
0.0674926	-5.58033
0.0768357	-5.58121
0.0861421	-5.58201
0.0948917	-5.58299
0.103709	-5.58397
0.112642	-5.58502
0.121298	-5.58549
0.128434	-5.58489
0.13563	-5.58313
0.143899	-5.58049
0.152336	-5.57871
0.160759	-5.57702
0.16928	-5.57451
0.177916	-5.57197
0.186549	-5.56934
0.195829	-5.56723
0.204432	-5.56487
0.212973	-5.56247
0.221562	-5.56007
0.229008	-5.55729
0.236726	-5.55484
0.243914	-5.55247
0.251275	-5.5511
0.259849	-5.5498
0.267707	-5.54815
0.276144	-5.54669
0.283356	-5.54447
0.290872	-5.5424
0.298612	-5.54021
0.306575	-5.53905
0.314153	-5.53678
0.321923	-5.53364
0.330057	-5.52939
0.337971	-5.52667
0.347154	-5.52356
0.355767	-5.52004
0.363841	-5.51552
0.371275	-5.51086
0.380361	-5.50553
0.389971	-5.49948
0.398156	-5.49403
0.406322	-5.48916
0.415178	-5.48313
0.424352	-5.47764
0.433801	-5.47262
0.443327	-5.46753
0.452627	-5.46183
0.461	-5.45602
0.469057	-5.45112
0.475854	-5.44566
0.483115	-5.43968
0.489868	-5.43374
0.497181	-5.42776
0.504234	-5.42147
0.511111	-5.41516
0.518218	-5.40886
0.524879	-5.40258
0.531586	-5.39638
0.537441	-5.38994
0.54216	-5.38441
0.546826	-5.37852
0.552122	-5.37135
0.557704	-5.36451
0.562929	-5.3582
0.567773	-5.35215
0.571991	-5.34498
0.576146	-5.33727
0.579657	-5.32898
0.58309	-5.32053
0.586611	-5.31247
0.588998	-5.30459
0.592596	-5.29598
0.596095	-5.28744
0.598974	-5.27968
0.601398	-5.27203
0.603953	-5.26423
0.606634	-5.25595
0.610203	-5.24719
0.612804	-5.23758
0.615258	-5.22817
0.617609	-5.21878
0.617806	-5.2088
0.617885	-5.19873
0.616825	-5.18934
0.615416	-5.1806
0.613257	-5.17108
0.611362	-5.1625
0.609519	-5.15352
0.607611	-5.14407
0.604837	-5.13373
0.602283	-5.12365
0.598763	-5.1144
0.595065	-5.10507
0.592301	-5.09524
0.588768	-5.08673
0.58536	-5.07786
0.581962	-5.06902
0.579289	-5.06072
0.577078	-5.05226
0.57444	-5.04365
0.571504	-5.03514
0.567863	-5.02638
0.564984	-5.01746
0.562443	-5.00822
0.560805	-4.99836
0.559166	-4.99029
0.557069	-4.98203
0.554508	-4.97301
0.552448	-4.96319
0.549708	-4.95392
0.546098	-4.94526
0.541754	-4.93704
0.537602	-4.92765
0.533822	-4.91925
0.529965	-4.91102
0.525664	-4.90318
0.52116	-4.89532
0.515973	-4.88755
0.510984	-4.87922
0.506624	-4.87134
0.502161	-4.86329
0.498166	-4.85545
0.493968	-4.84786
0.489605	-4.83994
0.485257	-4.83199
0.480243	-4.82469
0.475045	-4.81733
0.469916	-4.80999
0.464906	-4.8022
0.4598	-4.79437
0.45447	-4.78649
0.448744	-4.77881
0.44252	-4.77129
0.43596	-4.76428
0.429283	-4.75723
0.42281	-4.74993
0.416932	-4.74225
0.412402	-4.73467
0.40772	-4.72699
0.40345	-4.72113
0.3989	-4.71512
0.392631	-4.70949
0.385671	-4.70297
0.379336	-4.69683
0.372438	-4.69078
0.365198	-4.68494
0.357084	-4.68015
0.349103	-4.67626
0.341016	-4.67234
0.333717	-4.66832
0.326153	-4.66431
0.318868	-4.65968
0.311388	-4.65499
0.304702	-4.65024
0.297361	-4.64364
0.290135	-4.63665
0.283061	-4.62933
0.275999	-4.62215
0.268162	-4.61612
0.260297	-4.61042
0.252336	-4.60407
0.244885	-4.59759
0.237597	-4.59097
0.230315	-4.58447
0.223496	-4.57789
0.217519	-4.57227
0.212423	-4.56709
0.206994	-4.56184
0.199877	-4.55604
0.192635	-4.55021
0.185195	-4.54406
0.177255	-4.53766
0.16748	-4.53086
0.157904	-4.52424
0.148389	-4.51772
0.139125	-4.51146
0.130142	-4.50549
0.121644	-4.50004
0.112659	-4.49491
0.10373	-4.48989
0.0939634	-4.48452
0.0846877	-4.47862
0.0755793	-4.47297
0.066566	-4.4681
0.057956	-4.46292
0.0494963	-4.45783
0.0412568	-4.45291
0.0327338	-4.44932
0.0238063	-4.44564
0.0146843	-4.44198
0.00500952	-4.43863
-0.00510309	-4.43491
-0.0146677	-4.43034
-0.0238869	-4.42573
-0.0316676	-4.42241
-0.039548	-4.41931
-0.0485319	-4.41735
-0.0578792	-4.41559
-0.0672609	-4.41385
-0.0764312	-4.41232
-0.0849168	-4.411
-0.0934212	-4.40977
-0.101475	-4.40812
-0.108727	-4.40637
-0.116718	-4.40459
-0.125596	-4.40431
-0.134757	-4.40355
-0.143107	-4.40376
-0.15075	-4.40428
-0.160333	-4.406
-0.169741	-4.40806
-0.1791	-4.4118
-0.186623	-4.41505
-0.193373	-4.41869
-0.200384	-4.42254
-0.207315	-4.42627
-0.215233	-4.43121
-0.22258	-4.43649
-0.230616	-4.44214
-0.23887	-4.44754
-0.247361	-4.4531
-0.255313	-4.45929
-0.261353	-4.46453
-0.267458	-4.46991
-0.273113	-4.47656
-0.279221	-4.48339
-0.286688	-4.49135
-0.293971	-4.49911
-0.301428	-4.50738
-0.309232	-4.51743
-0.316663	-4.52687
-0.32334	-4.53569
-0.329686	-4.54393
-0.335111	-4.55305
-0.339773	-4.56119
-0.34479	-4.56928
-0.349948	-4.57719
-0.354128	-4.58558
-0.358631	-4.5941
-0.363127	-4.60302
-0.367142	-4.61174
-0.371405	-4.62046
-0.375194	-4.62889
-0.379122	-4.63785
-0.383505	-4.64708
-0.387297	-4.65597
-0.391096	-4.66538
-0.393906	-4.67459
-0.396321	-4.68399
-0.398435	-4.69324
-0.40014	-4.70285
-0.401922	-4.71281
-0.403948	-4.72166
-0.405548	-4.73196
-0.406903	-4.74089
-0.407445	-4.74888
-0.407955	-4.75721
-0.408505	-4.7659
-0.408466	-4.77411
-0.408151	-4.78243
-0.407392	-4.79083
-0.40616	-4.79917
-0.405466	-4.80847
-0.404928	-4.81784
-0.404032	-4.82715
-0.402636	-4.83668
-0.40112	-4.84552
-0.401869	-4.85346
-0.403594	-4.86233
-0.406145	-4.87093
-0.408669	-4.87867
-0.411094	-4.88669
-0.413638	-4.89488
-0.416101	-4.90409
-0.418597	-4.91282
-0.421684	-4.92195
-0.424077	-4.93017
-0.426002	-4.9396
-0.427679	-4.94916
-0.429691	-4.95719
-0.43167	-4.96592
-0.433283	-4.97509
-0.434989	-4.98404
-0.436697	-4.99355
-0.437986	-5.00309
-0.437345	-5.01249
-0.436574	-5.02189
-0.436343	-5.03258
-0.435676	-5.04251
-0.434851	-5.05209
-0.434208	-5.06234
-0.433774	-5.07237
-0.434009	-5.08326
-0.434144	-5.09391
-0.435196	-5.10368
-0.436527	-5.11271
-0.43796	-5.12224
-0.439154	-5.13154
-0.439815	-5.14071
-0.440021	-5.15071
-0.440358	-5.16125
-0.439653	-5.17218
-0.437891	-5.18302
-0.435625	-5.19416
-0.433766	-5.20528
-0.431702	-5.21646
-0.429381	-5.22724
-0.426783	-5.23814
-0.424078	-5.24922
-0.421248	-5.25991
-0.418213	-5.27022
-0.415272	-5.28055
-0.414093	-5.28957
-0.41269	-5.29841
-0.410429	-5.30735
-0.407509	-5.31677
-0.405087	-5.32582
-0.402952	-5.335
-0.402754	-5.34271
-0.402378	-5.35069
-0.401719	-5.35826
-0.400805	-5.36638
-0.399952	-5.37479
-0.399094	-5.38305
-0.397242	-5.39235
-0.396101	-5.4014
-0.394727	-5.41085
-0.393166	-5.42027
-0.391313	-5.4314
-0.389381	-5.4422
-0.387276	-5.45219
-0.38504	-5.46206
-0.382214	-5.47118
-0.379161	-5.48065
-0.377403	-5.49021
-0.374714	-5.49954
-0.371882	-5.50954
-0.369311	-5.51958
-0.36651	-5.53027
-0.362635	-5.54046
-0.359045	-5.55085
-0.356323	-5.56146
-0.353657	-5.57168
-0.35071	-5.58173
-0.347442	-5.59242
-0.343678	-5.6013
-0.339745	-5.61006
-0.335373	-5.61898
-0.330854	-5.62802
-0.327064	-5.63702
-0.323397	-5.64602
-0.319872	-5.65567
-0.316246	-5.6653
-0.312075	-5.67515
-0.307926	-5.68487
-0.303894	-5.6939
-0.299302	-5.70297
-0.293335	-5.71207
-0.287499	-5.72056
-0.281809	-5.72889
-0.274333	-5.73775
-0.266805	-5.7464
-0.259706	-5.75499
-0.252722	-5.76334
-0.245787	-5.77146
-0.238421	-5.77869
-0.230383	-5.78551
-0.222222	-5.79201
-0.213879	-5.79829
-0.206701	-5.80355
-0.199417	-5.80876
-0.191219	-5.81432
-0.183222	-5.82022
-0.175684	-5.8264
-0.168054	-5.83256
-0.159502	-5.83861
-0.151109	-5.84486
-0.143135	-5.85103
-0.133637	-5.85594
-0.124151	-5.86053
-0.11476	-5.86486
-0.105601	-5.86932
-0.0966521	-5.8738
-0.0877949	-5.87824
-0.0779257	-5.88382
-0.068759	-5.88951
-0.0596653	-5.89513
-0.0501061	-5.89933
-0.0407108	-5.90345
-0.0312506	-5.90761
-0.021388	-5.91157
-0.0117584	-5.91601
-0.00213027	-5.91947
0.00762012	-5.92319
0.0174553	-5.92628
0.0275283	-5.92964
0.0376475	-5.9336
0.0476947	-5.93746
0.0580148	-5.94123
0.0679941	-5.94537
0.0778786	-5.94946
0.0871463	-5.95371
0.0963151	-5.95802
0.105408	-5.9625
0.114578	-5.96697
0.122421	-5.97336
0.129466	-5.98034
0.136366	-5.98731
0.144163	-5.99353
0.152133	-6.00143
0.160016	-6.00922
0.167822	-6.01707
0.175808	-6.02535
0.183449	-6.03347
0.191537	-6.04084
0.200141	-6.048
0.208745	-6.05481
0.216035	-6.06152
0.223112	-6.06895
0.230102	-6.07624
0.237145	-6.08385
0.244176	-6.09157
0.251221	-6.10028
0.258212	-6.10832
0.265223	-6.11578
0.272313	-6.12227
0.279344	-6.12874
0.286393	-6.13577
0.293662	-6.14187
0.300979	-6.14658
0.307884	-6.15097
0.31444	-6.1543
0.321811	-6.15833
0.328931	-6.16174
0.336341	-6.16537
0.34454	-6.16984
0.352323	-6.1745
0.359415	-6.17926
0.366293	-6.18428
0.373012	-6.18904
0.380092	-6.1946
0.386908	-6.20037
0.393782	-6.20596
0.401565	-6.21256
0.408565	-6.219
0.415864	-6.22536
0.423124	-6.23142
0.430905	-6.23673
0.438557	-6.24231
0.446256	-6.24788
0.453525	-6.25273
0.460362	-6.25787
0.467394	-6.26298
0.474541	-6.26817
0.481371	-6.27389
0.48806	-6.28049
0.495469	-6.28723
0.502299	-6.2941
0.508059	-6.3013
0.514931	-6.30867
0.521459	-6.31507
0.528511	-6.32184
0.535644	-6.3285
0.541653	-6.33438
0.54771	-6.33953
0.554147	-6.34284
0.560978	-6.34511
0.567842	-6.34704
0.575097	-6.34911
0.582425	-6.35162
0.591555	-6.35352
0.601669	-6.35506
0.611284	-6.35604
0.621224	-6.35737
0.631194	-6.35841
0.640338	-6.36013
0.649191	-6.3625
0.658122	-6.36522
0.667055	-6.36733
0.676361	-6.36952
0.686547	-6.37247
0.695238	-6.37521
0.704109	-6.37824
0.713649	-6.38204
0.72211	-6.38612
0.730302	-6.3902
0.737769	-6.39414
0.744997	-6.39742
0.752458	-6.40042
0.760069	-6.40356
0.768405	-6.40587
0.776506	-6.40819
0.784678	-6.41054
0.793351	-6.41331
0.801848	-6.41654
0.810147	-6.42059
0.818071	-6.4245
0.826713	-6.42784
0.835929	-6.43048
0.845215	-6.433
0.854824	-6.43647
0.863268	-6.44021
0.872097	-6.44387
0.881201	-6.44817
0.890881	-6.45258
0.9004	-6.457
0.909269	-6.46243
0.918654	-6.46751
0.928087	-6.47287
0.937306	-6.47873
0.946397	-6.48493
0.9544	-6.49192
0.962165	-6.4983
0.970008	-6.506
0.977898	-6.51459
0.985937	-6.52299
0.992506	-6.53121
0.999184	-6.54032
1.00587	-6.54893
1.01167	-6.55813
1.01809	-6.56771
1.02417	-6.57757
1.0297	-6.58624
1.03441	-6.5947
1.03808	-6.60211
1.04173	-6.60965
1.04444	-6.61677
1.04764	-6.62387
1.05071	-6.63122
1.05394	-6.63862
1.05703	-6.64633
1.06034	-6.65439
1.06386	-6.66245
1.0671	-6.67077
1.06946	-6.67936
1.07124	-6.68792
1.07276	-6.69547
1.07426	-6.70295
1.07578	-6.71062
1.07795	-6.7189
1.08011	-6.72736
1.08229	-6.73576
1.08427	-6.7439
1.0861	-6.75221
1.08961	-6.76116
1.09238	-6.77116
1.09463	-6.78114
1.09675	-6.79138
1.0987	-6.79979
1.10015	-6.80859
1.1017	-6.81768
1.10306	-6.82642
1.10412	-6.83478
1.10521	-6.84337
1.10615	-6.85162
1.10638	-6.86054
1.10641	-6.86972
1.106	-6.87924
1.10496	-6.88852
1.10443	-6.89817
1.10454	-6.90893
1.10442	-6.91949
1.10422	-6.92985
1.10387	-6.94015
1.10348	-6.95024
1.10366	-6.95948
1.10482	-6.96782
1.10586	-6.97585
1.10748	-6.98484
1.10804	-6.99319
1.10767	-7.00285
1.10729	-7.0119
1.10699	-7.02116
1.10663	-7.02972
1.10552	-7.03904
1.10433	-7.04872
1.10302	-7.05835
1.10227	-7.0682
1.10154	-7.07809
1.10024	-7.08839
1.09829	-7.09815
1.09475	-7.10736
1.09013	-7.11631
1.08507	-7.12641
1.07953	-7.13596
1.07293	-7.1455
1.06603	-7.15462
1.05953	-7.16277
1.05295	-7.17097
1.04563	-7.18024
1.03814	-7.18913
1.03116	-7.19863
1.02389	-7.20777
1.0167	-7.21673
1.00994	-7.22646
1.00363	-7.23609
0.995343	-7.24549
0.987261	-7.25414
0.980933	-7.26193
0.975561	-7.27065
0.970037	-7.27983
0.964103	-7.28894
0.958089	-7.29793
0.952342	-7.30592
0.947345	-7.31385
0.942151	-7.32185
0.937506	-7.33013
0.932158	-7.34003
0.92736	-7.34922
0.922355	-7.35796
0.917099	-7.36632
0.911274	-7.37566
0.905511	-7.38459
0.8993	-7.39275
0.893219	-7.40053
0.886925	-7.40907
0.881216	-7.41695
0.875309	-7.42489
0.869081	-7.43153
0.862352	-7.43794
0.855842	-7.44417
0.849348	-7.45035
0.842288	-7.45544
0.834228	-7.45898
0.825998	-7.46255
0.8185	-7.46626
0.810524	-7.46963
0.802389	-7.47326
0.794403	-7.47717
0.787475	-7.4821
0.779899	-7.48735
0.772412	-7.49184
0.765255	-7.49626
0.757683	-7.50025
0.749895	-7.50427
0.741284	-7.50851
0.732584	-7.51251
0.723799	-7.51602
0.715257	-7.52092
0.706545	-7.52589
0.698141	-7.52998
0.689639	-7.53407
0.681261	-7.53799
0.672988	-7.54255
0.664084	-7.54579
0.654515	-7.54873
0.64485	-7.55252
0.633974	-7.55565
0.622434	-7.55813
0.611177	-7.56067
0.600097	-7.5631
0.589454	-7.56562
0.57924	-7.56843
0.569577	-7.57152
0.559948	-7.57456
0.54921	-7.57638
0.538643	-7.57814
0.527744	-7.57965
0.516669	-7.58058
0.506359	-7.58182
0.495412	-7.58283
0.484645	-7.58392
0.472383	-7.58439
0.460572	-7.58484
0.448804	-7.58586
0.438042	-7.58676
0.426898	-7.58799
0.416232	-7.58907
0.404968	-7.58999
0.392368	-7.59172
0.380132	-7.59383
0.368134	-7.59624
0.356379	-7.59811
0.344924	-7.6001
0.334913	-7.60287
0.325255	-7.60568
0.315673	-7.60842
0.307399	-7.61148
0.300379	-7.61507
0.292984	-7.61884
0.285457	-7.62305
0.277508	-7.62753
0.269632	-7.63241
0.261264	-7.63672
0.252387	-7.64145
0.243817	-7.64619
0.234947	-7.65133
0.226023	-7.65635
0.216067	-7.66146
0.205917	-7.66646
0.195857	-7.67156
0.186066	-7.67656
0.176082	-7.6823
0.16665	-7.68792
0.15747	-7.69341
0.147942	-7.69805
0.138402	-7.70254
0.129862	-7.70828
0.121659	-7.71339
0.113546	-7.71868
0.105392	-7.72393
0.0974774	-7.72924
0.0894246	-7.73465
0.0808602	-7.74068
0.0723522	-7.74659
0.0638028	-7.75217
0.0548431	-7.75704
0.0459965	-7.76189
0.0358816	-7.76668
0.0268646	-7.77089
0.0168175	-7.77412
0.00587173	-7.77708
-0.00286896	-7.78155
-0.0109141	-7.78595
-0.0185657	-7.79021
-0.0267049	-7.79506
-0.0350305	-7.80112
-0.0435108	-7.80725
-0.0512627	-7.81196
-0.0579162	-7.81546
-0.064961	-7.81896
-0.0729593	-7.82231
-0.0814731	-7.82596
-0.0898192	-7.82969
-0.0982089	-7.83348
-0.107494	-7.83741
-0.116619	-7.84143
-0.125945	-7.84541
-0.135307	-7.84948
-0.145191	-7.85311
-0.154924	-7.85675
-0.163671	-7.86042
-0.17201	-7.86421
-0.180731	-7.86802
-0.190648	-7.87086
-0.200254	-7.87282
-0.209753	-7.87485
-0.218656	-7.87686
-0.22727	-7.87835
-0.235809	-7.87981
-0.244615	-7.88122
-0.252535	-7.88218
-0.261171	-7.88383
-0.270217	-7.88589
-0.279165	-7.88801
-0.286129	-7.88925
-0.293126	-7.89064
-0.301259	-7.89282
-0.309877	-7.89587
-0.318534	-7.89878
-0.327031	-7.90272
-0.335918	-7.90657
-0.345974	-7.91122
-0.355523	-7.91494
-0.364857	-7.91843
-0.373986	-7.92191
-0.382119	-7.9259
-0.390241	-7.92994
-0.398307	-7.93399
-0.406337	-7.93814
-0.414366	-7.94164
-0.422771	-7.94552
-0.432047	-7.94968
-0.441091	-7.9544
-0.450692	-7.96015
-0.459738	-7.96434
-0.468371	-7.96857
-0.477435	-7.97373
-0.485083	-7.97984
-0.493551	-7.98704
-0.501288	-7.9932
-0.508912	-7.99937
-0.516521	-8.00537
-0.523257	-8.0122
-0.530991	-8.0191
-0.538375	-8.02607
-0.545342	-8.0334
-0.551969	-8.04221
-0.558091	-8.05083
-0.56404	-8.06008
-0.569191	-8.06953
-0.574681	-8.07887
-0.579715	-8.08812
-0.583595	-8.09693
-0.587166	-8.10628
-0.590424	-8.11598
-0.592723	-8.12586
-0.594476	-8.1367
-0.595937	-8.14734
-0.597757	-8.1575
-0.598518	-8.16808
-0.598891	-8.17892
-0.598689	-8.1903
-0.598837	-8.20047
-0.600038	-8.21171
-0.601098	-8.22267
-0.602503	-8.23399
-0.602686	-8.24424
-0.602792	-8.25512
-0.602767	-8.26583
-0.603346	-8.27578
-0.604198	-8.28572
-0.605051	-8.29567
-0.605467	-8.30538
-0.605172	-8.31625
-0.604349	-8.32714
-0.601615	-8.33782
-0.599247	-8.34808
-0.596919	-8.35826
-0.594328	-8.36749
-0.59164	-8.37731
-0.589573	-8.38693
-0.586777	-8.39684
-0.583982	-8.4058
-0.580439	-8.41546
-0.577356	-8.42517
-0.575514	-8.43465
-0.573471	-8.44439
-0.572238	-8.45338
-0.571103	-8.4623
-0.569084	-8.47099
-0.566815	-8.47991
-0.564271	-8.48712
-0.561484	-8.49541
-0.558073	-8.50326
-0.554324	-8.51121
-0.549111	-8.51936
-0.543888	-8.52854
-0.538758	-8.53733
-0.534061	-8.54705
-0.529337	-8.55653
-0.524926	-8.5663
-0.520844	-8.57606
-0.517949	-8.58532
-0.514773	-8.59526
-0.511754	-8.60381
-0.508963	-8.61303
-0.506241	-8.62211
-0.504674	-8.63032
-0.502523	-8.63792
-0.4982	-8.64512
-0.493914	-8.65101
-0.489414	-8.65723
-0.485095	-8.66211
-0.480758	-8.66777
-0.475788	-8.6735
-0.470483	-8.67933
-0.465494	-8.6846
-0.460241	-8.68999
-0.454206	-8.69651
-0.448204	-8.70332
-0.441981	-8.7106
-0.43574	-8.71838
-0.429097	-8.7259
-0.424291	-8.73253
-0.419146	-8.73981
-0.414056	-8.74601
-0.408831	-8.75277
-0.403387	-8.75943
-0.3972	-8.76589
-0.391563	-8.77396
-0.386349	-8.78177
-0.380823	-8.78963
-0.375315	-8.79725
-0.369539	-8.805
-0.36356	-8.81256
-0.357222	-8.81976
-0.35106	-8.82692
-0.343854	-8.83415
-0.336978	-8.84098
-0.330691	-8.84716
-0.324459	-8.85262
-0.317699	-8.85872
-0.31076	-8.8648
-0.305208	-8.8708
-0.299435	-8.87709
-0.294062	-8.88422
-0.288515	-8.89163
-0.282474	-8.89888
-0.275448	-8.90609
-0.26844	-8.91302
-0.26102	-8.91947
-0.254212	-8.92663
-0.247345	-8.93374
-0.240385	-8.94007
-0.233483	-8.94641
-0.226436	-8.95272
-0.219363	-8.95921
-0.212539	-8.96583
-0.205642	-8.97245
-0.197287	-8.97921
-0.18848	-8.98618
-0.180898	-8.99311
-0.172259	-9.00028
-0.162397	-9.00779
-0.153336	-9.01468
-0.144435	-9.02134
-0.135605	-9.02791
-0.127227	-9.03258
-0.117553	-9.03705
-0.10747	-9.04105
-0.0976001	-9.04493
-0.0885256	-9.04881
-0.0799909	-9.05277
-0.0717884	-9.05656
-0.0635216	-9.06091
-0.0553037	-9.06527
-0.0474848	-9.06863
-0.0394468	-9.07204
-0.0315679	-9.07591
-0.0228527	-9.08001
-0.0157686	-9.08396
-0.0076535	-9.08893
-0.000119295	-9.09387
0.00718943	-9.09715
0.0153245	-9.10058
0.0242393	-9.10413
0.033425	-9.10694
0.0411749	-9.10956
0.0491845	-9.11247
0.0568474	-9.11545
0.0632982	-9.11767
0.0697915	-9.11927
0.0770436	-9.1198
0.0850521	-9.12037
0.0940127	-9.12098
0.103267	-9.12149
0.11213	-9.12203
0.1211	-9.12255
0.130065	-9.12308
0.138481	-9.12333
0.146584	-9.12364
0.15482	-9.12401
0.163462	-9.12387
0.172284	-9.12354
0.180983	-9.12345
0.189388	-9.12301
0.196764	-9.12263
0.204576	-9.12229
0.21334	-9.12222
0.221987	-9.12341
0.229584	-9.12473
0.237134	-9.12668
0.245485	-9.128
0.253738	-9.12851
0.262368	-9.12951
0.270877	-9.13113
0.279596	-9.13242
0.288262	-9.13367
0.295599	-9.13401
0.302727	-9.13429
0.309564	-9.13299
0.316638	-9.13225
0.323974	-9.13116
0.331482	-9.12995
0.340054	-9.1293
0.348769	-9.12865
0.356094	-9.12846
0.363283	-9.1285
0.369372	-9.12895
0.376734	-9.12975
0.384631	-9.1306
0.392941	-9.13092
0.401563	-9.13114
0.410502	-9.13102
0.420401	-9.13112
0.429928	-9.13092
0.439783	-9.13036
0.450558	-9.13067
0.461156	-9.13161
0.471506	-9.13136
0.48124	-9.1318
0.491131	-9.13197
0.501081	-9.13142
0.510436	-9.13109
0.519414	-9.13071
0.528665	-9.12994
0.54013	-9.12933
0.550839	-9.12856
0.561045	-9.12885
0.569819	-9.12744
0.578932	-9.12661
0.58792	-9.12524
0.59716	-9.12362
0.606624	-9.12259
0.616607	-9.12271
0.62662	-9.12306
0.636521	-9.12356
0.647902	-9.12369
0.658198	-9.12401
0.667907	-9.12467
0.677326	-9.12521
0.685071	-9.12584
0.693132	-9.12634
0.700506	-9.12645
0.708671	-9.12661
0.717082	-9.1269
0.726384	-9.12652
0.735841	-9.12601
0.744819	-9.12586
0.75409	-9.1257
0.763149	-9.12622
0.772001	-9.12737
0.781138	-9.12864
0.789558	-9.13016
0.797441	-9.13205
0.806336	-9.1334
0.815509	-9.13446
0.825485	-9.13527
0.835096	-9.13579
0.843755	-9.13681
0.854129	-9.13621
0.863639	-9.13553
0.873007	-9.13441
0.882842	-9.13266
0.892488	-9.13081
0.901933	-9.12885
0.91129	-9.12664
0.920568	-9.12418
0.930086	-9.12251
0.940039	-9.12135
0.949765	-9.1202
0.958928	-9.11784
0.967036	-9.11468
0.975045	-9.11154
0.984001	-9.10848
0.993216	-9.10628
1.00248	-9.10454
1.01026	-9.10377
1.01739	-9.10239
1.02543	-9.10071
1.03409	-9.09837
1.04324	-9.09767
1.05275	-9.09796
1.06215	-9.09825
1.07127	-9.0986
1.08077	-9.0982
1.08982	-9.09755
1.09919	-9.09691
1.10919	-9.0955
1.11874	-9.09486
1.12767	-9.09375
1.13567	-9.09254
1.14438	-9.09117
1.15264	-9.08943
1.16095	-9.08705
1.16994	-9.08373
1.17893	-9.08133
1.18826	-9.07918
1.19694	-9.07692
1.20584	-9.07389
1.21348	-9.07078
1.2208	-9.06797
1.22722	-9.06581
1.23418	-9.06344
1.24142	-9.06096
1.24817	-9.05808
1.25516	-9.05529
1.26195	-9.05211
1.26917	-9.04912
1.27662	-9.0459
1.2839	-9.04334
1.29169	-9.04014
1.29968	-9.03688
1.30775	-9.03227
1.31713	-9.02751
1.32641	-9.02264
1.33504	-9.01843
1.34347	-9.01552
1.35215	-9.01268
1.3605	-9.01073
1.37015	-9.00774
1.37896	-9.00522
1.38763	-9.00345
1.3969	-9.0016
1.40547	-8.99927
1.41372	-8.9976
1.42197	-8.99649
1.42947	-8.99501
1.43785	-8.99308
1.44582	-8.99038
1.45392	-8.98777
1.46223	-8.98524
1.46982	-8.98331
1.47837	-8.98184
1.4868	-8.98041
1.49645	-8.97863
1.50521	-8.97664
1.51289	-8.97457
1.52051	-8.97263
1.52882	-8.97088
1.53818	-8.96837
1.54735	-8.96605
1.55695	-8.96385
1.56705	-8.9623
1.57618	-8.96063
1.58553	-8.95933
1.59505	-8.95733
1.60448	-8.95529
1.61404	-8.95255
1.62416	-8.95095
1.63346	-8.9499
1.64284	-8.94874
1.65241	-8.94766
1.66197	-8.9462
1.67238	-8.94481
1.68286	-8.94306
1.69319	-8.94136
1.70318	-8.93944
1.71297	-8.93663
1.72189	-8.93491
1.73099	-8.93324
1.74008	-8.93153
1.74905	-8.92971
1.75861	-8.92795
1.76792	-8.92596
1.77835	-8.92348
1.78949	-8.9212
1.8003	-8.919
1.81097	-8.91688
1.82135	-8.91508
1.83162	-8.91263
1.84184	-8.9106
1.8522	-8.90904
1.86111	-8.90594
1.8714	-8.90226
1.88292	-8.89897
1.89363	-8.8953
1.90421	-8.89171
1.91374	-8.88793
1.92314	-8.88421
1.932	-8.88063
1.94154	-8.87565
1.95043	-8.87133
1.95904	-8.867
1.96752	-8.86253
1.97576	-8.85849
1.98399	-8.8544
1.99477	-8.85067
2.00509	-8.84726
2.01503	-8.84436
2.02523	-8.84231
2.03515	-8.84125
2.04519	-8.84054
2.05535	-8.8398
2.0653	-8.83955
2.07529	-8.83895
2.08608	-8.83832
2.09591	-8.83787
2.10561	-8.83753
2.11538	-8.83768
2.12508	-8.8378
2.13487	-8.83816
2.14375	-8.83851
2.15167	-8.83879
2.16011	-8.83857
2.16862	-8.83847
2.17726	-8.83895
2.18626	-8.83941
2.19564	-8.83998
2.20592	-8.84031
2.21602	-8.84121
2.22586	-8.84199
2.23584	-8.84403
2.24574	-8.84652
2.25656	-8.85145
2.26702	-8.85621
2.27814	-8.86051
2.28899	-8.86482
2.29878	-8.869
2.30816	-8.87339
2.31738	-8.87774
2.32653	-8.88207
2.33554	-8.8864
2.34383	-8.8907
2.3519	-8.89569
2.36009	-8.90065
2.36816	-8.90558
2.37576	-8.90944
2.3828	-8.9133
2.39062	-8.9173
2.39844	-8.92144
2.40732	-8.92508
2.41566	-8.92859
2.42364	-8.93094
2.43123	-8.93314
2.44036	-8.937
2.44953	-8.94002
2.45776	-8.9429
2.46693	-8.94642
2.47573	-8.9504
2.48478	-8.95297
2.49367	-8.95554
2.5025	-8.95967
2.51131	-8.96542
2.51998	-8.97109
2.52768	-8.97765
2.53516	-8.98484
2.54243	-8.99225
2.55038	-9.00008
2.55704	-9.00707
2.5633	-9.01364
2.57021	-9.01915
2.57719	-9.0248
2.58475	-9.03062
2.5914	-9.03625
2.59985	-9.04157
2.60801	-9.04708
2.61602	-9.0523
2.62385	-9.05704
2.63127	-9.06193
2.63893	-9.0669
2.64738	-9.07201
2.65617	-9.07738
2.66531	-9.08309
2.67337	-9.08791
2.68141	-9.09256
2.68972	-9.09769
2.69835	-9.10217
2.70693	-9.10647
2.71554	-9.1107
2.72482	-9.11321
2.73396	-9.11564
2.74313	-9.11821
2.75325	-9.12123
2.76399	-9.12471
2.77406	-9.12851
2.78307	-9.13169
2.79216	-9.13512
2.80271	-9.13837
2.81346	-9.14139
2.82281	-9.14514
2.83199	-9.14897
2.84039	-9.15229
2.84892	-9.15601
2.85771	-9.15983
2.86649	-9.16367
2.87538	-9.16744
2.88393	-9.17178
2.89244	-9.17576
2.90206	-9.18065
2.91113	-9.18577
2.92059	-9.19125
2.92972	-9.19603
2.93835	-9.2025
2.94626	-9.20873
2.95411	-9.21492
2.96072	-9.22078
2.96702	-9.22651
2.97396	-9.23154
2.98104	-9.23689
2.98865	-9.24279
2.99634	-9.24805
3.00369	-9.25268
3.01136	-9.25783
3.01901	-9.26316
3.02665	-9.26932
3.03315	-9.27557
3.03926	-9.28159
3.04537	-9.28642
3.05309	-9.28988
3.0605	-9.29346
3.0678	-9.29698
3.0761	-9.30116
3.0844	-9.30535
3.09223	-9.3106
3.09963	-9.31542
3.10646	-9.32067
3.11391	-9.32602
3.12188	-9.33212
3.12882	-9.33816
3.13531	-9.34518
3.14213	-9.3518
3.1492	-9.3581
3.15646	-9.36367
3.16375	-9.36926
3.17114	-9.37509
3.17952	-9.3819
3.1871	-9.38932
3.19484	-9.39646
3.20217	-9.40372
3.20912	-9.40972
3.21643	-9.41642
3.22414	-9.42305
3.23155	-9.42984
3.23896	-9.43726
3.24749	-9.44408
3.25583	-9.45122
3.26512	-9.45767
3.27417	-9.46396
3.28195	-9.47019
3.29116	-9.47597
3.29994	-9.48149
3.30905	-9.48686
3.31801	-9.49216
3.32695	-9.49732
3.33513	-9.50371
3.34315	-9.51007
3.35096	-9.51674
3.35903	-9.52323
3.36687	-9.52959
3.37482	-9.53529
3.38403	-9.54151
3.39316	-9.54767
3.40204	-9.55292
3.41121	-9.55823
3.42042	-9.56456
3.42755	-9.57056
3.4341	-9.5768
3.44065	-9.58309
3.44732	-9.58932
3.45429	-9.59538
3.46221	-9.60185
3.47051	-9.60943
3.47807	-9.61724
3.48614	-9.6244
3.49359	-9.631
3.50103	-9.63647
3.50796	-9.64092
3.51559	-9.64595
3.52339	-9.65053
3.53019	-9.65641
3.53818	-9.6633
3.54605	-9.67043
3.55371	-9.67742
3.56129	-9.68432
3.56909	-9.69046
3.57733	-9.69705
3.58534	-9.70356
3.59326	-9.70917
3.60212	-9.71451
3.61077	-9.72009
3.61763	-9.72493
3.62292	-9.72925
3.62907	-9.73374
3.6337	-9.73944
3.63745	-9.74433
3.64179	-9.74996
3.64667	-9.75457
3.65179	-9.76057
3.6566	-9.76534
3.66053	-9.76988
3.66399	-9.77483
3.66634	-9.77969
3.66901	-9.78518
3.67221	-9.79096
3.6754	-9.79625
3.67861	-9.80207
3.68212	-9.80802
3.68566	-9.81438
3.68954	-9.82027
3.69368	-9.82626
3.69765	-9.83224
3.70236	-9.83961
3.70655	-9.84668
3.71129	-9.85398
3.71714	-9.86098
3.72111	-9.86809
3.72522	-9.87536
3.72947	-9.88272
3.73298	-9.88958
3.73689	-9.89634
3.73974	-9.90296
3.74239	-9.90997
3.74474	-9.91703
3.74658	-9.9253
3.74845	-9.93356
3.75074	-9.94201
3.75275	-9.95092
3.75402	-9.96055
3.75513	-9.97014
3.75689	-9.97894
3.75997	-9.98836
3.76263	-9.99651
3.76613	-10.0045
3.77004	-10.0137
3.77291	-10.0225
3.7751	-10.031
3.77733	-10.0394
3.77951	-10.0479
3.78199	-10.0579
3.78355	-10.0683
3.78557	-10.0789
3.78641	-10.0888
3.78748	-10.0982
3.78802	-10.1072
3.78826	-10.1165
3.78952	-10.126
3.79052	-10.1355
3.79172	-10.1437
3.79251	-10.1528
3.79294	-10.162
3.79378	-10.1719
3.79489	-10.1821
3.79603	-10.1924
3.79842	-10.2023
3.80035	-10.2121
3.80202	-10.222
3.80362	-10.2308
3.80566	-10.2394
3.8084	-10.2486
3.81099	-10.2569
3.81321	-10.2641
3.815	-10.2722
3.81623	-10.2799
3.81755	-10.2878
3.81801	-10.2955
3.81896	-10.3043
3.82063	-10.3138
3.82226	-10.3235
3.82479	-10.3329
3.82743	-10.3427
3.83008	-10.3525
3.83286	-10.3623
3.83553	-10.372
3.83969	-10.3819
3.84388	-10.3927
3.84843	-10.4037
3.85299	-10.4147
3.85738	-10.4254
3.86165	-10.4357
3.86601	-10.4455
3.87154	-10.4556
3.877	-10.4655
3.8823	-10.4751
3.8882	-10.4833
3.89379	-10.4915
3.89976	-10.5001
3.90562	-10.5085
3.9116	-10.5166
3.91852	-10.5234
3.92565	-10.5301
3.93403	-10.5366
3.94226	-10.5431
3.94942	-10.5503
3.95654	-10.5568
3.96366	-10.5632
3.97152	-10.5691
3.97931	-10.5749
3.9872	-10.5807
3.99565	-10.588
4.00384	-10.5953
4.01177	-10.6024
4.01989	-10.6092
4.02776	-10.6157
4.03547	-10.6222
4.04311	-10.6289
4.05106	-10.6347
4.05928	-10.6407
4.06745	-10.6475
4.07405	-10.654
4.08054	-10.6603
4.08748	-10.666
4.09442	-10.6722
4.10029	-10.6786
4.10574	-10.6855
4.11067	-10.6928
4.11655	-10.7002
4.1224	-10.7071
4.12881	-10.714
4.13571	-10.7206
4.14272	-10.7278
4.1509	-10.7351
4.15924	-10.7415
4.1674	-10.748
4.17439	-10.7543
4.18114	-10.7615
4.18718	-10.769
4.1934	-10.7764
4.19957	-10.784
4.20577	-10.7916
4.21187	-10.7999
4.21803	-10.8078
4.22419	-10.8163
4.22895	-10.8253
4.23339	-10.8339
4.23815	-10.8423
4.24277	-10.8508
4.24815	-10.8594
4.2533	-10.8666
4.25854	-10.874
4.26463	-10.8802
4.27171	-10.8868
4.27894	-10.8925
4.28657	-10.8978
4.29359	-10.9021
4.30146	-10.9063
4.30991	-10.91
4.3173	-10.9138
4.3249	-10.9176
4.33202	-10.9207
4.33906	-10.9239
4.34639	-10.9271
4.35412	-10.9309
4.36142	-10.9362
4.36882	-10.9423
4.37621	-10.9485
4.38438	-10.9554
4.3924	-10.9621
4.40069	-10.9698
4.40864	-10.9777
4.41643	-10.9854
4.42374	-10.9919
4.43154	-10.9991
4.43969	-11.0058
4.44797	-11.0125
4.45608	-11.0182
4.46413	-11.0239
4.47202	-11.0301
4.4798	-11.0361
4.48735	-11.0426
4.49499	-11.0486
4.50226	-11.0547
4.51001	-11.0609
4.51805	-11.0677
4.52621	-11.0743
4.53417	-11.0811
4.54205	-11.0877
4.54911	-11.0945
4.55672	-11.1
4.56452	-11.1054
4.57269	-11.1097
4.58064	-11.1135
4.58872	-11.1174
4.59671	-11.1213
4.60496	-11.1249
4.61364	-11.1288
4.62241	-11.1325
4.631	-11.1359
4.63888	-11.1394
4.64607	-11.142
4.65371	-11.1439
4.6619	-11.1459
4.67009	-11.1477
4.67929	-11.1501
4.68884	-11.1525
4.69926	-11.1555
4.70924	-11.1584
4.71882	-11.1625
4.72881	-11.1657
4.7387	-11.1696
4.74895	-11.174
4.75818	-11.1778
4.76713	-11.1821
4.77606	-11.1864
4.78495	-11.1914
4.79409	-11.1968
4.80301	-11.2015
4.81186	-11.2062
4.82045	-11.2106
4.82873	-11.2146
4.83762	-11.2192
4.8464	-11.224
4.85476	-11.229
4.86324	-11.2341
4.87181	-11.2393
4.88072	-11.2448
4.88954	-11.2503
4.89767	-11.2562
4.90629	-11.2618
4.9153	-11.2666
4.92372	-11.2712
4.93238	-11.2761
4.94135	-11.2805
4.95049	-11.2845
4.95896	-11.2883
4.96795	-11.2915
4.97679	-11.2943
4.98575	-11.297
4.99454	-11.2982
5.00378	-11.2997
5.01429	-11.3016
5.02459	-11.3034
5.03461	-11.3052
5.0448	-11.3068
5.05482	-11.3085
5.06523	-11.3101
5.07547	-11.3117
5.08509	-11.3133
5.09455	-11.3153
5.10348	-11.3157
5.11357	-11.3161
5.12324	-11.316
5.13292	-11.3157
5.1435	-11.3154
5.15365	-11.3154
5.16364	-11.3157
5.17361	-11.3161
5.18385	-11.3162
5.19377	-11.3159
5.20371	-11.3156
5.21451	-11.3163
5.22413	-11.3175
5.23421	-11.3195
5.24451	-11.3214
5.25492	-11.3231
5.26514	-11.3254
5.27487	-11.3271
5.28508	-11.3291
5.29544	-11.3311
5.30637	-11.3342
5.31557	-11.3369
5.3255	-11.3394
5.33537	-11.342
5.34487	-11.3456
5.35402	-11.3486
5.36273	-11.3514
5.37226	-11.354
5.38259	-11.3568
5.39285	-11.359
5.40235	-11.361
5.4107	-11.3633
5.41914	-11.3642
5.42782	-11.3644
5.43673	-11.3644
5.44614	-11.3644
5.45563	-11.3635
5.46467	-11.362
5.47445	-11.3608
5.48475	-11.3597
5.49494	-11.3583
5.50589	-11.3568
5.51525	-11.3553
5.52502	-11.3537
5.53438	-11.3522
5.54347	-11.3499
5.5523	-11.3479
5.56206	-11.346
5.57275	-11.3441
5.58289	-11.3419
5.59283	-11.3414
5.60347	-11.341
5.61428	-11.3409
5.62461	-11.3404
5.63574	-11.3382
5.64711	-11.3362
5.65622	-11.3345
5.66483	-11.3325
5.67353	-11.3321
5.68252	-11.3314
5.69177	-11.3303
5.70074	-11.3296
5.70986	-11.329
5.71931	-11.3284
5.72882	-11.3273
5.73848	-11.3264
5.74766	-11.3258
5.75697	-11.3252
5.76588	-11.3248
5.77427	-11.3247
5.78318	-11.3241
5.79218	-11.3256
5.80083	-11.3274
5.80958	-11.3292
5.81916	-11.3308
5.82889	-11.3329
5.83799	-11.3342
5.84793	-11.3346
5.85933	-11.3345
5.87043	-11.3343
5.88051	-11.3334
5.89006	-11.3324
5.9	-11.3313
5.91001	-11.3299
5.91989	-11.3289
5.92983	-11.328
5.93961	-11.3275
5.94887	-11.3263
5.95771	-11.3242
5.96662	-11.3226
5.9761	-11.3208
5.98514	-11.3178
5.99445	-11.3137
6.00319	-11.3108
6.01233	-11.3074
6.0217	-11.3045
6.03035	-11.3014
6.03858	-11.2985
6.0464	-11.295
6.0544	-11.2916
6.06254	-11.2883
6.07082	-11.2848
6.07933	-11.2812
6.08655	-11.2784
6.09415	-11.275
6.10241	-11.2714
6.11298	-11.2673
6.12333	-11.263
6.13346	-11.2589
6.14434	-11.2557
6.15494	-11.252
6.16483	-11.2485
6.17494	-11.2458
6.18444	-11.2435
6.19403	-11.2414
6.20344	-11.2392
6.21341	-11.2357
6.22325	-11.2331
6.23317	-11.2306
6.24309	-11.2279
6.25347	-11.2252
6.26335	-11.223
6.27295	-11.223
6.28326	-11.2232
6.29258	-11.2237
6.30223	-11.2242
6.31173	-11.2249
6.32075	-11.2254
6.33014	-11.2255
6.3395	-11.2253
6.349	-11.2244
6.35837	-11.2229
6.36688	-11.2202
6.37557	-11.2179
6.38468	-11.2151
6.39384	-11.212
6.40249	-11.2088
6.41148	-11.2067
6.42164	-11.2045
6.43137	-11.2025
6.4412	-11.1999
6.45096	-11.1973
6.46045	-11.195
6.47004	-11.1928
6.48033	-11.1904
6.49053	-11.188
6.50035	-11.187
6.51056	-11.1863
6.5214	-11.1858
6.53162	-11.1861
6.54169	-11.1864
6.55164	-11.1873
6.56117	-11.188
6.57026	-11.1903
6.57956	-11.1939
6.58881	-11.1974
6.59793	-11.1994
6.6068	-11.202
6.61542	-11.2047
6.6248	-11.2074
6.63388	-11.2103
6.6429	-11.2131
6.65187	-11.2158
6.66075	-11.2184
6.66972	-11.2211
6.67945	-11.2239
6.68934	-11.2267
6.69938	-11.2295
6.70944	-11.2314
6.72006	-11.2334
6.72842	-11.2362
6.73827	-11.239
6.74763	-11.241
6.75674	-11.2426
6.76676	-11.2449
6.7765	-11.2471
6.78637	-11.2496
6.79563	-11.2521
6.80554	-11.2545
6.81512	-11.2574
6.82494	-11.2608
6.83483	-11.2643
6.84447	-11.2677
6.85376	-11.2715
6.86281	-11.2755
6.87193	-11.2796
6.88041	-11.2834
6.8876	-11.2863
6.89647	-11.2895
6.90535	-11.2927
6.91416	-11.2959
6.92592	-11.2992
6.9375	-11.3026
6.94797	-11.306
6.9575	-11.3098
6.96756	-11.314
6.9778	-11.3186
6.98797	-11.3234
6.99758	-11.3288
7.00704	-11.3339
7.01665	-11.3393
7.02623	-11.344
7.03518	-11.3482
7.04459	-11.3524
7.05342	-11.3551
7.06251	-11.3574
7.07095	-11.3608
7.0799	-11.3642
7.08912	-11.368
7.09814	-11.3716
7.10762	-11.377
7.11807	-11.3825
7.12827	-11.3876
7.13822	-11.3926
7.1474	-11.3977
7.15661	-11.4031
7.16511	-11.4087
7.1738	-11.4144
7.18291	-11.4207
7.19181	-11.427
7.20037	-11.433
7.20902	-11.4388
7.2179	-11.444
7.22674	-11.4492
7.23528	-11.4544
7.24307	-11.4594
7.25125	-11.4641
7.25972	-11.4676
7.26958	-11.472
7.27844	-11.476
7.2874	-11.4809
7.29619	-11.4859
7.30432	-11.4887
7.31221	-11.4914
7.32026	-11.4943
7.32802	-11.497
7.33623	-11.5001
7.34441	-11.5041
7.35219	-11.5072
7.36039	-11.5103
7.36955	-11.5121
7.37863	-11.5136
7.38807	-11.5155
7.39652	-11.5174
7.40525	-11.5193
7.41439	-11.5217
7.42373	-11.5241
7.43316	-11.5265
7.44328	-11.5288
7.45309	-11.5316
7.46369	-11.5347
7.47516	-11.5394
7.48482	-11.5428
7.49422	-11.5468
7.50377	-11.5508
7.5134	-11.5546
7.52298	-11.5581
7.5334	-11.5617
7.54625	-11.5652
7.55798	-11.5691
7.56954	-11.5734
7.58111	-11.5778
7.59398	-11.583
7.60695	-11.5881
7.61915	-11.5937
7.63204	-11.5981
7.6443	-11.6023
7.65568	-11.6055
7.66675	-11.6084
7.67747	-11.6108
7.68665	-11.6121
7.69644	-11.614
7.70639	-11.6167
7.7161	-11.6189
7.7257	-11.6211
7.73513	-11.6221
7.744	-11.6234
7.75303	-11.6249
7.76116	-11.6261
7.76886	-11.6271
7.77617	-11.6283
7.78497	-11.6296
7.79392	-11.6309
7.80324	-11.6327
7.81427	-11.6347
7.82486	-11.6365
7.83498	-11.6383
7.84523	-11.6399
7.85449	-11.6409
7.86363	-11.6411
7.87358	-11.6405
7.88402	-11.6396
7.89426	-11.6388
7.90504	-11.6381
7.91479	-11.6377
7.92415	-11.6377
7.93388	-11.6383
7.94353	-11.6392
7.95308	-11.6404
7.96257	-11.6422
7.97177	-11.644
7.98005	-11.6454
7.9887	-11.6468
7.99666	-11.6479
8.00486	-11.6494
8.01381	-11.6519
8.0227	-11.6543
8.03111	-11.6565
8.04055	-11.6584
8.05005	-11.6607
8.05881	-11.663
8.06809	-11.6655
8.07748	-11.6677
8.087	-11.6694
8.09604	-11.6702
8.10446	-11.6712
8.11255	-11.6721
8.12082	-11.6726
8.12839	-11.6737
8.13634	-11.6751
8.14455	-11.6763
8.15226	-11.6777
8.16037	-11.6788
8.1686	-11.6801
8.17721	-11.6817
8.18696	-11.6827
8.19718	-11.6844
8.20697	-11.6861
8.21657	-11.6878
8.22653	-11.69
8.23646	-11.6929
8.24617	-11.6953
8.25584	-11.6976
8.26597	-11.7009
8.27733	-11.7037
8.28852	-11.7064
8.29939	-11.7091
8.30987	-11.7117
8.31992	-11.7142
8.32898	-11.7177
8.33802	-11.7211
8.34775	-11.7243
8.35761	-11.7283
8.36591	-11.7316
8.37458	-11.7353
8.38207	-11.7386
8.38976	-11.7418
8.39757	-11.7465
8.4059	-11.7515
8.41429	-11.7565
8.42221	-11.7606
8.43008	-11.7648
8.43782	-11.7683
8.44623	-11.7727
8.45479	-11.7777
8.46293	-11.7824
8.47108	-11.7871
8.48056	-11.7928
8.49013	-11.7994
8.4997	-11.8058
8.50931	-11.8116
8.52009	-11.8177
8.53106	-11.8231
8.54157	-11.8286
8.55081	-11.8353
8.55939	-11.8414
8.56817	-11.8477
8.57625	-11.8538
8.58387	-11.8591
8.59081	-11.8651
8.59876	-11.8692
8.60807	-11.8711
8.61777	-11.8729
8.62592	-11.875
8.63273	-11.8779
8.63973	-11.8813
8.64737	-11.8848
8.65516	-11.8892
8.6618	-11.8933
8.66799	-11.899
8.67423	-11.9049
8.68133	-11.9104
8.6884	-11.9154
8.69546	-11.9204
8.70288	-11.926
8.70958	-11.931
8.71561	-11.9365
8.72188	-11.9419
8.72769	-11.9471
8.73379	-11.9529
8.73955	-11.9576
8.74592	-11.9635
8.75232	-11.9698
8.75955	-11.9757
8.76681	-11.9816
8.77536	-11.987
8.78421	-11.9918
8.79238	-11.9966
8.80058	-12.0014
8.80905	-12.0063
8.81813	-12.0107
8.82601	-12.0154
8.8338	-12.0201
8.84181	-12.025
8.84985	-12.0299
8.85788	-12.035
8.8651	-12.0395
8.87083	-12.0428
8.87769	-12.0461
8.8827	-12.0495
8.88894	-12.052
8.89559	-12.0547
8.90262	-12.0575
8.90995	-12.0601
8.91782	-12.0637
8.9258	-12.0674
8.93387	-12.0712
8.94276	-12.0758
8.95154	-12.0803
8.95911	-12.084
8.96626	-12.0869
8.97313	-12.0904
8.97995	-12.0944
8.98688	-12.0984
8.99399	-12.1038
9.00118	-12.11
9.00804	-12.1165
9.01517	-12.1227
9.02226	-12.1283
9.02939	-12.134
9.03836	-12.1392
9.049	-12.1439
9.05992	-12.1491
9.06977	-12.1552
9.07936	-12.1611
9.08874	-12.1667
9.09838	-12.1727
9.10741	-12.179
9.11619	-12.1855
9.12456	-12.1931
9.13275	-12.2004
9.14067	-12.2077
9.14744	-12.2153
9.15453	-12.2222
9.16164	-12.2292
9.16872	-12.2371
9.17543	-12.2445
9.18222	-12.2518
9.18831	-12.2594
9.19357	-12.2673
9.19879	-12.2751
9.20579	-12.2821
9.21284	-12.2903
9.21949	-12.2985
9.22704	-12.3068
9.23538	-12.3164
9.24313	-12.3253
9.25004	-12.334
9.2569	-12.3424
9.26395	-12.3502
9.26991	-12.3573
9.2774	-12.3649
9.2843	-12.3723
9.29097	-12.3797
9.29797	-12.3871
9.30502	-12.395
9.31256	-12.4022
9.31989	-12.4096
9.32738	-12.4162
9.33362	-12.4225
9.33892	-12.4275
9.34427	-12.4341
9.34963	-12.4409
9.35505	-12.4485
9.35911	-12.4564
9.36318	-12.4649
9.3682	-12.4735
9.37314	-12.482
9.37944	-12.4927
9.38609	-12.503
9.39246	-12.513
9.4004	-12.5224
9.40821	-12.5315
9.41554	-12.5406
9.42278	-12.5493
9.42995	-12.558
9.43652	-12.5656
9.4423	-12.574
9.4479	-12.5822
9.45335	-12.5901
9.45885	-12.5984
9.46445	-12.6065
9.47032	-12.6139
9.47612	-12.6213
9.48258	-12.6291
9.48811	-12.6376
9.49508	-12.6465
9.5014	-12.6558
9.50784	-12.6647
9.51374	-12.6742
9.5194	-12.684
9.52414	-12.6935
9.52851	-12.7022
9.5317	-12.711
9.53549	-12.7199
9.53981	-12.7287
9.54413	-12.7374
9.54872	-12.7453
9.553	-12.7536
9.55731	-12.7619
9.56165	-12.7704
9.56597	-12.779
9.57074	-12.7886
9.57536	-12.7981
9.58087	-12.8081
9.58655	-12.8183
9.59213	-12.829
9.59829	-12.8399
9.60518	-12.8507
9.61184	-12.861
9.61835	-12.8722
9.62462	-12.8826
9.63154	-12.8928
9.63819	-12.9027
9.64383	-12.9125
9.6496	-12.9219
9.65501	-12.931
9.66008	-12.9399
9.66627	-12.9489
9.67169	-12.9584
9.67699	-12.9677
9.68277	-12.9769
9.6869	-12.9848
9.69101	-12.9929
9.69547	-13.0009
9.70039	-13.0087
9.70527	-13.0166
9.70861	-13.0243
9.7121	-13.0322
9.7158	-13.0403
9.71928	-13.0486
9.72277	-13.057
9.72713	-13.0666
9.73207	-13.0762
9.73697	-13.0856
9.74094	-13.0956
9.74511	-13.106
9.74918	-13.1161
9.75309	-13.126
9.7571	-13.136
9.76083	-13.1463
9.7646	-13.1565
9.76772	-13.1668
9.77098	-13.1772
9.77422	-13.1874
9.77775	-13.1968
9.78217	-13.2066
9.78674	-13.2158
9.79117	-13.2249
9.79605	-13.2336
9.80155	-13.2427
9.80667	-13.2511
9.81226	-13.2594
9.81777	-13.267
9.82302	-13.275
9.82789	-13.2833
9.83236	-13.2917
9.83765	-13.2994
9.84298	-13.3073
9.8493	-13.3151
9.85562	-13.3227
9.86235	-13.3295
9.86944	-13.3362
9.87574	-13.3427
9.88204	-13.3492
9.88812	-13.3555
9.8943	-13.362
9.90046	-13.3685
9.90652	-13.3749
9.91269	-13.3814
9.9186	-13.3883
9.92495	-13.3945
9.93291	-13.4007
9.94113	-13.4077
9.94917	-13.4147
9.95715	-13.4218
9.96497	-13.429
9.97311	-13.4354
9.9811	-13.442
9.98833	-13.4495
9.99639	-13.4585
10.0038	-13.4678
10.0113	-13.4768
10.0187	-13.4852
10.0261	-13.4939
10.0336	-13.5018
10.041	-13.5096
10.0482	-13.515
10.0559	-13.5206
10.0633	-13.5253
10.0701	-13.5311
10.0765	-13.5354
10.083	-13.5399
10.089	-13.5447
10.0949	-13.5504
10.1009	-13.5567
10.1089	-13.5629
10.1173	-13.5688
10.1251	-13.5743
10.1336	-13.5804
10.1419	-13.5865
10.1499	-13.5912
10.159	-13.596
10.1688	-13.6015
10.1783	-13.6066
10.1878	-13.6115
10.1966	-13.6163
10.2051	-13.6216
10.2139	-13.6265
10.2216	-13.6318
10.2293	-13.6368
10.2373	-13.6416
10.2451	-13.6464
10.253	-13.6512
10.2611	-13.6559
10.2692	-13.6621
10.2782	-13.6688
10.2876	-13.6758
10.2964	-13.6833
10.3046	-13.6911
10.3113	-13.6983
10.318	-13.7055
10.3261	-13.7103
10.3342	-13.7152
10.3424	-13.7193
10.3505	-13.7235
10.3597	-13.7292
10.3685	-13.7352
10.3773	-13.7417
10.3859	-13.7482
10.3941	-13.7551
10.4024	-13.7614
10.4104	-13.7676
10.4185	-13.774
10.4259	-13.7816
10.4332	-13.7895
10.441	-13.7968
10.4504	-13.8034
10.4595	-13.8097
10.4684	-13.8162
10.4771	-13.8225
10.4856	-13.8287
10.4942	-13.8346
10.5022	-13.8403
10.5106	-13.8462
10.5194	-13.8515
10.5283	-13.8567
10.5367	-13.8617
10.5452	-13.8669
10.5534	-13.872
10.562	-13.878
10.5706	-13.884
10.5795	-13.8909
10.5885	-13.8973
10.5975	-13.9035
10.6059	-13.9089
10.6146	-13.9143
10.6228	-13.919
10.6307	-13.9237
10.6381	-13.9281
10.6454	-13.9327
10.6535	-13.9375
10.6621	-13.9414
10.671	-13.9448
10.6802	-13.9483
10.6898	-13.9524
10.699	-13.9565
10.7081	-13.9606
10.7172	-13.9647
10.7267	-13.9698
10.7357	-13.9736
10.7448	-13.9772
10.7537	-13.9808
10.7623	-13.9848
10.7706	-13.9883
10.7788	-13.9914
10.7874	-13.9939
10.7961	-13.9958
10.8051	-13.998
10.8147	-13.9998
10.8248	-14.0013
10.8354	-14.0028
10.8461	-14.004
10.8566	-14.0052
10.8662	-14.0067
10.8756	-14.008
10.8851	-14.0096
10.8947	-14.0102
10.9044	-14.0113
10.9142	-14.0125
10.9234	-14.0139
10.9332	-14.0161
10.9428	-14.0187
10.9527	-14.0227
10.962	-14.0266
10.9714	-14.0307
10.9803	-14.0344
10.9893	-14.0381
10.9981	-14.0418
11.0087	-14.045
11.0191	-14.049
11.0294	-14.0528
11.0404	-14.0556
11.0511	-14.0584
11.0604	-14.0623
11.0697	-14.0662
11.0802	-14.0705
11.0898	-14.0743
11.0993	-14.0782
11.1087	-14.082
11.1179	-14.0857
11.1271	-14.0894
11.1361	-14.0927
11.145	-14.0951
11.1532	-14.0971
11.1618	-14.0996
11.1705	-14.1018
11.1792	-14.1041
11.1879	-14.1068
11.1967	-14.1101
11.2055	-14.1131
11.2144	-14.1166
11.2237	-14.1193
11.2338	-14.1219
11.2441	-14.1236
11.2542	-14.1251
11.2646	-14.1269
11.2741	-14.1287
11.2832	-14.1297
11.2928	-14.1309
11.3016	-14.1319
11.3108	-14.1332
11.3204	-14.134
11.3301	-14.1347
11.3404	-14.1354
11.3498	-14.136
11.3597	-14.1369
11.3695	-14.1378
11.3789	-14.138
11.3884	-14.1384
11.397	-14.1375
11.4057	-14.1357
11.4155	-14.1342
11.4259	-14.1327
11.436	-14.1314
11.4461	-14.1301
11.4559	-14.129
11.4657	-14.1279
11.4757	-14.1261
11.4857	-14.1245
11.4958	-14.1232
11.505	-14.1215
11.5139	-14.1205
11.523	-14.1211
11.5326	-14.1222
11.5423	-14.1236
11.5515	-14.1255
11.5617	-14.1269
11.5718	-14.1283
11.5807	-14.1299
11.5899	-14.1314
11.5984	-14.1327
11.6072	-14.1341
11.616	-14.136
11.6253	-14.1364
11.6343	-14.1373
11.6427	-14.1382
11.651	-14.1393
11.6599	-14.1398
11.6689	-14.14
11.6787	-14.1402
11.6876	-14.1396
11.6967	-14.139
11.7055	-14.139
11.7146	-14.1375
11.7237	-14.136
11.7325	-14.1342
11.741	-14.1328
11.7499	-14.1311
11.7594	-14.1277
11.768	-14.1249
11.7769	-14.1221
11.7859	-14.1194
11.7938	-14.1181
11.8021	-14.1163
11.8097	-14.1144
11.8162	-14.1115
11.8232	-14.1087
11.8312	-14.1071
11.8408	-14.1053
11.8509	-14.1039
11.8614	-14.1032
11.8717	-14.1024
11.8818	-14.1016
11.8922	-14.1005
11.9045	-14.0988
11.9163	-14.0972
11.9278	-14.096
11.9375	-14.0938
11.9461	-14.0919
11.9551	-14.0898
11.9644	-14.0875
11.9736	-14.0853
11.9826	-14.0832
11.9916	-14.0812
12.0002	-14.0791
12.0084	-14.0784
12.0172	-14.078
12.0262	-14.0781
12.0352	-14.0793
12.0436	-14.0798
12.0532	-14.0801
12.0629	-14.0808
12.072	-14.0813
12.0813	-14.0818
12.0906	-14.0828
12.1006	-14.0825
12.1097	-14.0829
12.118	-14.085
12.1256	-14.086
12.1343	-14.0871
12.1431	-14.0882
12.1523	-14.0891
12.1605	-14.0892
12.1693	-14.0889
12.1781	-14.0879
12.1869	-14.0868
12.1949	-14.0862
12.2032	-14.0852
12.2105	-14.0856
12.218	-14.0862
12.2256	-14.0871
12.2335	-14.089
12.2415	-14.0911
12.25	-14.0931
12.2586	-14.0951
12.2661	-14.0949
12.2739	-14.0947
12.2815	-14.0942
12.289	-14.0937
12.2956	-14.0934
12.3042	-14.0937
12.3139	-14.0918
12.3235	-14.0903
12.335	-14.0876
12.3458	-14.0847
12.3561	-14.0825
12.366	-14.08
12.3748	-14.0772
12.3836	-14.0742
12.392	-14.071
12.4005	-14.0675
12.4099	-14.0646
12.4195	-14.0621
12.4289	-14.0596
12.4374	-14.0574
12.4459	-14.0546
12.4545	-14.052
12.4625	-14.0494
12.4701	-14.0462
12.4777	-14.0428
12.4864	-14.0404
12.4954	-14.0383
12.5044	-14.0362
12.5133	-14.034
12.5226	-14.0322
12.5339	-14.0304
12.5447	-14.0289
12.5563	-14.0273
12.5677	-14.0253
12.5797	-14.0233
12.5913	-14.021
12.6024	-14.0189
12.6134	-14.0171
12.6234	-14.0156
12.6333	-14.0141
12.643	-14.0125
12.6538	-14.0103
12.664	-14.0089
12.6732	-14.0081
12.6828	-14.0072
12.6933	-14.007
12.7033	-14.0071
12.7125	-14.0068
12.72	-14.0066
12.7281	-14.0062
12.7364	-14.0062
12.7448	-14.0061
12.7526	-14.0057
12.761	-14.0045
12.7695	-14.003
12.7786	-14.002
12.7887	-14.0015
12.7986	-14.0014
12.8084	-14.0017
12.8184	-14.002
12.8281	-14.0038
12.8378	-14.0058
12.8467	-14.0068
12.8558	-14.0079
12.8651	-14.0089
12.8744	-14.0099
12.8831	-14.0106
12.8928	-14.0114
12.9025	-14.0117
12.9122	-14.0125
12.9218	-14.0123
12.9314	-14.0121
12.941	-14.0118
12.9515	-14.0121
12.9615	-14.0127
12.9711	-14.0134
12.9805	-14.0142
12.9893	-14.015
12.9984	-14.0153
13.0068	-14.0165
13.0147	-14.0184
13.0249	-14.0188
13.0351	-14.0194
13.045	-14.0201
13.0556	-14.0212
13.0661	-14.0224
13.0757	-14.0244
13.0855	-14.0262
13.0946	-14.0276
13.1034	-14.0292
13.1123	-14.0315
13.1217	-14.0337
13.132	-14.0353
13.1417	-14.037
13.1527	-14.0373
13.1635	-14.0377
13.174	-14.0382
13.1844	-14.0393
13.1947	-14.0404
13.2053	-14.0427
13.2155	-14.0437
13.2254	-14.0444
13.2353	-14.0449
13.2457	-14.0452
13.2559	-14.0453
13.2662	-14.0453
13.2763	-14.0451
13.2864	-14.0451
13.2963	-14.0451
13.3058	-14.0449
13.3151	-14.0448
13.3237	-14.0435
13.3325	-14.0417
13.3411	-14.0403
13.3501	-14.0386
13.3586	-14.0371
13.3666	-14.0352
13.3751	-14.0331
13.3835	-14.032
13.392	-14.0311
13.4005	-14.0304
13.4094	-14.0298
13.4174	-14.0295
13.4248	-14.0287
13.4327	-14.0278
13.4416	-14.0271
13.4506	-14.0267
13.4593	-14.0266
13.4681	-14.0273
13.4769	-14.0278
13.4858	-14.0285
13.4946	-14.0287
13.5034	-14.0282
13.512	-14.0281
13.5219	-14.0277
13.5314	-14.0272
13.5405	-14.0267
13.5494	-14.0259
13.559	-14.0274
13.5686	-14.0289
13.5782	-14.0305
13.5879	-14.0322
13.5977	-14.0344
13.6074	-14.0362
13.6156	-14.038
13.624	-14.0398
13.6332	-14.0422
13.6429	-14.0446
13.6542	-14.047
13.6652	-14.0496
13.6771	-14.0535
13.6887	-14.0575
13.7006	-14.0629
13.7126	-14.0677
13.7233	-14.0736
13.7359	-14.0779
13.748	-14.082
13.7595	-14.0859
13.7691	-14.0884
13.7791	-14.0904
13.7887	-14.0926
13.7981	-14.095
13.8071	-14.0971
13.8167	-14.0997
13.8262	-14.1022
13.8353	-14.1046
13.8438	-14.1072
13.8525	-14.1098
13.8615	-14.1124
13.8697	-14.1148
13.878	-14.1174
13.8864	-14.1202
13.8961	-14.124
13.9059	-14.1256
13.9162	-14.1275
13.9264	-14.1294
13.9362	-14.1312
13.9465	-14.1327
13.9569	-14.1335
13.9654	-14.1342
13.9733	-14.1348
13.982	-14.135
13.9907	-14.1355
14	-14.137
14.0092	-14.1388
14.0179	-14.14
14.0261	-14.1411
14.0338	-14.1411
14.0419	-14.1413
14.0506	-14.1418
14.06	-14.1418
14.0695	-14.1414
14.0787	-14.14
14.0881	-14.1385
14.0978	-14.1376
14.1082	-14.1364
14.119	-14.1344
14.1294	-14.1337
14.1381	-14.1341
14.1465	-14.1353
14.1551	-14.1366
14.1637	-14.1377
14.1715	-14.1386
14.1801	-14.1394
14.1885	-14.1418
14.1976	-14.1444
14.2061	-14.1468
14.2142	-14.1496
14.2212	-14.152
14.2294	-14.1549
14.2374	-14.1579
14.2457	-14.1612
14.2539	-14.1659
14.2632	-14.1711
14.2722	-14.1749
14.2815	-14.1776
14.2913	-14.1797
14.3013	-14.1823
14.311	-14.1853
14.3206	-14.1883
14.3297	-14.1915
14.3389	-14.1942
14.3479	-14.1979
14.3568	-14.2015
14.3658	-14.2053
14.3746	-14.2093
14.3833	-14.2142
14.3919	-14.2195
14.4003	-14.2246
14.4084	-14.2289
14.4167	-14.2328
14.4245	-14.2369
14.4332	-14.24
14.443	-14.2434

-14.4494	-14.2456
-14.4403	-14.2466
-14.4313	-14.2484
-14.4228	-14.252
-14.4143	-14.2554
-14.4056	-14.259
-14.3975	-14.262
-14.3909	-14.2659
-14.3843	-14.2696
-14.3772	-14.2738
-14.3695	-14.2785
-14.3617	-14.2833
-14.3556	-14.2875
-14.3492	-14.2919
-14.3425	-14.2961
-14.336	-14.301
-14.3302	-14.3053
-14.3255	-14.3096
-14.3178	-14.3145
-14.3109	-14.319
-14.3036	-14.3238
-14.2954	-14.3293
-14.2863	-14.3345
-14.2782	-14.3403
-14.2704	-14.3464
-14.2623	-14.3525
-14.2545	-14.3586
-14.2451	-14.3651
-14.2351	-14.3718
-14.2264	-14.3778
-14.2186	-14.3835
-14.2105	-14.3899
-14.2025	-14.3962
-14.1952	-14.4026
-14.1887	-14.4088
-14.1822	-14.4153
-14.1758	-14.4209
-14.1689	-14.4261
-14.162	-14.4312
-14.1548	-14.437
-14.1474	-14.4426
-14.1406	-14.4488
-14.1332	-14.4558
-14.1264	-14.4625
-14.1198	-14.4691
-14.1132	-14.475
-14.1066	-14.4811
-14.0997	-14.4875
-14.0926	-14.494
-14.0866	-14.499
-14.0797	-14.5048
-14.0729	-14.511
-14.0662	-14.5172
-14.06	-14.5232
-14.0541	-14.5287
-14.0491	-14.5344
-14.0442	-14.5407
-14.0401	-14.5459
-14.0362	-14.5517
-14.0315	-14.5592
-14.0254	-14.5669
-14.02	-14.5748
-14.0154	-14.5831
-14.0105	-14.592
-14.0069	-14.5983
-14.0025	-14.6055
-13.9979	-14.6128
-13.993	-14.6204
-13.988	-14.628
-13.9828	-14.6355
-13.9782	-14.6427
-13.9735	-14.6487
-13.9688	-14.6552
-13.9634	-14.6621
-13.958	-14.669
-13.9513	-14.6752
-13.9445	-14.6818
-13.9374	-14.6885
-13.931	-14.6957
-13.9247	-14.703
-13.9173	-14.7088
-13.9097	-14.7146
-13.9019	-14.7216
-13.8936	-14.7296
-13.8854	-14.7373
-13.8773	-14.7441
-13.8693	-14.7514
-13.8616	-14.7587
-13.8541	-14.7659
-13.8467	-14.7731
-13.8399	-14.7801
-13.833	-14.7868
-13.826	-14.7934
-13.8187	-14.8004
-13.811	-14.8069
-13.8028	-14.8137
-13.7944	-14.82
-13.7853	-14.8254
-13.7769	-14.8308
-13.7687	-14.8365
-13.7596	-14.8414
-13.7484	-14.8461
-13.7379	-14.8508
-13.7277	-14.8553
-13.7178	-14.8594
-13.7079	-14.8636
-13.6985	-14.8676
-13.6893	-14.8715
-13.6794	-14.8764
-13.6705	-14.8809
-13.6614	-14.8853
-13.6528	-14.8884
-13.644	-14.8911
-13.6353	-14.894
-13.6263	-14.8968
-13.6176	-14.9003
-13.6084	-14.9037
-13.5997	-14.9066
-13.5918	-14.9091
-13.5823	-14.9113
-13.5731	-14.9135
-13.5649	-14.9143
-13.5571	-14.9155
-13.549	-14.9167
-13.5406	-14.9176
-13.5323	-14.918
-13.523	-14.9174
-13.5137	-14.9168
-13.5045	-14.9153
-13.495	-14.9137
-13.4846	-14.9118
-13.4744	-14.9103
-13.4642	-14.9087
-13.455	-14.9076
-13.4444	-14.9077
-13.4347	-14.9087
-13.4254	-14.9097
-13.4162	-14.911
-13.4067	-14.9115
-13.3968	-14.9114
-13.3891	-14.9117
-13.382	-14.9124
-13.3749	-14.9138
-13.369	-14.9153
-13.3613	-14.9169
-13.3546	-14.9186
-13.3471	-14.9202
-13.34	-14.9219
-13.3324	-14.924
-13.3238	-14.9252
-13.3152	-14.9261
-13.3073	-14.9265
-13.2989	-14.9276
-13.2902	-14.9282
-13.2813	-14.9283
-13.2725	-14.9282
-13.2646	-14.928
-13.2569	-14.9286
-13.2491	-14.9288
-13.2401	-14.9296
-13.2311	-14.9307
-13.2233	-14.9317
-13.2163	-14.9339
-13.2093	-14.9366
-13.2018	-14.9396
-13.1938	-14.9425
-13.1851	-14.9468
-13.176	-14.9514
-13.1659	-14.9552
-13.1549	-14.9591
-13.1449	-14.9623
-13.1353	-14.9664
-13.126	-14.9703
-13.1175	-14.9742
-13.1083	-14.9785
-13.0994	-14.9827
-13.091	-14.9866
-13.0826	-14.9906
-13.0734	-14.9946
-13.0641	-14.9988
-13.0549	-15.003
-13.0457	-15.0072
-13.0367	-15.0109
-13.0278	-15.0146
-13.0179	-15.0191
-13.0096	-15.0235
-13.0024	-15.0281
-12.995	-15.0331
-12.9871	-15.0379
-12.9785	-15.0432
-12.9705	-15.0483
-12.9625	-15.0534
-12.954	-15.0586
-12.945	-15.0646
-12.9346	-15.0715
-12.9245	-15.0781
-12.9145	-15.0845
-12.9051	-15.0911
-12.8966	-15.0983
-12.8893	-15.1047
-12.8811	-15.1124
-12.873	-15.1191
-12.8653	-15.1257
-12.8576	-15.1321
-12.85	-15.1385
-12.8423	-15.1448
-12.8344	-15.1512
-12.8266	-15.1576
-12.8187	-15.164
-12.8105	-15.1704
-12.803	-15.1768
-12.7958	-15.1839
-12.789	-15.1915
-12.7835	-15.1998
-12.7776	-15.2083
-12.7716	-15.2164
-12.7661	-15.2256
-12.7601	-15.2353
-12.7532	-15.245
-12.7456	-15.2552
-12.7386	-15.2646
-12.7328	-15.273
-12.7277	-15.2798
-12.7222	-15.2873
-12.7178	-15.2954
-12.7136	-15.3039
-12.7095	-15.3125
-12.7055	-15.3204
-12.7012	-15.3282
-12.697	-15.3367
-12.6927	-15.3445
-12.6872	-15.3522
-12.6814	-15.3596
-12.6759	-15.3672
-12.6687	-15.3743
-12.6615	-15.3817
-12.6544	-15.389
-12.6475	-15.3962
-12.641	-15.4042
-12.6355	-15.4124
-12.6302	-15.4201
-12.6255	-15.4282
-12.6207	-15.4367
-12.616	-15.4461
-12.6103	-15.4551
-12.6047	-15.464
-12.599	-15.4723
-12.5945	-15.4787
-12.59	-15.4853
-12.585	-15.4922
-12.5798	-15.5001
-12.5738	-15.5076
-12.5671	-15.5149
-12.5605	-15.5219
-12.5535	-15.5294
-12.5467	-15.5369
-12.5405	-15.544
-12.534	-15.5507
-12.527	-15.558
-12.5203	-15.565
-12.5151	-15.5716
-12.509	-15.5784
-12.5028	-15.5853
-12.4962	-15.5921
-12.4887	-15.5981
-12.4817	-15.6033
-12.4727	-15.6089
-12.4641	-15.6149
-12.4549	-15.6215
-12.4459	-15.628
-12.4369	-15.634
-12.4292	-15.6398
-12.4216	-15.6459
-12.4141	-15.651
-12.4066	-15.6562
-12.3989	-15.6626
-12.3912	-15.6701
-12.3833	-15.6776
-12.3756	-15.6848
-12.3679	-15.6915
-12.3586	-15.6974
-12.3493	-15.7028
-12.3402	-15.7082
-12.332	-15.7123
-12.3237	-15.7179
-12.3158	-15.7235
-12.3085	-15.73
-12.3011	-15.7364
-12.2949	-15.7425
-12.2882	-15.7484
-12.2817	-15.7542
-12.2757	-15.7603
-12.27	-15.7664
-12.2642	-15.7731
-12.2589	-15.78
-12.2534	-15.7869
-12.2476	-15.7939
-12.2417	-15.8014
-12.235	-15.8084
-12.2271	-15.8156
-12.219	-15.8234
-12.2112	-15.8307
-12.2028	-15.8388
-12.1944	-15.8467
-12.1869	-15.8549
-12.1801	-15.8625
-12.1735	-15.87
-12.1668	-15.8774
-12.16	-15.8855
-12.1534	-15.8933
-12.1475	-15.9008
-12.1416	-15.9085
-12.135	-15.9161
-12.1285	-15.9231
-12.1218	-15.9301
-12.1152	-15.937
-12.1087	-15.9449
-12.1025	-15.9517
-12.096	-15.9583
-12.0897	-15.9644
-12.083	-15.971
-12.0761	-15.9774
-12.0697	-15.9842
-12.0638	-15.9917
-12.0575	-15.9991
-12.0512	-16.0072
-12.0451	-16.0146
-12.0405	-16.0233
-12.036	-16.0319
-12.0312	-16.0404
-12.0263	-16.0489
-12.0217	-16.0574
-12.0178	-16.0664
-12.0137	-16.0753
-12.0088	-16.0852
-12.0041	-16.0946
-11.9996	-16.1032
-11.9953	-16.1128
-11.991	-16.1223
-11.9871	-16.1325
-11.9846	-16.1414
-11.9837	-16.1494
-11.9823	-16.1586
-11.9809	-16.1677
-11.9792	-16.1773
-11.9773	-16.1868
-11.9748	-16.1953
-11.9716	-16.2034
-11.9686	-16.2108
-11.9648	-16.2186
-11.9605	-16.2265
-11.955	-16.2336
-11.9496	-16.2406
-11.9449	-16.2475
-11.9407	-16.255
-11.9362	-16.2626
-11.9307	-16.2707
-11.9254	-16.2784
-11.9195	-16.2848
-11.9135	-16.2914
-11.9078	-16.2984
-11.9025	-16.3044
-11.8958	-16.3105
-11.8891	-16.3166
-11.8815	-16.3239
-11.8751	-16.331
-11.8689	-16.3383
-11.8626	-16.3455
-11.8562	-16.3526
-11.85	-16.3605
-11.8438	-16.3692
-11.8363	-16.378
-11.8296	-16.3873
-11.8232	-16.3962
-11.8169	-16.4046
-11.8107	-16.4128
-11.8045	-16.4207
-11.7984	-16.4286
-11.7918	-16.4347
-11.7846	-16.4405
-11.7772	-16.446
-11.7696	-16.4515
-11.762	-16.4559
-11.7528	-16.4598
-11.7438	-16.4628
-11.735	-16.4658
-11.7264	-16.4687
-11.7174	-16.4717
-11.7088	-16.4751
-11.7007	-16.4782
-11.6931	-16.4809
-11.6861	-16.4836
-11.6784	-16.4851
-11.6709	-16.4872
-11.6619	-16.49
-11.6529	-16.4919
-11.6432	-16.4937
-11.6343	-16.4949
-11.6247	-16.4958
-11.6148	-16.4956
-11.6046	-16.4954
-11.5946	-16.4951
-11.5848	-16.4949
-11.5748	-16.4951
-11.5646	-16.4954
-11.5545	-16.4956
-11.5444	-16.4959
-11.5363	-16.496
-11.5281	-16.496
-11.5196	-16.4961
-11.5106	-16.496
-11.5015	-16.4969
-11.4929	-16.4976
-11.4839	-16.4983
-11.4745	-16.4989
-11.466	-16.4997
-11.4565	-16.5004
-11.447	-16.5017
-11.4372	-16.5011
-11.4259	-16.5002
-11.4143	-16.5006
-11.4029	-16.5013
-11.3917	-16.502
-11.3805	-16.5028
-11.3693	-16.5034
-11.3588	-16.5041
-11.3479	-16.5058
-11.3372	-16.5084
-11.3261	-16.5118
-11.3139	-16.5156
-11.302	-16.5196
-11.2908	-16.5239
-11.2797	-16.5273
-11.2679	-16.5316
-11.2564	-16.5356
-11.2452	-16.5396
-11.2353	-16.5448
-11.2263	-16.5514
-11.2169	-16.5577
-11.2082	-16.5634
-11.1998	-16.5684
-11.1911	-16.5732
-11.1819	-16.5778
-11.1743	-16.582
-11.1656	-16.5861
-11.1574	-16.5899
-11.15	-16.5935
-11.1424	-16.5973
-11.134	-16.6016
-11.1248	-16.6055
-11.1152	-16.6096
-11.1057	-16.6137
-11.0963	-16.6185
-11.086	-16.6228
-11.0757	-16.6276
-11.0667	-16.6313
-11.0574	-16.6349
-11.0481	-16.6381
-11.0384	-16.6408
-11.03	-16.6435
-11.0217	-16.6462
-11.0131	-16.6483
-11.0035	-16.6501
-10.9935	-16.6515
-10.9845	-16.6534
-10.9749	-16.6554
-10.9653	-16.657
-10.9549	-16.6588
-10.9445	-16.6608
-10.9347	-16.6619
-10.9238	-16.6634
-10.9129	-16.6664
-10.9024	-16.6692
-10.893	-16.6713
-10.8833	-16.6732
-10.8733	-16.6762
-10.8635	-16.6792
-10.8538	-16.6822
-10.8438	-16.6836
-10.8336	-16.6847
-10.8238	-16.6859
-10.8141	-16.6876
-10.8051	-16.6897
-10.7965	-16.6919
-10.7876	-16.6944
-10.7793	-16.6959
-10.7708	-16.6973
-10.7624	-16.6998
-10.7536	-16.7024
-10.7442	-16.7051
-10.7348	-16.7075
-10.7253	-16.7099
-10.716	-16.7122
-10.7057	-16.715
-10.6961	-16.7176
-10.6862	-16.7204
-10.6761	-16.7221
-10.6664	-16.7245
-10.6574	-16.7265
-10.6493	-16.7275
-10.641	-16.7285
-10.6321	-16.7295
-10.6224	-16.7305
-10.6131	-16.7311
-10.6037	-16.7319
-10.5943	-16.7328
-10.5842	-16.7349
-10.5726	-16.7368
-10.5606	-16.7388
-10.5481	-16.7411
-10.5365	-16.7439
-10.5253	-16.7465
-10.5153	-16.75
-10.5052	-16.7538
-10.4953	-16.7574
-10.4849	-16.7608
-10.4739	-16.7641
-10.4632	-16.7666
-10.4529	-16.7689
-10.4426	-16.7708
-10.4328	-16.7729
-10.4236	-16.7753
-10.4144	-16.777
-10.4053	-16.7789
-10.3958	-16.7806
-10.386	-16.7819
-10.3762	-16.7832
-10.3671	-16.7847
-10.3581	-16.7866
-10.3488	-16.7886
-10.3401	-16.79
-10.3304	-16.7915
-10.3206	-16.7928
-10.3114	-16.7943
-10.3019	-16.7964
-10.2925	-16.7985
-10.2831	-16.8007
-10.2745	-16.8036
-10.2658	-16.8064
-10.2569	-16.8085
-10.2477	-16.8106
-10.2387	-16.8125
-10.2303	-16.8142
-10.2216	-16.8159
-10.2131	-16.8177
-10.2043	-16.8187
-10.1949	-16.8197
-10.1844	-16.8205
-10.174	-16.8213
-10.1637	-16.8221
-10.1536	-16.8229
-10.1439	-16.8239
-10.1331	-16.8256
-10.1231	-16.8266
-10.1124	-16.8275
-10.1024	-16.8283
-10.0923	-16.8293
-10.0823	-16.8306
-10.0731	-16.8321
-10.0638	-16.8334
-10.0539	-16.8352
-10.0438	-16.837
-10.0338	-16.8384
-10.0237	-16.8389
-10.0139	-16.8392
-10.0045	-16.8395
-9.99458	-16.8388
-9.9851	-16.8381
-9.97541	-16.8374
-9.96568	-16.8368
-9.95563	-16.8374
-9.94565	-16.838
-9.93644	-16.8386
-9.92697	-16.8393
-9.91781	-16.8385
-9.90791	-16.8382
-9.89918	-16.8382
-9.89027	-16.8382
-9.8808	-16.8385
-9.87198	-16.8375
-9.8627	-16.8363
-9.85371	-16.8363
-9.84457	-16.8363
-9.83547	-16.8358
-9.82571	-16.8351
-9.81577	-16.835
-9.80591	-16.8343
-9.79566	-16.8336
-9.78456	-16.8336
-9.77359	-16.8343
-9.76286	-16.8349
-9.75233	-16.8357
-9.7422	-16.8349
-9.73257	-16.8338
-9.72277	-16.8333
-9.71217	-16.8337
-9.70163	-16.834
-9.69143	-16.8344
-9.68061	-16.8346
-9.67107	-16.8336
-9.65973	-16.8296
-9.64864	-16.8258
-9.63816	-16.8201
-9.6283	-16.8151
-9.61853	-16.8103
-9.60809	-16.8057
-9.5972	-16.8011
-9.58628	-16.7961
-9.57551	-16.7911
-9.56594	-16.7864
-9.55644	-16.7817
-9.54809	-16.7774
-9.54005	-16.7716
-9.53184	-16.7652
-9.52341	-16.7587
-9.51508	-16.7524
-9.50705	-16.747
-9.49895	-16.7416
-9.49191	-16.736
-9.48591	-16.7318
-9.48016	-16.7271
-9.47452	-16.7221
-9.46862	-16.7168
-9.46264	-16.7119
-9.45681	-16.7066
-9.45043	-16.7011
-9.44399	-16.6961
-9.43643	-16.6916
-9.42839	-16.6877
-9.41957	-16.6836
-9.41002	-16.6811
-9.40033	-16.6786
-9.39072	-16.6763
-9.38139	-16.6744
-9.36961	-16.674
-9.35815	-16.6738
-9.34711	-16.6718
-9.33659	-16.6707
-9.32608	-16.6701
-9.31644	-16.6697
-9.30702	-16.6693
-9.29794	-16.6685
-9.28865	-16.6689
-9.27948	-16.6703
-9.26887	-16.6709
-9.25973	-16.6717
-9.25019	-16.6729
-9.24116	-16.6745
-9.23297	-16.6762
-9.22479	-16.6781
-9.21571	-16.6792
-9.20714	-16.6805
-9.19862	-16.6819
-9.19009	-16.6835
-9.18128	-16.6855
-9.17255	-16.6877
-9.1646	-16.6909
-9.15646	-16.694
-9.14872	-16.697
-9.14089	-16.6999
-9.13266	-16.7033
-9.12471	-16.7072
-9.11592	-16.7117
-9.10771	-16.7166
-9.09963	-16.7215
-9.09203	-16.7266
-9.08385	-16.7309
-9.07542	-16.7345
-9.06647	-16.7386
-9.05748	-16.7428
-9.04872	-16.7456
