###  Units are X_hat = 1.73cm.
0.141421
0.150388
0.157272
0.159784
0.148549
0.160719
0.167031
0.177553
0.181945
0.164591
0.172621
0.172788
0.182827
0.198023
0.199644
0.198446
0.187787
0.18367
0.214116
0.210843
0.20177
0.208595
0.186714
0.193596
0.187978
0.210918
0.203998
0.189274
0.163418
0.176917
0.170457
0.174663
0.18909
0.189559
0.217045
0.207079
0.20393
0.188288
0.1878
0.184366
0.186907
0.199415
0.175391
0.180223
0.187154
0.196052
0.204844
0.19095
0.189447
0.1868
0.164683
0.184619
0.151989
0.154957
0.186066
0.182284
0.197832
0.194997
0.186193
0.184509
0.205668
0.212196
0.188293
0.189652
0.188905
0.181708
0.186084
0.192366
0.182147
0.165868
0.166745
0.176238
0.179535
0.183759
0.178029
0.198943
0.188957
0.176017
0.164165
0.174119
0.171165
0.173155
0.169001
0.167749
0.155456
0.157848
0.163323
0.194306
0.179009
0.175609
0.176474
0.185805
0.20018
0.232185
0.227827
0.21072
0.210766
0.208544
0.196785
0.209937
0.193569
0.189858
0.192627
0.190963
0.194325
0.190883
0.194252
0.199085
0.203192
0.194497
0.219688
0.223622
0.237655
0.232778
0.22476
0.213964
0.205984
0.215931
0.205988
0.200375
0.214354
0.202389
0.183608
0.1789
0.190299
0.223108
0.222799
0.216693
0.218889
0.213192
0.215915
0.214577
0.218708
0.210674
0.213995
0.20924
0.204071
0.208835
0.203605
0.191525
0.191238
0.174679
0.16617
0.170066
0.173345
0.173251
0.183219
0.161724
0.170395
0.193607
0.194271
0.193418
0.204163
0.178893
0.182257
0.186388
0.182821
0.153024
0.158602
0.165845
0.16867
0.172889
0.148092
0.144104
0.15284
0.149843
0.157573
0.138967
0.159701
0.168663
0.171075
0.200079
0.197888
0.19753
0.187154
0.195011
0.178487
0.173142
0.155307
0.155132
0.162556
0.183047
0.184999
0.192157
0.202553
0.20529
0.203572
0.207849
0.192653
0.200022
0.201024
0.204877
0.200782
0.198533
0.192975
0.196468
0.20909
0.215714
0.210863
0.20407
0.215538
0.178066
0.182153
0.170495
0.168519
0.172167
0.166369
0.154568
0.159669
0.172066
0.178314
0.178444
0.184043
0.19355
0.193127
0.1908
0.204372
0.199079
0.202026
0.20098
0.198707
0.201949
0.199443
0.195312
0.196841
0.193715
0.189533
0.18826
0.211292
0.197445
0.177074
0.180555
0.180803
0.19551
0.185965
0.22435
0.20859
0.202161
0.202479
0.208386
0.204773
0.205946
0.229203
0.212233
0.198802
0.198676
0.205399
0.208506
0.205931
0.244039
0.228306
0.219698
0.191414
0.191244
0.203739
0.205417
0.196486
0.164621
0.153247
0.170575
0.174807
0.172328
0.181701
0.208685
0.20197
0.176388
0.20332
0.21009
0.210558
0.200449
0.200052
0.195337
0.194893
0.182774
0.183955
0.18446
0.194178
0.200344
0.207575
0.180783
0.182752
0.213622
0.203516
0.210667
0.212763
0.158912
0.15687
0.154835
0.170335
0.176469
0.180938
0.187183
0.18543
0.188021
0.171916
0.17898
0.190015
0.188436
0.185069
0.171588
0.196443
0.210364
0.21451
0.216718
0.236917
0.209149
0.202941
0.206168
0.19896
0.195474
0.20507
0.198755
0.203921
0.210304
0.212127
0.19729
0.198308
0.199404
0.200298
0.197922
0.220964
0.243133
0.225086
0.214595
0.208444
0.19086
0.187013
0.177877
0.177621
0.181594
0.195002
0.20012
0.203103
0.205151
0.211395
0.19848
0.197454
0.198114
0.197493
0.178132
0.170193
0.1686
0.177374
0.174512
0.190691
0.188316
0.19207
0.176622
0.155512
0.169679
0.172577
0.174902
0.183728
0.200316
0.199968
0.220531
0.224733
0.221113
0.231871
0.24882
0.250882
0.231794
0.225522
0.216295
0.205898
0.190603
0.189406
0.191666
0.203939
0.203563
0.204278
0.210186
0.209371
0.209825
0.207568
0.209544
0.207539
0.199581
0.191866
0.159705
0.160431
0.17624
0.185503
0.191753
0.206085
0.187881
0.187184
0.187543
0.17257
0.171955
0.187682
0.179763
0.172625
0.185934
0.201126
0.202205
0.207589
0.201599
0.202705
0.209132
0.207688
0.208068
0.184807
0.184516
0.206382
0.17868
0.190611
0.195703
0.207473
0.219402
0.213569
0.213991
0.225785
0.234979
0.236977
0.211592
0.201502
0.197866
0.197848
0.208008
0.208146
0.187394
0.198604
0.197417
0.202562
0.205636
0.211374
0.211388
0.217619
0.213934
0.195721
0.217133
0.243787
0.239103
0.220968
0.205457
0.228573
0.206106
0.197864
0.179716
0.19871
0.181551
0.184495
0.178541
0.181705
0.185681
0.1941
0.199538
0.209433
0.198639
0.185303
0.195966
0.199641
0.201302
0.207477
0.202377
0.19255
0.193062
0.165752
0.155826
0.167533
0.162412
0.167664
0.159436
0.172555
0.161564
0.176223
0.174419
0.18801
0.182855
0.193349
0.204127
0.194588
0.194625
0.195366
0.197596
0.180291
0.173712
0.186451
0.170627
0.176765
0.174229
0.177677
0.179587
0.197281
0.167604
0.17213
0.164772
0.155509
0.163639
0.165986
0.168009
0.164711
0.172522
0.208055
0.223337
0.218317
0.21537
0.221555
0.206672
0.21526
0.221028
0.239945
0.239825
0.243336
0.237646
0.245862
0.239129
0.23486
0.227227
0.2508
0.236607
0.229662
0.224342
0.225031
0.198892
0.203538
0.202745
0.203652
0.219687
0.202754
0.212466
0.206182
0.209005
0.210456
0.206553
0.176345
0.180362
0.184847
0.17412
0.169603
0.174475
0.184776
0.182856
0.188555
0.192609
0.192597
0.185705
0.213229
0.225306
0.214335
0.206028
0.203151
0.194071
0.186161
0.187232
0.200239
0.194685
0.197186
0.205067
0.207409
0.187616
0.186122
0.19843
0.18302
0.195804
0.218762
0.224283
0.218004
0.217011
0.222028
0.23051
0.223564
0.218263
0.2122
0.192571
0.188004
0.207734
0.200923
0.199465
0.197595
0.196018
0.180973
0.188357
0.178107
0.181265
0.187654
0.185385
0.184661
0.222014
0.212193
0.212244
0.189278
0.19416
0.195483
0.195375
0.19379
0.201039
0.210066
0.20602
0.20092
0.199152
0.176682
0.171654
0.170675
0.185707
0.181816
0.17285
0.174265
0.184183
0.191676
0.177255
0.198789
0.169362
0.188759
0.185972
0.187889
0.211768
0.197899
0.19616
0.204708
0.195446
0.189953
0.202745
0.201836
0.193657
0.200957
0.200387
0.188445
0.163403
0.167006
0.174566
0.18586
0.186216
0.187938
0.192002
0.185946
0.188145
0.175295
0.201304
0.193368
0.192537
0.189424
0.16974
0.17334
0.172014
0.180782
0.178774
0.17515
0.176111
0.175684
0.185463
0.173847
0.169708
0.180154
0.176584
0.17957
0.192215
0.203801
0.203197
0.201622
0.194204
0.188674
0.185485
0.184055
0.184614
0.17454
0.183672
0.18384
0.184981
0.195833
0.188468
0.188011
0.165008
0.173421
0.161997
0.16095
0.163934
0.162472
0.174609
0.193767
0.192997
0.191379
0.188049
0.185832
0.189844
0.170555
0.154223
0.146986
0.146515
0.158669
0.172276
0.180884
0.174968
0.177799
0.184706
0.17268
0.162949
0.178487
0.196192
0.200937
0.187133
0.217124
0.21507
0.218014
0.225424
0.209783
0.19018
0.194446
0.222857
0.201839
0.207055
0.205697
0.190609
0.15653
0.15417
0.147557
0.155686
0.164129
0.168254
0.168001
0.183991
0.187791
0.18843
0.188214
0.217312
0.195617
0.195019
0.189866
0.187996
0.180187
0.187548
0.213467
0.212732
0.185894
0.185515
0.18919
0.185621
0.162427
0.171315
0.168268
0.180496
0.184959
0.18437
0.189373
0.189791
0.190027
0.185729
0.172664
0.196189
0.211398
0.196984
0.187766
0.187252
0.179831
0.172288
0.207486
0.20478
0.209443
0.192287
0.187298
0.189519
0.196738
0.168687
0.171098
0.181852
0.14849
0.16162
0.138658
0.139029
0.141969
0.155598
0.152083
0.163427
0.158145
0.187466
0.185514
0.183694
0.184504
0.191155
0.19081
0.168793
0.175917
0.173197
0.175849
0.169149
0.189361
0.17348
0.187258
0.188889
0.195227
0.173804
0.173231
0.171779
0.173115
0.191399
0.188967
0.18691
0.186871
0.200037
0.189636
0.192683
0.195413
0.170308
0.189089
0.204579
0.203682
0.202226
0.200221
0.206483
0.21527
0.223812
0.226835
0.195395
0.184429
0.175379
0.179785
0.178703
0.18025
0.183187
0.181997
0.187423
0.180526
0.168561
0.164271
0.124058
0.12638
0.146244
0.152597
0.160073
0.156542
0.171637
0.182219
0.175738
0.160124
0.167271
0.168619
0.168104
0.173876
0.182748
0.195566
0.220823
0.232329
0.225097
0.224807
0.226795
0.221593
0.233493
0.24758
0.241871
0.227586
0.207098
0.210764
0.211429
0.214883
0.214596
0.211376
0.203801
0.201162
0.201885
0.193401
0.19788
0.178272
0.180183
0.173024
0.172414
0.161471
0.159936
0.177419
0.182196
0.183552
0.185293
0.198493
0.198409
0.197738
0.201622
0.176858
0.179821
0.162724
0.16819
0.189181
0.205053
0.19687
0.198292
0.211039
0.21984
0.191141
0.19772
0.197095
0.190872
0.190935
0.197389
0.216209
0.201212
0.190396
0.189165
0.188673
0.189449
0.193055
0.187176
0.180565
0.145424
0.141239
0.148892
0.144995
0.156666
0.158158
0.158747
0.165495
0.173074
0.172421
0.162281
0.158139
0.182579
0.201877
0.200391
0.200213
0.206902
0.207996
0.212507
0.230209
0.223939
0.222835
0.210612
0.20104
0.199319
0.198544
0.191039
0.204114
0.203978
0.201239
0.191957
0.203722
0.227233
0.24542
0.232033
0.211942
0.198311
0.195986
0.1924
0.183207
0.189672
0.188112
0.179153
0.185776
0.180161
0.179903
0.170059
0.180332
0.190005
0.189902
0.192322
0.20956
0.205949
0.226633
0.250199
0.238879
0.202223
0.214329
0.197183
0.185176
0.197458
0.19606
0.201802
0.211183
0.207538
0.20458
0.197175
0.18984
0.196259
0.195608
0.207454
0.206455
0.204229
0.195119
0.195677
0.193555
0.21044
0.224647
0.209981
0.201983
0.20218
0.221876
0.218038
0.213735
0.211556
0.20283
0.198207
0.202698
0.205128
0.203376
0.185003
0.193718
0.182305
0.187309
0.19016
0.195011
0.191027
0.193918
0.197165
0.195887
0.209996
0.193004
0.192568
0.196186
0.169761
0.174053
0.187832
0.188915
0.215957
0.209913
0.227707
0.212903
0.225739
0.218404
0.229886
0.230569
0.230546
0.225362
0.220269
0.222175
0.237097
0.21826
0.216431
0.215645
0.221297
0.219197
0.209021
0.205219
0.202638
0.212977
0.229908
0.233628
0.223341
0.214949
0.207157
0.206756
0.209032
0.222953
0.22391
0.227625
0.243757
0.204855
0.192081
0.192862
0.19059
0.190394
0.189715
0.19007
0.170145
0.185535
0.196147
0.204253
0.201807
0.202479
0.201894
0.205626
0.192125
0.202625
0.196372
0.191652
0.195075
0.179158
0.184451
0.172154
0.166875
0.157375
0.168006
0.204192
0.178051
0.1735
0.149291
0.164583
0.161723
0.162742
0.171855
0.179369
0.171362
0.17458
0.174747
0.170445
0.161167
0.14574
0.146365
0.135589
0.158516
0.156794
0.161799
0.166354
0.174185
0.182637
0.169394
0.177959
0.137299
0.147216
0.141356
0.149489
0.142935
0.162603
0.167716
0.166268
0.163528
0.167414
0.174384
0.174744
0.194801
0.189041
0.188706
0.176166
0.177226
0.175414
0.178872
0.167704
0.170714
0.16611
0.17378
0.177362
0.181233
0.188317
0.18293
0.175514
0.17043
0.173557
0.186923
0.169141
0.175518
0.179278
0.196236
0.200694
0.201962
0.211423
0.207946
0.18056
0.186746
0.190162
0.186843
0.188104
0.188666
0.201171
0.201134
0.227257
0.23748
0.232572
0.219898
0.215308
0.239691
0.225981
0.216444
0.211149
0.21576
0.202882
0.20698
0.203595
0.200611
0.216311
0.166228
0.161122
0.164466
0.164406
0.202115
0.225666
0.219596
0.225594
0.204819
0.202119
0.198191
0.174068
0.17619
0.166622
0.170363
0.173142
0.184648
0.227413
0.228247
0.209955
0.212572
0.211644
0.212565
0.214365
0.225367
0.220707
0.221327
0.19884
0.2093
0.204551
0.203024
0.199305
0.1937
0.197238
0.201805
0.199748
0.188229
0.176939
0.177642
0.208658
0.189975
0.188434
0.189241
0.186368
0.194491
0.186383
0.194668
0.187788
0.182717
0.204617
0.199585
0.202787
0.198444
0.209496
0.202137
0.203297
0.215182
0.22443
0.233494
0.249606
0.239456
0.232917
0.228514
0.215315
0.219784
0.19615
0.195998
0.194986
0.178281
0.186351
0.182315
0.194742
0.197717
0.188463
0.202778
0.198145
0.200431
0.207085
0.217585
0.239285
0.246411
0.226113
0.243135
0.233616
0.227899
0.231168
0.208596
0.210058
0.225695
0.22062
0.216412
0.223696
0.222775
0.204249
0.194368
0.19495
0.203322
0.205659
0.204651
0.206643
0.207818
0.203205
0.209701
0.199031
0.182975
0.17621
0.176605
0.176566
0.199983
0.19619
0.186087
0.217853
0.205053
0.201521
0.19674
0.194629
0.199915
0.198266
0.209316
0.204562
0.250268
0.23976
0.236221
0.215223
0.212427
0.229187
0.209364
0.216384
0.209336
0.211799
0.208169
0.204296
0.195306
0.178434
0.167848
0.188759
0.201287
0.196533
0.180947
0.189568
0.204004
0.205468
0.203142
0.189768
0.177582
0.172593
0.174733
0.169974
0.156687
0.160004
0.180848
0.158598
0.137691
0.152166
0.15826
0.169292
0.156667
0.133973
0.125753
0.144789
0.147459
0.163734
0.17136
0.166083
0.178114
0.166546
0.15627
0.161522
0.180386
0.1864
0.18297
0.190052
0.180261
0.18527
0.183642
0.221818
0.221767
0.214029
0.233974
0.233855
0.221865
0.205541
0.201221
0.182865
0.179932
0.197487
0.210898
0.236975
0.231258
0.224572
0.231628
0.21699
0.241158
0.233661
0.215756
0.204391
0.200403
0.192911
0.205169
0.211452
0.200517
0.197993
0.204252
0.202053
0.202146
0.207009
0.207619
0.198409
0.198664
0.221283
0.216449
0.232751
0.208957
0.206434
0.178776
0.167994
0.152658
0.163172
0.16053
0.181533
0.19366
0.19165
0.188817
0.183423
0.223291
0.228623
0.244034
0.227338
0.221009
0.217418
0.21179
0.205244
0.218242
0.213273
0.208817
0.17886
0.1966
0.185662
0.194308
0.180792
0.190706
0.1817
0.190654
0.186701
0.180292
0.179394
0.179059
0.169882
0.194824
0.184607
0.190221
0.194537
0.193588
0.183615
0.191306
0.206622
0.207001
0.202946
0.201202
0.205899
0.205719
0.212253
0.225191
0.220664
0.216899
0.214556
0.194314
0.185917
0.181452
0.186642
0.19767
0.197002
0.198996
0.212143
0.203195
0.190368
0.190982
0.187039
0.188124
0.174493
0.181662
0.186646
0.192662
0.199773
0.194121
0.215886
0.202357
0.189636
0.189589
0.185475
0.185548
0.184173
0.197985
0.184375
0.197722
0.179862
0.184055
0.190543
0.19003
0.177954
0.178767
0.175624
0.175044
0.184295
0.204501
0.210832
0.218714
0.213309
0.214968
0.219381
0.212231
0.209186
0.21495
0.213846
0.196516
0.218077
0.213276
0.205723
0.203631
0.18258
0.191897
0.2004
0.205749
0.198296
0.20222
0.209216
0.205294
0.217762
0.214962
0.226517
0.207966
0.206207
0.215708
0.208396
0.200415
0.209455
0.218983
0.236024
0.232772
0.217544
0.213768
0.204753
0.203472
0.20283
0.199539
0.200806
0.197593
0.185833
0.173575
0.210635
0.177627
0.182666
0.185848
0.172372
0.172694
0.176484
0.173006
0.175938
0.182015
0.172862
0.169232
0.175862
0.156014
0.160855
0.163226
0.177877
0.192909
0.195247
0.186452
0.188681
0.194531
0.187468
0.188172
0.197187
0.167399
0.18055
0.152723
0.154103
0.168299
0.187354
0.195906
0.18859
0.20557
0.205783
0.191068
0.177908
0.183814
0.168428
0.157934
0.153916
0.166546
0.164009
0.163231
0.161025
0.15853
0.162997
0.172004
0.16885
0.187933
0.200581
0.19325
0.1909
0.185044
0.20949
0.199146
0.200872
0.19995
0.198938
0.201582
0.198925
0.189349
0.184629
0.216719
0.223588
0.212388
0.228282
0.218643
0.215019
0.220203
0.233151
0.231375
0.213223
0.202537
0.206315
0.204339
0.202047
0.205889
0.196309
0.201457
0.19434
0.19307
0.190947
0.182603
0.178967
0.153077
0.15859
0.157187
0.151895
0.148487
0.161855
0.155083
0.162014
0.16321
0.152729
0.166332
0.172263
0.179064
0.192849
0.169174
0.197705
0.197106
0.197926
0.193555
0.190821
0.188382
0.185449
0.180513
0.178333
0.178164
0.178615
0.199774
0.198253
0.195441
0.183004
0.187364
0.19198
0.205938
0.203901
0.215098
0.214306
0.209209
0.203641
0.199548
0.183402
0.185221
0.19235
0.185831
0.176711
0.190734
0.188853
0.189391
0.18868
0.171104
0.189696
0.200994
0.195773
0.195462
0.207647
0.213379
0.209175
0.213771
0.226122
0.228945
0.231548
0.243195
0.230941
0.227951
0.239567
0.226657
0.190023
0.189685
0.199668
0.203648
0.200937
0.201023
0.173899
0.153135
0.160824
0.172626
0.174256
0.171665
0.168402
0.163874
0.160431
0.155578
0.163969
0.169861
0.128051
0.15222
0.141163
0.174784
0.172143
0.164066
0.166618
0.185738
0.183908
0.187699
0.186814
0.176068
0.177446
0.179895
0.173358
0.143242
0.148145
0.173595
0.172441
0.171843
0.177624
0.180063
0.180479
0.190324
0.178427
0.177415
0.178407
0.158925
0.161954
0.15141
0.149736
0.173443
0.160579
0.171246
0.150945
0.155904
0.160867
0.160958
0.158172
0.167592
0.183565
0.16739
0.193917
0.186057
0.185052
0.175525
0.210643
0.22715
0.196623
0.190153
0.214291
0.213873
0.214012
0.216023
0.218155
0.203782
0.18863
0.174296
0.188197
0.179789
0.189049
0.188987
0.186643
0.189907
0.183121
0.182685
0.173989
0.145491
0.150265
0.178303
0.176447
0.163929
0.154998
0.166435
0.175116
0.180102
0.182358
0.175956
0.16462
0.186596
0.184625
0.165495
0.160486
0.164257
0.174065
0.189055
0.199273
0.194404
0.193556
0.199608
0.201433
0.189083
0.176952
0.195236
0.175774
0.183341
0.192828
0.214075
0.208101
0.197906
0.200725
0.204213
0.184334
0.189934
0.189424
0.174327
0.175046
0.180044
0.180027
0.189759
0.187508
0.191656
0.199882
0.164718
0.170452
0.187538
0.200519
0.193334
0.187675
0.185932
0.205317
0.184356
0.181763
0.178801
0.18116
0.186794
0.194206
0.180147
0.18418
0.175837
0.173524
0.180881
0.181189
0.177111
0.18021
0.179203
0.185105
0.186933
0.190277
0.191721
0.19524
0.191962
0.194267
0.195008
0.193409
0.176706
0.179847
0.145021
0.150772
0.168496
0.190693
0.176477
0.183521
0.186071
0.188386
0.177649
0.179663
0.166699
0.171187
0.172704
0.176593
0.163932
0.197462
0.201109
0.203638
0.20134
0.19775
0.194298
0.203696
0.197412
0.197035
0.195146
0.189537
0.164073
0.145403
0.150961
0.183639
0.185931
0.193085
0.203953
0.238088
0.232944
0.230613
0.223672
0.215656
0.201939
0.206881
0.20493
0.222851
0.219885
0.21438
0.204932
0.200895
0.197531
0.191899
0.184954
0.193145
0.196573
0.204736
0.215517
0.212052
0.206136
0.169209
0.1693
0.183913
0.19024
0.190837
0.185943
0.171745
0.171858
0.164431
0.149186
0.163754
0.177644
0.183856
0.167069
0.153207
0.194746
0.19259
0.20159
0.163931
0.153361
0.159949
0.157412
0.186611
0.181017
0.196396
0.197314
0.203051
0.20148
0.15998
0.162637
0.174703
0.183268
0.218301
0.212727
0.222752
0.254513
0.240275
0.221267
0.208009
0.212251
0.187574
0.190428
0.188723
0.187514
0.192699
0.199821
0.191956
0.194254
0.184768
0.195733
0.204267
0.193401
0.202868
0.192537
0.194184
0.189698
0.195345
0.202376
0.181505
0.208422
0.180772
0.160117
0.166805
0.174141
0.164306
0.166505
0.168661
0.168559
0.186609
0.187752
0.187063
0.192608
0.179327
0.159462
0.180697
0.17942
0.162947
0.167465
0.171463
0.190791
0.181636
0.192732
0.171221
0.192496
0.194049
0.165517
0.179038
0.186321
0.182215
0.193229
0.192498
0.188424
0.188596
0.213925
0.199018
0.19227
0.205434
0.200846
0.217803
0.213095
0.196444
0.182642
0.192638
0.187649
0.183834
0.200037
0.210832
0.219045
0.219643
0.227324
0.225505
0.227405
0.220639
0.224043
0.228216
0.221111
0.214826
0.214809
0.182018
0.179026
0.184475
0.197261
0.187368
0.188406
0.154334
0.159729
0.151929
0.163512
0.169025
0.165978
0.189824
0.182452
0.19085
0.191085
0.225503
0.219474
0.204304
0.202304
0.190925
0.198973
0.194389
0.194272
0.207974
0.207256
0.220981
0.218044
0.219862
0.21902
0.211335
0.209304
0.223549
0.192951
0.192124
0.198619
0.202101
0.195332
0.194344
0.20545
0.20592
0.213933
0.211253
0.197836
0.203367
0.217611
0.206102
0.201709
0.231913
0.229245
0.222852
0.217717
0.213689
0.206401
0.210827
0.208637
0.208791
0.178088
0.179048
0.19812
0.198757
0.19498
0.196038
0.209617
0.20925
0.201661
0.213786
0.210804
0.206796
0.203739
0.200141
0.198165
0.226755
0.215809
0.213817
0.208821
0.2052
0.206679
0.212506
0.212078
0.204678
0.208671
0.206174
0.212408
0.217299
0.215273
0.219721
0.216147
0.213875
0.203954
0.202659
0.202734
0.204007
0.202343
0.198246
0.196261
0.199497
0.224435
0.221549
0.221499
0.230026
0.22305
0.218774
0.223855
0.219466
0.198155
0.205198
0.202072
0.207297
0.208968
0.224038
0.213104
0.204676
0.192297
0.191101
0.199063
0.1898
0.174033
0.163609
0.147057
0.168082
0.157886
0.164972
0.186794
0.181399
0.170838
0.170313
0.164697
0.180023
0.178667
0.177155
0.204066
0.190226
0.193699
0.189134
0.188327
0.189445
0.190089
0.174735
0.171043
0.173856
0.176714
0.178109
0.188033
0.200308
0.1937
0.184375
0.201638
0.182776
0.195481
0.195271
0.168064
0.159033
0.144778
0.143958
0.142595
0.150873
0.154943
0.186519
0.204593
0.193305
0.200581
0.20048
0.18606
0.183323
0.186734
0.18354
0.191239
0.212063
0.182282
0.187459
0.205363
0.187867
0.183062
0.168836
0.158776
0.16085
0.164626
0.172996
0.168542
0.170066
0.182083
0.181843
0.184705
0.176657
0.18531
0.191756
0.192448
0.204267
0.18471
0.191197
0.201388
0.212706
0.209924
0.207981
0.213454
0.21696
0.218476
0.220072
0.212524
0.200919
0.219955
0.233226
0.23245
0.210501
0.22588
0.218097
0.217407
0.230766
0.23168
0.205665
0.193588
0.165417
0.167535
0.152304
0.155891
0.159197
0.161461
0.166097
0.174296
0.175938
0.178572
0.178127
0.174813
0.154038
0.152705
0.156398
0.171067
0.174769
0.173427
0.1676
0.170197
0.192237
0.207531
0.204586
0.209112
0.172831
0.178333
0.184384
0.176963
0.168396
0.173201
0.166172
0.178488
0.183477
0.1906
0.186777
0.193255
0.215193
0.211348
0.20727
0.206027
0.202008
0.18482
0.168415
0.161955
0.182561
0.167432
0.193286
0.181279
0.185303
0.171236
0.187812
0.195061
0.194395
0.197588
0.198287
0.207633
0.199033
0.197465
0.20131
0.225964
0.220779
0.232008
0.228703
0.208457
0.210256
0.236295
0.232549
0.23568
0.233657
0.229777
0.236872
0.230277
0.250686
0.236674
0.200815
0.204776
0.214337
0.21745
0.216244
0.196957
0.187393
0.190739
0.189854
0.225064
0.207291
0.201456
0.19764
0.220032
0.212556
0.205175
0.197497
0.212152
0.19454
0.197989
0.182044
0.185927
0.180203
0.179218
0.174072
0.176135
0.179381
0.167317
0.173133
0.178203
0.177816
0.170042
0.184407
0.174614
0.168168
0.171206
0.175323
0.191894
0.191519
0.189225
0.196972
0.200544
0.187003
0.188627
0.18505
0.188945
0.189499
0.20016
0.207633
0.226393
0.23606
0.230791
0.226853
0.218785
0.211826
0.202957
0.201917
0.217836
0.214258
0.220041
0.222281
0.207675
0.219888
0.216444
0.245404
0.236402
0.236229
0.215983
0.224243
0.214416
0.226029
0.254382
0.248303
0.244763
0.238041
0.232558
0.207718
0.201194
0.199308
0.176449
0.157699
0.165962
0.172481
0.182501
0.185276
0.188324
0.201129
0.195904
0.205011
0.204763
0.223868
0.226225
0.225658
0.219857
0.230323
0.219582
0.213932
0.211942
0.210881
0.20582
0.193216
0.193795
0.193952
0.190572
0.194007
0.209544
0.20715
0.204156
0.204013
0.201785
0.22378
0.199021
0.211067
0.226808
0.196315
0.183388
0.175198
0.189442
0.205954
0.209301
0.181395
0.150379
0.157363
0.173366
0.185266
0.182865
0.18408
0.201706
0.199416
0.202807
0.204128
0.210598
0.207827
0.189736
0.183177
0.190339
0.206322
0.19608
0.194244
0.182564
0.17484
0.173275
0.178339
0.159567
0.175835
0.185541
0.183945
0.141458
0.14267
0.168389
0.182862
0.182634
0.187315
0.193744
0.221576
0.204916
0.199325
0.195417
0.181157
0.181432
0.180521
0.180782
0.17517
0.185108
0.203332
0.204019
0.223817
0.199386
0.192323
0.208597
0.195777
0.22235
0.197786
0.196172
0.193767
0.191772
0.207402
0.203033
0.202298
0.220431
0.211456
0.2199
0.215353
0.216572
0.21077
0.192494
0.200044
0.204665
0.202957
0.219544
0.214761
0.206529
0.212078
0.216954
0.227599
0.203584
0.226012
0.220248
0.228163
0.204988
0.217577
0.214123
0.199406
0.199641
0.199576
0.19453
0.21748
0.218367
0.220554
0.21054
0.208896
0.191654
0.203576
0.196763
0.206064
0.187617
0.205784
0.203864
0.193163
0.198935
0.181492
0.179826
0.178488
0.183964
0.152938
0.174906
0.171174
0.175841
0.19358
0.211229
0.20341
0.215925
0.211968
0.214371
0.21146
0.1941
0.208816
0.181286
0.192709
0.189541
0.167052
0.157955
0.167963
0.145732
0.153594
0.130243
0.14268
0.151655
0.157701
0.145169
0.150462
0.177764
0.181459
0.19163
0.199428
0.200754
0.163784
0.178225
0.160474
0.170767
0.172125
0.178892
0.196821
0.187817
0.192186
0.18799
0.19333
0.192741
0.19192
0.188974
0.204114
0.193821
0.176268
0.165761
0.182092
0.184511
0.163467
0.170845
0.178578
0.185079
0.188649
0.20134
0.197163
0.196617
0.197634
0.197618
0.188197
0.18741
0.189183
0.192061
0.190102
0.191204
0.215023
0.224561
0.205444
0.224518
0.247977
0.227652
0.222356
0.220052
0.191876
0.213085
0.217007
0.212078
0.19738
0.188147
0.180715
0.186824
0.186048
0.170282
0.174583
0.175591
0.192637
0.162176
0.190325
0.180237
0.160222
0.176542
0.191906
0.192109
0.163659
0.170424
0.164403
0.136435
0.133747
0.145431
0.160571
0.179636
0.185377
0.177583
0.17969
0.179615
0.168396
0.162166
0.1649
0.172852
0.176577
0.17398
0.168335
0.14771
0.15639
0.175285
0.174566
0.154204
0.155984
0.169079
0.165376
0.173751
0.173258
0.176267
0.175098
0.1469
0.142682
0.1392
0.142249
0.148334
0.152108
0.171926
0.17479
0.146544
0.143786
0.122111
0.148113
0.158847
0.166308
0.172497
0.178813
0.197976
0.190585
0.197432
0.21558
0.212782
0.207055
0.194876
0.197864
0.199299
0.187219
0.179721
0.185671
0.22962
0.214721
0.204202
0.177753
0.183002
0.181828
0.187621
0.190397
0.199677
0.200386
0.198265
0.227633
0.206022
0.194647
0.188671
0.155412
0.161544
0.147489
0.163337
0.168319
0.186198
0.18941
0.179594
0.185438
0.181479
0.178516
0.184502
0.171114
0.16215
0.179924
0.184691
0.200172
0.192481
0.174409
0.207825
0.190686
0.18867
0.199789
0.196463
0.192919
0.192282
0.191978
0.19325
0.200404
0.195873
0.189257
0.174034
0.172093
0.189231
0.189485
0.188567
0.156319
0.145219
0.164345
0.179311
0.183718
0.190201
0.188012
0.182589
0.190198
0.181367
0.187906
0.201894
0.191444
0.180094
0.161762
0.176334
0.168761
0.172984
0.191699
0.186086
0.191456
0.179374
0.188089
0.16487
0.156888
0.135579
0.146961
0.153001
0.146849
0.150488
0.149981
0.156257
0.16231
0.154372
0.168469
0.172595
0.185864
0.210455
0.2095
0.191956
0.178355
0.182857
0.171483
0.201972
0.183221
0.177023
0.189044
0.177592
0.168462
0.166307
0.153084
0.171944
0.168205
0.170145
0.17384
0.1566
0.173544
0.171008
0.196162
0.17978
0.159112
0.157252
0.169802
0.193855
0.189133
0.196935
0.204399
0.185733
0.188799
0.194411
0.192994
0.198896
0.204839
0.187336
0.188938
0.192639
0.193345
0.210097
0.212423
0.209465
0.20338
0.203698
0.181805
0.184964
0.18494
0.183268
0.194258
0.190518
0.214304
0.227438
0.220611
0.21772
0.210587
0.211143
0.20851
0.209495
0.188526
0.218633
0.239597
0.226446
0.223428
0.205138
0.202133
0.191132
0.215294
0.197694
0.192671
0.191859
0.183382
0.183749
0.228212
0.217503
0.206995
0.208154
0.199469
0.201272
0.203751
0.199074
0.200176
0.21612
0.196894
0.19411
0.195257
0.19402
0.196
0.177781
0.158471
0.168833
0.170348
0.173042
0.180068
0.188046
0.205755
0.202677
0.197567
0.203634
0.204217
0.237807
0.229875
0.238322
0.233621
0.212845
0.207058
0.20386
0.202471
0.200007
0.186652
0.18987
0.191558
0.189133
0.170498
0.160602
0.175633
0.176898
0.191861
0.181055
0.166428
0.158091
0.198285
0.192911
0.174547
0.196386
0.193157
0.188083
0.185154
0.19504
0.210261
0.207141
0.202308
0.207508
0.207653
0.223202
0.193134
0.181522
0.176715
0.179641
0.190803
0.174178
0.199743
0.196842
0.191351
0.183049
0.177634
0.182695
0.197461
0.205963
0.215522
0.187974
0.185645
0.195478
0.194356
0.191932
0.191927
0.192137
0.189268
0.19043
0.211168
0.225801
0.215203
0.191138
0.194375
0.220724
0.22348
0.201345
0.198963
0.180718
0.185971
0.191749
0.191582
0.193143
0.191951
0.187764
0.215892
0.208256
0.218622
0.206093
0.215684
0.201424
0.199984
0.176735
0.170259
0.171327
0.177617
0.192489
0.186326
0.173797
0.184728
0.186401
0.196344
0.180377
0.17168
0.155662
0.169211
0.164642
0.161938
0.186028
0.185849
0.188612
0.176513
0.172321
0.183495
0.200691
0.184104
0.191059
0.190132
0.189348
0.183061
0.183767
0.188202
0.215979
0.212119
0.210592
0.206339
0.183677
0.198242
0.203465
0.201084
0.209644
0.218417
0.219607
0.226214
0.220438
0.199343
0.217497
0.207442
0.211439
0.208143
0.206549
0.207522
0.20471
0.205463
0.20714
0.201794
0.195727
0.222172
0.22031
0.206333
0.211841
0.223561
0.186381
0.180911
0.181626
0.18255
0.184828
0.204491
0.22472
0.217485
0.21565
0.199056
0.184836
0.164648
0.182749
0.180946
0.179845
0.210874
0.212524
0.207293
0.205057
0.198479
0.21105
0.206371
0.194191
0.206985
0.205818
0.167877
0.136723
0.152191
0.146877
0.12326
0.142111
0.134171
0.157838
0.135489
0.120148
0.120719
0.108052
0.122026
0.132051
0.123682
0.132926
0.138129
0.145571
0.140969
0.145681
0.143556
0.175009
0.164398
0.173885
0.182448
0.162904
0.167092
0.169921
0.154216
0.156186
0.144182
0.149863
0.148826
0.169361
0.169411
0.175093
0.182685
0.194221
0.193046
0.179602
0.198133
0.171428
0.173649
0.200045
0.186338
0.17549
0.173744
0.174674
0.206725
0.209458
0.217366
0.19886
0.187435
0.181987
0.185581
0.191098
0.191312
0.165085
0.182316
0.184658
0.199098
0.205959
0.207474
0.203509
0.199599
0.200199
0.179862
0.174927
0.193066
0.174396
0.149871
0.165916
0.156372
0.159604
0.154809
0.17705
0.193109
0.196628
0.194764
0.202863
0.202582
0.20323
0.201432
0.215618
0.230543
0.239307
0.238217
0.230386
0.223845
0.214423
0.229375
0.227236
0.218457
0.203064
0.197304
0.209648
0.204861
0.202252
0.193754
0.19472
0.212435
0.21059
0.202223
0.192551
0.192429
0.195766
0.194285
0.195489
0.224657
0.219202
0.212547
0.21177
0.204797
0.201456
0.202883
0.197135
0.203425
0.212007
0.186165
0.179851
0.180434
0.185239
0.174707
0.174583
0.177797
0.187762
0.181048
0.188611
0.191087
0.20043
0.219278
0.210781
0.208407
0.187975
0.197095
0.193495
0.193476
0.195442
0.196454
0.206373
0.199292
0.209734
0.203756
0.194563
0.192842
0.193193
0.202664
0.178012
0.180062
0.174883
0.193606
0.183146
0.186295
0.164218
0.178425
0.184557
0.166039
0.17069
0.155352
0.154418
0.160159
0.1723
0.17977
0.192719
0.192367
0.213702
0.209803
0.225697
0.223894
0.218535
0.196731
0.211227
0.21108
0.214056
0.198211
0.196974
0.200205
0.196633
0.198988
0.194138
0.190613
0.198389
0.21118
0.209405
0.20903
0.206205
0.195234
0.187467
0.190926
0.183945
0.176281
0.179937
0.177472
0.180148
0.189805
0.190586
0.184648
0.172787
0.153107
0.157146
0.168547
0.167947
0.190032
0.197178
0.216464
0.207952
0.208568
0.210156
0.212318
0.222826
0.199432
0.198885
0.198199
0.203728
0.212433
0.202203
0.199687
0.193229
0.184504
0.199399
0.200346
0.195531
0.196987
0.200952
0.208947
0.208166
0.20086
0.205672
0.204136
0.192433
0.198413
0.200377
0.199479
0.185681
0.190498
0.185452
0.187293
0.177483
0.187059
0.21382
0.209026
0.203413
0.206505
0.203269
0.210626
0.207416
0.195009
0.193184
0.178638
0.202079
0.193406
0.193766
0.211507
0.2031
0.199764
0.199628
0.20485
0.19863
0.1987
0.216588
0.193973
0.205677
0.209343
0.211035
0.209227
0.197576
0.208192
0.210768
0.227256
0.191852
0.205028
0.204163
0.202638
0.1932
0.182982
0.197508
0.214133
0.209926
0.193848
0.173558
0.169621
0.173729
0.178114
0.188319
0.190509
0.183274
0.197052
0.207185
0.205684
0.221034
0.189697
0.1979
0.189701
0.187561
0.181026
0.198827
0.217155
0.207551
0.199044
0.212883
0.216348
0.206781
0.227013
0.230905
0.185135
0.176941
0.174095
0.180381
0.186182
0.180069
0.182751
0.189454
0.191287
0.194152
0.183906
0.186753
0.178291
0.167744
0.178773
0.182672
0.176607
0.178613
0.19403
0.199055
0.184018
0.198965
0.227957
0.22201
0.20262
0.192015
0.199918
0.202187
0.198587
0.199479
0.1959
0.186838
0.181673
0.181285
0.192897
0.190828
0.203119
0.183989
0.195335
0.195802
0.183942
0.174384
0.171744
0.173413
0.176
0.17998
0.184269
0.154821
0.167357
0.180124
0.226541
0.223758
0.218911
0.22674
0.224579
0.210149
0.209087
0.195374
0.196574
0.193148
0.211026
0.203819
0.204474
0.205597
0.214535
0.202371
0.192078
0.20634
0.186525
0.193338
0.190585
0.180501
0.187801
0.187349
0.19084
0.189919
0.178433
0.179631
0.191
0.192869
0.184818
0.184556
0.207699
0.198957
0.20347
0.201623
0.195687
0.196804
0.210867
0.209718
0.197492
0.204642
0.216997
0.204553
0.201457
0.199766
0.19108
0.187526
0.19937
0.198177
0.186799
0.185019
0.180206
0.195222
0.190517
0.189492
0.186875
0.18543
0.187134
0.202406
0.205723
0.208382
0.204956
0.216028
0.176402
0.204558
0.191478
0.184914
0.205858
0.199408
0.203835
0.191621
0.20421
0.199778
0.208244
0.209397
0.204707
0.200889
0.19731
0.200819
0.185618
0.154803
0.188758
0.188996
0.187378
0.244047
0.241218
0.220351
0.205199
0.21821
0.224216
0.225425
0.220398
0.214903
0.22055
0.21272
0.197876
0.206492
0.184814
0.187211
0.181928
0.191978
0.198911
0.194312
0.21854
0.235819
0.228015
0.222976
0.209735
0.213342
0.204066
0.208415
0.221022
0.21752
0.20985
0.208603
0.205801
0.205097
0.199082
0.185369
0.189187
0.183369
0.215619
0.194327
0.203928
0.202731
0.171665
0.167397
0.170604
0.164691
0.175582
0.181919
0.167662
0.174723
0.187018
0.183926
0.19253
0.173238
0.178906
0.188845
0.193104
0.194614
0.2073
0.203982
0.221176
0.24751
0.205105
0.204607
0.206503
0.207232
0.203722
0.220523
0.266557
0.247313
0.246757
0.247312
0.277412
0.2789
0.268745
0.272572
0.258985
0.236209
0.229141
0.219787
0.185211
0.199547
0.206566
0.199046
0.196789
0.189762
0.179343
0.18282
0.16443
0.155309
0.14815
0.177934
0.180639
0.190253
0.224102
0.214821
0.205503
0.207348
0.186499
0.182879
0.199321
0.209533
0.205584
0.215865
0.19515
0.187198
0.195245
0.193706
0.19253
0.193109
0.187454
0.168092
0.175133
0.160983
0.166259
0.185965
0.184574
0.173765
0.192494
0.195221
0.181465
0.192179
0.192598
0.193617
0.181585
0.169456
0.162817
0.165643
0.153166
0.161408
0.165963
0.156591
0.163787
0.166501
0.175125
0.196017
0.207542
0.198386
0.195221
0.203679
0.20716
0.199826
0.198994
0.212629
0.234088
0.230506
0.223847
0.21593
0.207152
0.194457
0.192743
0.205202
0.212787
0.178748
0.188672
0.163168
0.166615
0.182643
0.194071
0.195974
0.178107
0.178108
0.169592
0.190315
0.198556
0.187535
0.188388
0.221177
0.23194
0.231136
0.22381
0.247565
0.245108
0.23703
0.228673
0.210582
0.21564
0.202069
0.186719
0.18217
0.179901
0.189875
0.197273
0.168299
0.147775
0.155815
0.168099
0.179032
0.15609
0.168489
0.17213
0.178687
0.173952
0.172954
0.185602
0.167279
0.16358
0.165064
0.156323
0.167302
0.148814
0.174349
0.179614
0.187035
0.185987
0.203012
0.201113
0.189341
0.190242
0.195538
0.201811
0.183063
0.182685
0.187731
0.188438
0.189508
0.170119
0.132585
0.152075
0.120991
0.13468
0.143534
0.151724
0.155163
0.173255
0.176152
0.178285
0.199983
0.197518
0.168383
0.154377
0.153649
0.158326
0.160414
0.17799
0.191106
0.188932
0.188383
0.180209
0.183495
0.207253
0.232875
0.241583
0.231888
0.225179
0.218541
0.226927
0.219627
0.219087
0.225897
0.219866
0.214675
0.203977
0.198143
0.199268
0.212493
0.199004
0.199827
0.194817
0.1891
0.187323
0.198193
0.217177
0.210539
0.223979
0.254255
0.236993
0.221693
0.216562
0.210278
0.186318
0.212898
0.202279
0.199307
0.204543
0.211842
0.208416
0.207715
0.199357
0.177646
0.14538
0.170125
0.172769
0.186848
0.178057
0.189659
0.197931
0.196976
0.247967
0.245837
0.236646
0.245799
0.240667
0.232694
0.227714
0.22538
0.199873
0.204514
0.19789
0.192891
0.198265
0.197956
0.187656
0.188481
0.202569
0.202794
0.22591
0.22546
0.220149
0.223308
0.226796
0.212581
0.193707
0.188067
0.192626
0.195682
0.194755
0.182947
0.185935
0.186817
0.191494
0.191983
0.214922
0.211435
0.22784
0.234076
0.241045
0.25044
0.256944
0.245245
0.259549
0.241166
0.247435
0.238439
0.225355
0.221694
0.211217
0.204777
0.218535
0.219173
0.214694
0.215836
0.179332
0.181019
0.183787
0.184251
0.185978
0.167018
0.173936
0.177542
0.180099
0.181987
0.209614
0.216636
0.212521
0.214241
0.224331
0.217649
0.213182
0.215207
0.219381
0.217747
0.215627
0.217457
0.213416
0.202212
0.21374
0.206618
0.201428
0.199072
0.212671
0.197646
0.199752
0.187481
0.191386
0.192486
0.190482
0.187934
0.189601
0.200413
0.197915
0.191017
0.195961
0.181341
0.180317
0.17554
0.178541
0.17971
0.176479
0.179061
0.182275
0.176631
0.201951
0.215616
0.213364
0.214507
0.211289
0.207682
0.206873
0.208514
0.241787
0.238834
0.233525
0.222917
0.229536
0.21806
0.213562
0.181874
0.189109
0.175755
0.178051
0.154605
0.158726
0.153392
0.164347
0.174168
0.202396
0.204309
0.190713
0.209436
0.206053
0.185363
0.206346
0.223894
0.216478
0.213309
0.202074
0.199729
0.200635
0.186787
0.184238
0.185977
0.182687
0.185252
0.187415
0.203929
0.224839
0.235507
0.229007
0.226394
0.197936
0.196122
0.189045
0.189468
0.182076
0.182988
0.217605
0.211605
0.218921
0.215283
0.214387
0.209955
0.201561
0.205907
0.213321
0.215242
0.212075
0.229445
0.222718
0.220975
0.214253
0.210725
0.208415
0.195838
0.206569
0.204788
0.205477
0.195481
0.200024
0.192447
0.211303
0.209276
0.223701
0.221386
0.218914
0.199435
0.205454
0.189794
0.182296
0.173076
0.172045
0.189298
0.187594
0.190111
0.197761
0.209278
0.200697
0.200219
0.198889
0.216132
0.195876
0.195137
0.192
0.189976
0.179855
0.175552
0.178193
0.178477
0.185112
0.196722
0.202161
0.215532
0.214828
0.211301
0.193575
0.191679
0.191578
0.19199
0.195539
0.197076
0.187366
0.199572
0.199096
0.214709
0.20248
0.203038
0.194227
0.193964
0.190403
0.221471
0.222288
0.219451
0.227432
0.221356
0.202891
0.200472
0.228004
0.206533
0.204518
0.203246
0.198808
0.197649
0.191333
0.184929
0.167905
0.179663
0.178956
0.181372
0.181929
0.187134
0.185462
0.191005
0.195327
0.207116
0.209847
0.203785
0.2105
0.194038
0.184003
0.191895
0.178555
0.184166
0.192596
0.194827
0.207058
0.188977
0.198094
0.196634
0.189027
0.19011
0.172095
0.177238
0.198946
0.209506
0.204452
0.203473
0.198146
0.19672
0.203492
0.201587
0.203406
0.188496
0.177509
0.182787
0.193086
0.196435
0.18881
0.204913
0.203961
0.181692
0.185338
0.173277
0.176633
0.181829
0.184248
0.182543
0.168343
0.166591
0.179229
0.179795
0.195302
0.179739
0.181745
0.176331
0.183499
0.184417
0.181091
0.17188
0.181331
0.201502
0.179946
0.186563
0.188237
0.160468
0.169081
0.157476
0.14253
0.15025
0.163697
0.195635
0.203654
0.209655
0.206623
0.203341
0.209718
0.247628
0.239004
0.229915
0.198706
0.176045
0.185791
0.190807
0.190461
0.18409
0.185191
0.175549
0.16541
0.176006
0.179936
0.181954
0.167207
0.193326
0.193501
0.182058
0.187831
0.18629
0.201018
0.180833
0.172668
0.153159
0.175326
0.177508
0.183663
0.163592
0.176532
0.177756
0.178217
0.15928
0.167851
0.145278
0.149846
0.155118
0.160729
0.165768
0.174918
0.177591
0.149123
0.155608
0.152234
0.151025
0.132571
0.171246
0.197709
0.195546
0.235901
0.223319
0.20987
0.20566
0.183416
0.186319
0.17908
0.183751
0.196742
0.198391
0.195273
0.17484
0.18073
0.17878
0.168948
0.163464
0.166942
0.180309
0.184695
0.185735
0.182715
0.189685
0.228562
0.218552
0.23396
0.231442
0.24262
0.237814
0.226288
0.221238
0.203652
0.200861
0.196403
0.219296
0.206314
0.18428
0.193598
0.208878
0.201377
0.183479
0.149349
0.162674
0.166619
0.168582
0.154499
0.170117
0.173833
0.18209
0.202514
0.197173
0.19728
0.199963
0.196974
0.197605
0.18046
0.18229
0.186726
0.187269
0.175064
0.193701
0.194463
0.195465
0.19259
0.192153
0.190669
0.210451
0.201453
0.192601
0.187978
0.176403
0.181325
0.17004
0.162477
0.203721
0.205025
0.197606
0.214296
0.210935
0.196889
0.198282
0.18493
0.177639
0.184745
0.192079
0.209599
0.196457
0.220294
0.215704
0.209987
0.210362
0.207347
0.215911
0.205158
0.197984
0.199982
0.207583
0.204522
0.204805
0.202439
0.20205
0.197782
0.190538
0.185001
0.174646
0.180056
0.173754
0.182645
0.172473
0.166234
0.17477
0.167936
0.171122
0.17095
0.179562
0.158277
0.1498
0.158175
0.179663
0.179149
0.17392
0.176633
0.17728
0.17838
0.175114
0.176446
0.172774
0.197827
0.190603
0.181613
0.178979
0.193485
0.195124
0.195472
0.19531
0.202345
0.196972
0.168047
0.171912
0.190135
0.199357
0.231119
0.2259
0.250146
0.246288
0.261243
0.257887
0.245195
0.266295
0.254498
0.242357
0.199906
0.203727
0.195866
0.195286
0.185023
0.198275
0.196802
0.187294
0.178644
0.181962
0.186983
0.170806
0.173613
0.176577
0.209546
0.197848
0.209691
0.206559
0.20019
0.20779
0.208618
0.169888
0.15986
0.174438
0.173644
0.189084
0.186522
0.176058
0.165419
0.154518
0.16215
0.173459
0.187107
0.190932
0.187174
0.188771
0.195728
0.208942
0.220032
0.208587
0.173992
0.16917
0.172897
0.174327
0.156714
0.172216
0.176203
0.189101
0.17583
0.171001
0.150014
0.172613
0.171117
0.178856
0.188723
0.214158
0.194899
0.193208
0.200004
0.206752
0.204236
0.20001
0.193241
0.192039
0.19452
0.192049
0.194902
0.193841
0.198704
0.202941
0.195693
0.184328
0.182568
0.177792
0.184624
0.20603
0.192515
0.18259
0.184829
0.184819
0.182312
0.188099
0.172846
0.152837
0.15072
0.165306
0.181023
0.183673
0.14733
0.155496
0.158579
0.162981
0.144577
0.127859
0.18231
0.164515
0.174393
0.19708
0.209991
0.199029
0.197462
0.20263
0.198596
0.229325
0.240487
0.210975
0.192966
0.206927
0.204374
0.193868
0.179877
0.183912
0.170219
0.173248
0.17073
0.185349
0.185176
0.183649
0.203809
0.190467
0.18635
0.177527
0.180152
0.188448
0.192748
0.156887
0.17989
0.182657
0.182621
0.17351
0.161333
0.151645
0.15805
0.133308
0.140375
0.176029
0.19598
0.1925
0.188916
0.203153
0.145615
0.16923
0.171833
0.181019
0.182506
0.182401
0.171588
0.151482
0.160661
0.174434
0.177138
0.181015
0.190934
0.194401
0.192589
0.192355
0.189263
0.190272
0.20974
0.229817
0.225689
0.212006
0.215891
0.212216
0.207686
0.207378
0.194426
0.192895
0.192674
0.201995
0.200874
0.214249
0.210595
0.210526
0.198965
0.199819
0.207541
0.241957
0.229854
0.222724
0.216191
0.213951
0.203981
0.200322
0.221676
0.198785
0.201375
0.183944
0.183671
0.183278
0.188216
0.188265
0.196309
0.182877
0.166561
0.193739
0.190661
0.164056
0.15845
0.163704
0.169065
0.166215
0.185357
0.185568
0.188048
0.192426
0.210064
0.206766
0.205952
0.187253
0.210528
0.196107
0.187265
0.18507
0.189819
0.199181
0.154004
0.142336
0.144947
0.121406
0.157042
0.138726
0.152405
0.146068
0.158805
0.172364
0.172866
0.159725
0.16987
0.174093
0.176619
0.177261
0.157143
0.155017
0.155478
0.181819
0.181013
0.156788
0.147824
0.150058
0.160012
0.170554
0.194205
0.204396
0.215113
0.234278
0.210003
0.207371
0.202766
0.186359
0.202754
0.197246
0.185285
0.186928
0.200261
0.204247
0.20242
0.202077
0.194348
0.192048
0.217952
0.188162
0.171146
0.178085
0.185647
0.200931
0.18992
0.189828
0.199655
0.215763
0.248917
0.24254
0.236743
0.230625
0.221755
0.194884
0.224748
0.209676
0.203327
0.20102
0.199225
0.198018
0.203449
0.20162
0.204043
0.20657
0.197542
0.20373
0.204307
0.196747
0.208482
0.201134
0.214281
0.229131
0.237795
0.253881
0.234447
0.20468
0.169085
0.185369
0.186098
0.18966
0.190002
0.177553
0.178358
0.188712
0.177701
0.189235
0.187695
0.187799
0.203367
0.206507
0.202679
0.200488
0.206767
0.195739
0.188086
0.186344
0.195977
0.209721
0.213237
0.209784
0.202266
0.155599
0.160407
0.170252
0.188692
0.192656
0.196685
0.193366
0.206574
0.200839
0.188185
0.187278
0.201867
0.194747
0.167153
0.18428
0.185639
0.188243
0.19137
0.175354
0.211123
0.210038
0.227582
0.221219
0.21727
0.192587
0.194698
0.181942
0.182058
0.200813
0.21446
0.217708
0.21171
0.203691
0.219529
0.215314
0.211311
0.184831
0.198811
0.193568
0.196443
0.194983
0.17418
0.178382
0.174747
0.171518
0.166438
0.176607
0.17448
0.17729
0.181657
0.190071
0.193216
0.214534
0.223753
0.215675
0.232713
0.229472
0.223948
0.203399
0.199812
0.198908
0.211327
0.205468
0.189729
0.194447
0.201786
0.189952
0.194091
0.191965
0.203915
0.184345
0.185468
0.175701
0.186294
0.189684
0.186897
0.190607
0.195201
0.203718
0.193138
0.195955
0.194432
0.195315
0.195061
0.193138
0.196629
0.196564
0.219898
0.211893
0.192839
0.211446
0.208424
0.21721
0.185452
0.160504
0.185938
0.185011
0.194975
0.194284
0.177042
0.172739
0.161269
0.171909
0.182148
0.178829
0.176164
0.167488
0.171423
0.176886
0.195466
0.187062
0.17332
0.179295
0.17996
0.160226
0.180558
0.183125
0.210106
0.191138
0.191494
0.191846
0.189602
0.201822
0.214055
0.230175
0.229936
0.219609
0.209124
0.206794
0.200433
0.199318
0.180018
0.185438
0.18362
0.188157
0.174003
0.200267
0.190344
0.186217
0.182083
0.189057
0.185001
0.174118
0.159662
0.150301
0.158286
0.156157
0.187039
0.184266
0.197674
0.179323
0.192524
0.197555
0.205688
0.199796
0.196233
0.199069
0.204973
0.20102
0.202046
0.162402
0.163271
0.170603
0.180127
0.182802
0.172987
0.180218
0.18765
0.1719
0.18976
0.19174
0.197448
0.224865
0.232382
0.228503
0.22469
0.225564
0.22289
0.211317
0.220877
0.22078
0.231614
0.255742
0.251613
0.238963
0.232821
0.251265
0.242204
0.239095
0.223367
0.223508
0.225322
0.208478
0.195007
0.198448
0.205726
0.174927
0.191841
0.180148
0.165979
0.169135
0.189005
0.199874
0.207825
0.208053
0.210244
0.224595
0.225818
0.194816
0.200314
0.197341
0.199564
0.176499
0.176185
0.176132
0.194641
0.20307
0.182961
0.196492
0.195771
0.210674
0.211496
0.196954
0.21941
0.226301
0.217942
0.193029
0.198027
0.20732
0.205991
0.202553
0.202232
0.205013
0.196981
0.198463
0.184487
0.177474
0.185272
0.168772
0.171992
0.175523
0.182423
0.195173
0.194473
0.195317
0.193182
0.212313
0.199598
0.205292
0.206144
0.199305
0.182942
0.164422
0.167904
0.1786
0.195421
0.186449
0.188175
0.188053
0.207734
0.234295
0.243754
0.253661
0.237466
0.23072
0.212484
0.214663
0.211259
0.218846
0.23012
0.219218
0.212138
0.2083
0.201597
0.190175
0.186281
0.185738
0.193752
0.19717
0.19715
0.185672
0.184242
0.189138
0.175912
0.196799
0.197631
0.185665
0.195279
0.193874
0.192259
0.181304
0.182288
0.184628
0.186914
0.18405
0.172975
0.176607
0.173699
0.176943
0.189066
0.210269
0.208354
0.206692
0.204011
0.194812
0.218194
0.200235
0.215633
0.200172
0.203512
0.201225
0.187131
0.187319
0.201428
0.204203
0.203406
0.202415
0.195992
0.187946
0.19815
0.19006
0.194359
0.195092
0.201291
0.19994
0.184736
0.1897
0.18398
0.198092
0.174519
0.17811
0.189638
0.177539
0.187358
0.179824
0.182705
0.182202
0.195751
0.19878
0.197796
0.205457
0.221974
0.219739
0.214996
0.211288
0.203247
0.193912
0.196066
0.21214
0.210889
0.204089
0.216607
0.191766
0.240584
0.234177
0.238876
0.221181
0.21729
0.228536
0.236336
0.240298
0.237338
0.213475
0.211305
0.18814
0.198318
0.208117
0.213614
0.208881
0.192772
0.195678
0.179124
0.1472
0.148208
0.150678
0.158132
0.155039
0.157964
0.167737
0.163616
0.175682
0.178952
0.194008
0.197717
0.199913
0.197568
0.190411
0.235755
0.229294
0.224548
0.211485
0.210506
0.192928
0.188641
0.182162
0.186112
0.185302
0.212548
0.183487
0.192348
0.183481
0.167077
0.168195
0.182796
0.17346
0.172841
0.173431
0.180914
0.18001
0.170726
0.174462
0.166334
0.167172
0.177737
0.177415
0.196971
0.191244
0.188607
0.183965
0.184879
0.183197
0.197082
0.198192
0.183779
