###  Units are X_hat = 1.73cm.
0.1	0.1
0.106461	0.106219
0.111716	0.110698
0.115558	0.110351
0.0971983	0.112336
0.109687	0.117471
0.113867	0.122204
0.128878	0.122129
0.136778	0.119982
0.113967	0.118751
0.120099	0.123993
0.113726	0.130085
0.118394	0.139315
0.11532	0.160979
0.112616	0.16485
0.114992	0.161733
0.109929	0.152248
0.104188	0.15126
0.135389	0.165878
0.122544	0.171574
0.115264	0.165606
0.113925	0.174737
0.115674	0.146566
0.121418	0.150788
0.105171	0.155804
0.132906	0.163775
0.13012	0.157112
0.116192	0.149412
0.102898	0.126955
0.109987	0.138573
0.111695	0.128762
0.113205	0.13301
0.109829	0.153924
0.111354	0.153404
0.140779	0.165196
0.129372	0.161693
0.128035	0.158727
0.111727	0.151556
0.110624	0.15176
0.11575	0.143501
0.117953	0.144987
0.109902	0.166397
0.109968	0.136634
0.122042	0.132613
0.147753	0.114872
0.160556	0.112509
0.167294	0.118211
0.160655	0.103208
0.162883	0.0967446
0.161317	0.0941866
0.134085	0.0956123
0.143628	0.115997
0.121868	0.0908222
0.127081	0.0886686
0.140375	0.122129
0.13891	0.118033
0.143753	0.135915
0.140087	0.135645
0.132814	0.130492
0.118881	0.141106
0.128877	0.160281
0.148607	0.15147
0.145155	0.119935
0.146432	0.120522
0.138038	0.128959
0.127202	0.129759
0.14244	0.119742
0.144124	0.127408
0.142831	0.113036
0.138484	0.0912939
0.142124	0.087205
0.141559	0.10498
0.147255	0.102708
0.146154	0.111384
0.150802	0.0946212
0.172634	0.0988725
0.165561	0.0910732
0.16399	0.0639456
0.151097	0.0641861
0.154009	0.0812312
0.152216	0.078281
0.154188	0.0787965
0.151324	0.0752495
0.148432	0.0781513
0.140731	0.0660418
0.136118	0.0799232
0.141701	0.0812116
0.17419	0.0860973
0.166954	0.0645804
0.154395	0.0836698
0.148929	0.0946742
0.156169	0.100671
0.164039	0.11473
0.178915	0.147985
0.178717	0.141299
0.174414	0.118248
0.188139	0.095006
0.184658	0.0969108
0.176017	0.0879902
0.185603	0.0981068
0.167617	0.0968175
0.165682	0.0927119
0.171437	0.0878319
0.177141	0.0713287
0.180935	0.0708841
0.182402	0.0562646
0.185383	0.0580257
0.188507	0.0640328
0.191013	0.069289
0.186668	0.0546251
0.210416	0.0631509
0.218782	0.0462752
0.233069	0.0464625
0.228234	0.045768
0.218739	0.0516791
0.207498	0.0522033
0.203109	0.0342989
0.214727	0.0227727
0.20467	0.0232707
0.197913	0.0313166
0.212487	0.0282313
0.197407	0.0446279
0.175836	0.0528531
0.168556	0.0599513
0.181794	0.0562537
0.214959	0.0597503
0.21624	0.0536625
0.210643	0.0508443
0.216979	0.0288499
0.209269	0.0407098
0.208652	0.0555318
0.206677	0.0576881
0.212406	0.0521252
0.204316	0.051364
0.202476	0.0692609
0.197477	0.0691691
0.194746	0.0609847
0.205455	0.037419
0.199981	0.0382394
0.185895	0.0460986
0.184608	0.0499196
0.162805	0.063303
0.152523	0.0659489
0.163059	0.0483129
0.166898	0.046834
0.164874	0.0532201
0.180831	0.0294858
0.159628	0.0259521
0.167436	0.0316196
0.192825	0.0173872
0.19339	0.0184779
0.19265	0.017222
0.202215	0.0281358
0.178859	-0.00348072
0.182088	0.00785517
0.186269	0.00666784
0.182808	0.00217553
0.152989	-0.00328198
0.158574	-0.00299034
0.16528	0.0136769
0.168235	0.0121005
0.17247	0.012032
0.140759	0.0460241
0.136683	0.0456475
0.144588	0.0495413
0.141637	0.0489066
0.153894	0.0338496
0.135182	0.032212
0.153751	0.0431875
0.152612	0.0718111
0.154819	0.0727866
0.187929	0.0686599
0.186791	0.0653341
0.185517	0.0678354
0.175458	0.0651249
0.181324	0.0717688
0.160406	0.0782789
0.149874	0.086694
0.131335	0.0828952
0.132457	0.0807544
0.145229	0.0730263
0.144836	0.111931
0.157609	0.0968727
0.164556	0.0992256
0.187442	0.0767681
0.193447	0.0687176
0.192577	0.065999
0.191362	0.0811286
0.17585	0.0786893
0.184607	0.0769992
0.183144	0.0828772
0.187282	0.0830662
0.183642	0.0811741
0.182732	0.0776163
0.18371	0.0590756
0.181131	0.0761024
0.196749	0.0707705
0.201282	0.077577
0.199356	0.068705
0.193797	0.0639326
0.203364	0.0714117
0.166854	0.0621862
0.172847	0.0574755
0.163797	0.0473199
0.158587	0.0569986
0.162314	0.0574071
0.155034	0.0603564
0.14613	0.0503731
0.150966	0.0519936
0.160145	0.0629324
0.161149	0.0763333
0.163217	0.0721281
0.172468	0.0642379
0.18106	0.0684001
0.180679	0.0682155
0.180015	0.0632404
0.186754	0.0830095
0.182922	0.0785621
0.185297	0.0804955
0.17315	0.102039
0.180829	0.0823732
0.184652	0.0817738
0.180222	0.0854251
0.179866	0.0761225
0.190938	0.0478451
0.188291	0.0455189
0.183644	0.0468797
0.182914	0.0445457
0.199238	0.0703452
0.178976	0.0833795
0.156846	0.0821854
0.159068	0.0854263
0.159283	0.0855481
0.174971	0.0872324
0.167811	0.0801408
0.199788	0.102067
0.166015	0.126289
0.160511	0.122904
0.155896	0.129206
0.154936	0.139354
0.145908	0.143676
0.160019	0.129645
0.177579	0.144913
0.168371	0.129206
0.166918	0.107985
0.166662	0.108148
0.172919	0.110849
0.176082	0.111668
0.174223	0.109791
0.206406	0.130198
0.190983	0.125097
0.183593	0.120668
0.161659	0.102498
0.161043	0.103148
0.171849	0.109441
0.164016	0.123672
0.14618	0.131293
0.111672	0.120952
0.12666	0.086267
0.144621	0.0904468
0.149514	0.0905712
0.146339	0.091005
0.157367	0.0908335
0.180134	0.105362
0.179195	0.0931712
0.169442	0.0490126
0.198657	0.0432969
0.202946	0.054319
0.208797	0.0271769
0.200335	-0.00677587
0.199952	-0.00633714
0.195298	0.00394573
0.194494	0.0124551
0.181174	0.0241272
0.182404	0.0238413
0.18389	0.0145002
0.19358	0.0152247
0.194848	0.0466025
0.199885	0.0559749
0.162975	0.0782416
0.16037	0.087633
0.191295	0.0950828
0.180785	0.0934655
0.186382	0.0981953
0.197767	0.078462
0.148643	0.0561984
0.14748	0.0534603
0.146465	0.0502166
0.165382	0.040778
0.170167	0.0467396
0.172944	0.0531857
0.180802	0.0484588
0.185391	0.00384119
0.188015	0.00140287
0.171582	-0.0107159
0.178462	-0.0136071
0.189643	-0.0118848
0.187791	-0.0155774
0.183477	-0.0242231
0.170688	-0.017548
0.196201	-0.00973974
0.210305	-0.00500002
0.214504	-0.00149582
0.216715	-0.0012279
0.236827	0.00650858
0.208891	-0.0103904
0.202909	-0.00363152
0.206107	0.00500436
0.198404	-0.0148683
0.195474	5.35625e-05
0.204885	0.00871417
0.198522	0.00963044
0.20359	0.0116163
0.210229	0.00562425
0.211456	-0.0168595
0.196535	-0.0172519
0.196647	-0.0256164
0.197518	-0.0273636
0.198411	-0.0274302
0.19568	-0.0297091
0.217055	-0.0413787
0.242876	-0.0111749
0.22465	-0.0140172
0.214553	0.00425319
0.208428	0.00258752
0.190777	0.00560682
0.18676	0.00972772
0.177797	0.00534299
0.176685	0.0182039
0.180582	0.0191453
0.194554	0.0132096
0.198537	0.0251251
0.202303	0.0180082
0.204683	0.0138385
0.211264	0.00741692
0.198425	0.00465634
0.197377	0.00552107
0.198027	0.00588045
0.197489	0.0012601
0.17813	0.000797669
0.170193	0.000116894
0.168438	0.00738505
0.175388	0.026469
0.17192	0.0299625
0.188117	0.0312288
0.18536	0.0332333
0.190627	0.023497
0.175776	0.0172654
0.154336	0.0190891
0.165341	0.0381231
0.16905	0.0347073
0.171198	0.0358019
0.181701	0.0272169
0.194333	0.0485904
0.194497	0.0464562
0.217068	0.0389319
0.221629	0.0372221
0.217137	0.041742
0.225754	0.0529059
0.245714	0.0391906
0.248279	0.0360476
0.229913	0.0294694
0.224299	0.023457
0.214183	0.030151
0.202239	0.0386435
0.18469	0.0471076
0.183672	0.0462518
0.179498	0.0672045
0.190753	0.0721412
0.185169	0.0845605
0.191948	0.0698955
0.195388	0.0774699
0.19566	0.0745222
0.197045	0.0721085
0.194236	0.073191
0.197833	0.0690688
0.196504	0.0667708
0.186484	0.0711078
0.180616	0.0647331
0.14744	0.0613778
0.15425	0.0441013
0.171856	0.0390643
0.182579	0.0328059
0.189773	0.0274877
0.204709	0.0237709
0.187436	0.0129278
0.186473	0.0163008
0.187317	0.00920709
0.171879	-0.0154249
0.17045	-0.0227007
0.186481	-0.0212045
0.176921	-0.0318385
0.169586	-0.0322494
0.184714	-0.0212656
0.197903	-0.0358625
0.199459	-0.0332126
0.204929	-0.0331268
0.199698	-0.0276204
0.201329	-0.0235766
0.208635	-0.0144141
0.207581	-0.00666488
0.207639	-0.0133602
0.184792	-0.00235697
0.184493	-0.00289427
0.203525	-0.0342201
0.178101	-0.0143774
0.19015	-0.0132505
0.194107	0.0249448
0.206737	0.0174593
0.219064	0.0121733
0.213144	0.0134756
0.213867	-0.00727752
0.225513	-0.0110786
0.234655	-0.0123262
0.236949	-0.00360904
0.211567	-0.0032283
0.200913	-0.0153943
0.197538	-0.0114025
0.197622	-0.00944228
0.207578	0.0133602
0.20807	0.00564586
0.187337	0.00463
0.198437	0.00816695
0.197175	0.00975836
0.201468	0.0210264
0.205572	-0.0051103
0.211312	-0.00512738
0.211371	-0.0027075
0.217618	0.000456001
0.213802	0.00751573
0.194745	0.0195242
0.216671	0.014155
0.243785	-0.00111045
0.239097	-0.00177967
0.220923	-0.00445408
0.205401	-0.0047829
0.225629	-0.0365682
0.203524	-0.032518
0.195755	-0.0288147
0.177909	-0.0254207
0.198134	-0.0151104
0.181046	-0.013532
0.183959	-0.0140536
0.178541	0.000106394
0.181705	7.09866e-05
0.18568	-0.000557205
0.193882	-0.00919185
0.19887	-0.0163132
0.20896	-0.0140618
0.198122	-0.0143229
0.185036	-0.00994541
0.195884	0.0056745
0.19958	0.00495712
0.201296	0.00152499
0.206431	-0.0208126
0.199448	-0.0343074
0.189735	-0.0328068
0.189524	-0.0367929
0.162769	-0.0313061
0.15342	-0.0272819
0.164689	-0.0307398
0.159162	-0.0323295
0.165464	-0.0270707
0.158809	-0.0141226
0.170952	-0.0234717
0.160094	-0.0217498
0.174967	-0.0210048
0.171931	-0.029355
0.187738	-0.0100984
0.182851	-0.00126556
0.192421	0.0189262
0.203688	0.0133693
0.193862	0.0167908
0.193778	0.0181391
0.195346	0.00279598
0.197522	0.00541391
0.180045	0.00941219
0.163944	0.0574308
0.174998	0.0643408
0.159063	0.0617441
0.17294	0.0365718
0.170704	0.0348706
0.17283	0.0412173
0.169779	0.0585364
0.190491	0.0513129
0.144888	0.084253
0.148975	0.086227
0.137834	0.0902858
0.141892	0.0636356
0.151889	0.060888
0.154527	0.0606024
0.155916	0.0625874
0.146516	0.0752506
0.153298	0.0791429
0.183793	0.0975029
0.205458	0.0875577
0.195864	0.0964348
0.195888	0.0895111
0.206802	0.0794971
0.187138	0.0877075
0.189506	0.102099
0.193581	0.106675
0.213895	0.108732
0.217367	0.101328
0.218237	0.107634
0.215645	0.0998648
0.22399	0.101372
0.222029	0.0888025
0.212384	0.100261
0.216446	0.0691604
0.239913	0.0730928
0.223201	0.0785119
0.216913	0.0754533
0.211925	0.0736011
0.215792	0.0638173
0.190469	0.0572676
0.193979	0.0616433
0.193404	0.0608319
0.197206	0.0508325
0.206613	0.074657
0.186878	0.0786506
0.198202	0.0765348
0.191528	0.0763416
0.195772	0.0731893
0.192824	0.0843245
0.188993	0.0833406
0.163646	0.0657068
0.168891	0.063296
0.17417	0.0619127
0.155049	0.0792304
0.153601	0.0719175
0.159328	0.071105
0.166814	0.0794669
0.163665	0.0815484
0.171524	0.0783088
0.168441	0.093412
0.168645	0.0930183
0.163646	0.0877875
0.193033	0.0905794
0.209558	0.0827549
0.203071	0.0685683
0.196196	0.0628889
0.197006	0.0495871
0.190177	0.0386801
0.181617	0.0408819
0.182856	0.0402432
0.188076	0.0687243
0.185649	0.0586224
0.185737	0.0662137
0.196181	0.0597112
0.199362	0.0572123
0.180457	0.0513336
0.179432	0.0494515
0.189403	0.0591699
0.174975	0.0536669
0.187602	0.0560764
0.209403	0.0633009
0.214428	0.065753
0.208739	0.0628789
0.210834	0.0514082
0.215862	0.0519605
0.225126	0.0495274
0.217131	0.0532434
0.214096	0.0424458
0.206542	0.0486744
0.190711	0.0267011
0.18798	0.00303823
0.207386	0.0120139
0.199653	0.0225525
0.194347	0.0448925
0.195986	0.0251688
0.193525	0.0311592
0.180775	0.00847259
0.188308	0.00427067
0.178105	-0.000750535
0.181127	-0.00708316
0.18208	-0.0453961
0.179897	-0.0447738
0.179212	-0.0445298
0.213054	-0.0624359
0.208239	-0.040772
0.206697	-0.0482097
0.188086	-0.0212021
0.192839	-0.0226061
0.195363	-0.00682471
0.195254	-0.00685495
0.193528	-0.0100669
0.201039	0.000384492
0.210038	0.00344741
0.205956	0.00515017
0.20065	0.0104055
0.19862	0.0145468
0.176647	-0.00354992
0.171652	0.000627872
0.169168	-0.0226268
0.185291	-0.0124277
0.181635	-0.00809222
0.172847	0.00107863
0.174158	0.00608325
0.18327	0.0183114
0.189103	0.0313026
0.171797	0.0436474
0.197349	0.0238805
0.167122	0.0274547
0.185223	0.0363666
0.182617	0.0351668
0.184407	0.0360028
0.204224	0.0560203
0.193173	0.0429909
0.193938	0.029441
0.204107	0.0156811
0.194771	0.0162314
0.189239	0.0164578
0.199458	0.0363619
0.197918	0.039573
0.190271	0.0360582
0.197451	0.0373745
0.199166	0.0220881
0.185824	0.0313192
0.162687	0.0152896
0.166446	0.0136656
0.172563	0.0263715
0.184002	0.0262137
0.184345	0.0263286
0.18515	0.0322486
0.189566	0.0304857
0.180905	0.0430006
0.184211	0.0382732
0.174266	0.0189585
0.200152	0.0215022
0.193368	0.000184217
0.192533	0.00112849
0.189367	0.00461522
0.169312	0.0120496
0.172872	0.0127298
0.171306	0.0155839
0.18063	0.0074208
0.178751	-0.00284736
0.175149	-0.000635805
0.175567	0.0138398
0.174978	0.0157417
0.185282	0.00817506
0.173847	-0.000207598
0.169406	0.0101176
0.177791	0.0290813
0.174524	0.0268957
0.177367	0.0280409
0.189183	0.034006
0.203764	0.00386349
0.203164	-0.00368571
0.201512	-0.00666258
0.193334	-0.0183634
0.188268	-0.0123799
0.185467	-0.00255113
0.184012	-0.00397781
0.184548	-0.00491546
0.173417	-0.0197693
0.182216	-0.023085
0.182316	-0.0236173
0.180559	-0.0402047
0.189792	-0.0482626
0.182407	-0.0474139
0.180149	-0.0537994
0.154029	-0.0591823
0.162005	-0.061879
0.149529	-0.0623223
0.144913	-0.0700375
0.141795	-0.0822708
0.13859	-0.0847927
0.152181	-0.0856113
0.165695	-0.100452
0.164175	-0.101462
0.162174	-0.101614
0.161537	-0.0962715
0.162124	-0.0908261
0.163096	-0.0971623
0.151136	-0.0790379
0.139945	-0.0648086
0.126129	-0.0754746
0.101321	-0.105833
0.111894	-0.112498
0.100441	-0.139966
0.0867037	-0.158749
0.0866812	-0.151988
0.0870596	-0.155026
0.0994597	-0.155641
0.0923176	-0.145931
0.0784739	-0.142809
0.08547	-0.156692
0.0877311	-0.175484
0.0662322	-0.189707
0.0592544	-0.177504
0.0719151	-0.204868
0.0666009	-0.204498
0.0631106	-0.208679
0.0652871	-0.215762
0.0630865	-0.200072
0.0677543	-0.177701
0.0623166	-0.18419
0.0478917	-0.217651
0.0405865	-0.197716
0.0598741	-0.198209
0.0546685	-0.198299
0.045835	-0.185016
0.0448665	-0.149962
0.00690706	-0.154015
0.020459	-0.146131
-0.00149919	-0.155679
-0.00308859	-0.1641
-0.00726601	-0.168097
-0.0274534	-0.165742
-0.0273918	-0.181941
-0.0230827	-0.186367
-0.0320387	-0.185686
-0.0422877	-0.183402
-0.0345285	-0.214551
-0.028533	-0.193525
-0.0300408	-0.192692
-0.0373773	-0.18615
-0.0469922	-0.182028
-0.0188346	-0.1792
0.00249645	-0.187531
-0.00593759	-0.213384
-0.000881494	-0.21273
-0.0109437	-0.185571
-0.0138765	-0.184995
-0.0152989	-0.188571
-0.0192661	-0.184619
-0.0486288	-0.154977
-0.0438912	-0.165597
-0.0369277	-0.164166
-0.051243	-0.173069
-0.0530893	-0.177176
-0.0518456	-0.176931
-0.0510989	-0.182349
-0.0558192	-0.181397
-0.0582499	-0.180879
-0.0622915	-0.174972
-0.0531963	-0.164265
-0.0883116	-0.175189
-0.110143	-0.180438
-0.100918	-0.169169
-0.0918336	-0.163776
-0.0999544	-0.158343
-0.0833863	-0.159329
-0.0679725	-0.158312
-0.116676	-0.171573
-0.116953	-0.168097
-0.115416	-0.174773
-0.112554	-0.155903
-0.110246	-0.151414
-0.125759	-0.141782
-0.120858	-0.155239
-0.0907289	-0.14221
-0.0963452	-0.141393
-0.0916274	-0.157082
-0.0798371	-0.125201
-0.0728371	-0.144277
-0.0666387	-0.121595
-0.0683127	-0.121089
-0.0743066	-0.12097
-0.0810802	-0.132804
-0.0797954	-0.129468
-0.0853266	-0.139383
-0.0841606	-0.133891
-0.0938369	-0.16229
-0.0702472	-0.1717
-0.0679015	-0.170684
-0.0718984	-0.169919
-0.0736384	-0.176402
-0.0767719	-0.174684
-0.0666821	-0.155063
-0.0750119	-0.159123
-0.0692611	-0.158745
-0.0745003	-0.159287
-0.0951863	-0.139825
-0.122002	-0.144821
-0.117575	-0.127559
-0.156103	-0.103429
-0.161319	-0.0982605
-0.165839	-0.10301
-0.142834	-0.0990259
-0.132733	-0.111314
-0.136758	-0.103949
-0.132856	-0.110986
-0.145712	-0.124102
-0.144798	-0.121417
-0.152525	-0.108035
-0.153793	-0.106153
-0.160423	-0.119495
-0.138492	-0.129545
-0.134405	-0.138066
-0.131302	-0.144728
-0.117631	-0.123157
-0.134891	-0.132511
-0.158267	-0.12963
-0.143624	-0.144424
-0.14693	-0.138949
-0.146403	-0.136582
-0.139357	-0.152365
-0.139979	-0.163546
-0.14852	-0.167432
-0.160958	-0.159833
-0.129243	-0.146545
-0.116933	-0.142621
-0.111802	-0.135123
-0.114999	-0.138196
-0.114459	-0.137236
-0.112822	-0.140575
-0.115801	-0.141943
-0.105643	-0.148198
-0.116101	-0.147133
-0.125142	-0.130111
-0.117515	-0.120843
-0.101017	-0.129539
-0.0879128	-0.0875317
-0.0898171	-0.0889087
-0.0848044	-0.119145
-0.118729	-0.09586
-0.125058	-0.0999202
-0.117065	-0.103929
-0.133401	-0.107996
-0.146185	-0.108784
-0.140718	-0.105273
-0.133175	-0.0889064
-0.149236	-0.0755515
-0.15785	-0.0592945
-0.153414	-0.068725
-0.159465	-0.0693097
-0.169146	-0.0691847
-0.182331	-0.0707224
-0.201023	-0.0913922
-0.212275	-0.0944261
-0.207447	-0.0873738
-0.204539	-0.0932851
-0.202038	-0.103036
-0.200713	-0.0939039
-0.209949	-0.102179
-0.229083	-0.0938994
-0.217951	-0.104876
-0.2034	-0.102097
-0.185569	-0.091944
-0.189415	-0.0924307
-0.192513	-0.087412
-0.199141	-0.0807314
-0.19633	-0.0866388
-0.193767	-0.0844635
-0.186663	-0.0818026
-0.185539	-0.0777277
-0.186304	-0.0777717
-0.187022	-0.0492643
-0.193903	-0.039474
-0.176155	-0.0273935
-0.178134	-0.0270937
-0.171531	-0.0226773
-0.172224	-0.00809186
-0.160038	-0.0214651
-0.159372	-0.0134247
-0.173452	-0.037308
-0.176991	-0.0432371
-0.172852	-0.0617518
-0.175443	-0.0596083
-0.186639	-0.0675677
-0.186861	-0.0667001
-0.189776	-0.055547
-0.193244	-0.0575156
-0.169081	-0.0518685
-0.17354	-0.0471079
-0.158935	-0.0349103
-0.164788	-0.0336597
-0.188267	-0.018576
-0.20233	-0.033309
-0.194505	-0.0304292
-0.194397	-0.0391083
-0.203071	-0.0574452
-0.213078	-0.0541042
-0.186393	-0.0423394
-0.188667	-0.0591422
-0.185283	-0.0672054
-0.180821	-0.0611212
-0.184138	-0.0504904
-0.190911	-0.0501531
-0.208812	-0.0560685
-0.198503	-0.0329055
-0.189027	-0.0227913
-0.184511	-0.0417054
-0.183023	-0.045826
-0.184647	-0.0423818
-0.186098	-0.0513606
-0.179459	-0.0531907
-0.171831	-0.0554771
-0.141944	-0.0316227
-0.135323	-0.0404475
-0.137927	-0.0560807
-0.13341	-0.0567907
-0.141371	-0.0675162
-0.142917	-0.0677382
-0.14232	-0.070325
-0.134639	-0.0962332
-0.1468	-0.091676
-0.156311	-0.0727727
-0.145007	-0.0728568
-0.150134	-0.0496761
-0.171711	-0.0620533
-0.186378	-0.0775729
-0.185846	-0.074952
-0.185802	-0.0745845
-0.193152	-0.0741663
-0.192827	-0.0779734
-0.191131	-0.0928877
-0.215328	-0.0814242
-0.209593	-0.078863
-0.204612	-0.0882572
-0.183543	-0.103293
-0.167	-0.11193
-0.156649	-0.123244
-0.152516	-0.127116
-0.142613	-0.127112
-0.142343	-0.14629
-0.148257	-0.140096
-0.145854	-0.13865
-0.145453	-0.125264
-0.154268	-0.133057
-0.185161	-0.13172
-0.174497	-0.172574
-0.166922	-0.161172
-0.147726	-0.151976
-0.125513	-0.153537
-0.120241	-0.154766
-0.114047	-0.154955
-0.108967	-0.147278
-0.106357	-0.157046
-0.101046	-0.158669
-0.0935481	-0.15279
-0.094514	-0.159937
-0.0805117	-0.16117
-0.0792461	-0.161509
-0.0723742	-0.153889
-0.0661422	-0.167764
-0.0513743	-0.182927
-0.0468969	-0.184021
-0.0443521	-0.187138
-0.0698358	-0.197581
-0.0652076	-0.195354
-0.0721408	-0.214845
-0.121194	-0.218887
-0.11189	-0.211054
-0.109684	-0.169893
-0.114366	-0.181266
-0.0850005	-0.177922
-0.0738585	-0.169809
-0.0760518	-0.182224
-0.0726103	-0.182119
-0.0669871	-0.190359
-0.0639512	-0.201268
-0.060786	-0.198437
-0.0567395	-0.196555
-0.0684041	-0.184929
-0.0686632	-0.176988
-0.0482738	-0.19023
-0.0449484	-0.190374
-0.0152723	-0.206891
-0.0107491	-0.206175
-0.0112508	-0.203919
-0.0232536	-0.193728
-0.0189215	-0.19476
-0.016176	-0.192878
0.0206108	-0.209428
0.0181853	-0.22391
0.0178402	-0.209222
0.00605094	-0.201893
0.0217997	-0.201002
0.0407787	-0.218097
0.0437523	-0.213603
0.0480801	-0.208257
0.0573131	-0.203645
0.0395089	-0.198945
0.0320346	-0.195601
0.0229889	-0.20139
0.0358171	-0.201977
0.0359025	-0.200182
0.0369596	-0.181273
0.0675544	-0.181558
0.0756757	-0.165856
0.0911855	-0.163615
0.0970756	-0.163514
0.0840239	-0.175981
0.088183	-0.169455
0.0801949	-0.176559
0.112303	-0.162056
0.111907	-0.160775
0.124374	-0.169202
0.137358	-0.135585
0.138567	-0.133722
0.144422	-0.132783
0.109982	-0.129317
0.113605	-0.131865
0.120371	-0.144194
0.121318	-0.144813
0.124085	-0.17675
0.11856	-0.173226
0.120308	-0.19333
0.11005	-0.182254
0.124116	-0.188556
0.131969	-0.174024
0.147887	-0.176002
0.154757	-0.170916
0.175075	-0.150002
0.179625	-0.136098
0.177079	-0.131002
0.174707	-0.137256
0.198642	-0.129447
0.190008	-0.107397
0.188002	-0.107227
0.189264	-0.103354
0.194055	-0.106371
0.195911	-0.0983161
0.182388	-0.1021
0.181328	-0.0960989
0.177383	-0.0979654
0.190075	-0.0960767
0.207591	-0.0988098
0.207322	-0.107702
0.191018	-0.11573
0.190589	-0.0993916
0.18454	-0.094122
0.184055	-0.0941913
0.184459	-0.0983317
0.196066	-0.106142
0.207462	-0.0842339
0.214453	-0.0763071
0.233991	-0.0683068
0.192132	-0.0710694
0.18631	-0.0467335
0.187187	-0.0464397
0.186961	-0.0370159
0.186551	-0.0380614
0.187246	-0.0305094
0.187138	-0.0332509
0.168252	-0.0253116
0.179149	-0.0482574
0.189857	-0.0492748
0.195999	-0.0574779
0.193035	-0.058851
0.194774	-0.0553231
0.1913	-0.0645401
0.184417	-0.0909534
0.157124	-0.110561
0.174244	-0.10342
0.16272	-0.109927
0.160035	-0.105449
0.156262	-0.116776
0.124275	-0.129048
0.131269	-0.129579
0.116953	-0.126328
0.114541	-0.121357
0.0989613	-0.122366
0.105262	-0.130943
0.129367	-0.157982
0.115906	-0.13516
0.105928	-0.13741
0.0883697	-0.120327
0.0775391	-0.145173
0.0859965	-0.136963
0.0762977	-0.143748
0.0736001	-0.155297
0.0875895	-0.156529
0.0776868	-0.15274
0.0892126	-0.150064
0.0889932	-0.150389
0.08512	-0.147668
0.0924307	-0.132027
0.074918	-0.125009
0.0748833	-0.125758
0.064506	-0.119261
0.0864439	-0.132871
0.0898356	-0.128507
0.109161	-0.119426
0.110261	-0.124564
0.112893	-0.132649
0.106708	-0.148221
0.0928892	-0.141654
0.0919948	-0.152336
0.0864784	-0.106641
0.0908028	-0.115877
0.0888579	-0.109936
0.0919918	-0.117833
0.0973196	-0.104687
0.109377	-0.120319
0.10851	-0.127883
0.114237	-0.12081
0.116156	-0.115105
0.119609	-0.117138
0.134851	-0.110566
0.131593	-0.114972
0.152191	-0.121595
0.132638	-0.134699
0.130935	-0.13589
0.124952	-0.124183
0.121674	-0.128858
0.114392	-0.132983
0.111882	-0.139561
0.113606	-0.123362
0.114777	-0.126371
0.111003	-0.123574
0.112621	-0.132349
0.111128	-0.138231
0.110735	-0.143469
0.1152	-0.14897
0.124631	-0.133905
0.0803601	-0.156036
0.0754501	-0.152819
0.0743631	-0.156819
0.0973262	-0.159587
0.0903981	-0.142957
0.116248	-0.131503
0.117132	-0.135723
0.0965139	-0.170861
0.0939974	-0.177321
0.0931744	-0.179185
0.0677415	-0.200277
0.0644721	-0.197699
0.0578072	-0.171056
0.0570629	-0.177814
0.0391962	-0.186079
0.0664918	-0.174611
0.0694472	-0.174815
0.0671248	-0.176321
0.0824061	-0.183518
0.0952146	-0.177169
0.126769	-0.188615
0.108526	-0.211232
0.100693	-0.209644
0.0776687	-0.205725
0.049673	-0.2095
0.064226	-0.230926
0.0657503	-0.216204
0.061671	-0.207472
0.0575588	-0.203153
0.0606478	-0.207061
0.0430588	-0.19826
0.0328671	-0.204353
0.0190849	-0.202699
0.0145723	-0.200081
0.0195551	-0.215425
0.0240982	-0.164472
0.00555073	-0.161026
-0.0173787	-0.163545
-0.0236471	-0.162697
-0.0181078	-0.201302
-0.0184709	-0.224909
0.0128601	-0.219219
0.014954	-0.225098
0.00562218	-0.204742
0.00360188	-0.202087
-8.29844e-05	-0.198191
-0.00392108	-0.174024
-0.00897527	-0.175961
-0.0226288	-0.165078
-0.0276358	-0.168107
-0.0294339	-0.170622
-0.0516251	-0.177284
-0.0786701	-0.213372
-0.0525709	-0.22211
-0.0395485	-0.206197
-0.026884	-0.210865
-0.0570597	-0.203807
-0.0481502	-0.20704
-0.0415136	-0.210306
-0.0465751	-0.220502
-0.0490824	-0.21518
-0.0590198	-0.213313
-0.074985	-0.184159
-0.0790306	-0.193805
-0.0772977	-0.189384
-0.0634161	-0.192865
-0.0270955	-0.197454
-0.0322979	-0.190989
-0.0281925	-0.195213
-0.0437857	-0.196997
-0.044889	-0.194639
-0.0266342	-0.186335
-0.0240568	-0.175296
-0.0263312	-0.17568
-0.0229949	-0.207387
-0.037249	-0.186288
-0.0685024	-0.175542
-0.068453	-0.176427
-0.0716699	-0.172036
-0.0785308	-0.177932
-0.0743177	-0.170925
-0.0849957	-0.175132
-0.113931	-0.149278
-0.108574	-0.146959
-0.118645	-0.166708
-0.13047	-0.151035
-0.131921	-0.154011
-0.129434	-0.150422
-0.149565	-0.146693
-0.141361	-0.144486
-0.144228	-0.143276
-0.173213	-0.127673
-0.177768	-0.136994
-0.189605	-0.136269
-0.213629	-0.129096
-0.204559	-0.124479
-0.199848	-0.119629
-0.196687	-0.11633
-0.186422	-0.107739
-0.183213	-0.1214
-0.149889	-0.126522
-0.150622	-0.125411
-0.150909	-0.123475
-0.141862	-0.107978
-0.151658	-0.10829
-0.137614	-0.119587
-0.143692	-0.131442
-0.155347	-0.122309
-0.148981	-0.115424
-0.177775	-0.0975444
-0.180291	-0.0821981
-0.180012	-0.0881385
-0.190336	-0.0815848
-0.202639	-0.0792508
-0.209995	-0.114714
-0.196573	-0.148585
-0.188132	-0.125433
-0.183858	-0.159095
-0.178188	-0.151081
-0.175172	-0.145783
-0.174323	-0.151823
-0.162815	-0.130397
-0.162041	-0.133668
-0.180507	-0.135482
-0.174561	-0.134913
-0.171987	-0.131357
-0.186496	-0.123529
-0.1847	-0.124558
-0.172091	-0.110011
-0.158636	-0.11231
-0.164933	-0.103936
-0.167929	-0.114628
-0.171164	-0.114011
-0.17055	-0.113114
-0.174777	-0.110246
-0.180212	-0.103497
-0.179291	-0.0956388
-0.180206	-0.10724
-0.168875	-0.105331
-0.155382	-0.0966237
-0.143748	-0.101914
-0.142926	-0.103737
-0.143453	-0.102942
-0.157523	-0.123207
-0.15352	-0.122156
-0.146696	-0.114494
-0.18115	-0.121015
-0.168162	-0.117338
-0.163847	-0.117324
-0.156237	-0.119569
-0.158021	-0.113622
-0.162531	-0.116402
-0.160548	-0.116335
-0.16542	-0.128254
-0.163918	-0.122379
-0.200583	-0.149668
-0.190581	-0.145477
-0.183752	-0.148443
-0.1715	-0.130034
-0.164269	-0.134689
-0.190521	-0.127392
-0.173418	-0.1173
-0.163901	-0.141275
-0.155889	-0.139715
-0.159306	-0.139572
-0.155284	-0.138641
-0.150596	-0.138049
-0.128485	-0.147092
-0.0991434	-0.148356
-0.0935897	-0.139334
-0.0932738	-0.164104
-0.101302	-0.173938
-0.096999	-0.170928
-0.0947382	-0.154164
-0.0842656	-0.16981
-0.0842379	-0.185799
-0.0666221	-0.194367
-0.0627218	-0.193217
-0.049275	-0.18326
-0.051915	-0.169824
-0.0449351	-0.166641
-0.0421275	-0.169578
-0.0410424	-0.164945
-0.0397389	-0.151564
-0.0369518	-0.155678
-0.0415747	-0.176004
-0.041344	-0.153114
-0.0372479	-0.132557
-0.0439099	-0.145693
-0.0424342	-0.152464
-0.0385053	-0.164855
-0.032734	-0.153209
-0.051328	-0.123751
-0.0525737	-0.114236
-0.0712255	-0.126058
-0.0780016	-0.125139
-0.0908787	-0.136197
-0.09149	-0.144893
-0.0897587	-0.139738
-0.0958719	-0.15011
-0.0744986	-0.148955
-0.0700022	-0.139714
-0.069416	-0.145845
-0.0668309	-0.167549
-0.0700446	-0.172739
-0.0704281	-0.168873
-0.0842287	-0.170368
-0.0664903	-0.167551
-0.0579154	-0.175985
-0.0430109	-0.178534
-0.0407556	-0.218042
-0.0290618	-0.219855
-0.0210472	-0.212992
-0.0406144	-0.230422
-0.0357381	-0.231108
-0.0273946	-0.220168
-0.0217365	-0.204389
-0.00394185	-0.201182
0.002574	-0.182847
0.00308303	-0.179905
0.0099275	-0.197238
0.0289616	-0.2089
0.0374722	-0.233993
0.0400655	-0.227761
0.0397387	-0.221028
0.031208	-0.229516
0.0216646	-0.215906
0.0283404	-0.239487
-0.013307	-0.233282
0.000550271	-0.215756
0.0011225	-0.204388
0.00191099	-0.200394
0.0141054	-0.192395
0.0120677	-0.204813
0.0109766	-0.211167
0.0109886	-0.200216
0.0100105	-0.19774
0.0158258	-0.203638
0.0148451	-0.201507
0.0174002	-0.201395
0.0155039	-0.206428
0.0189676	-0.20675
0.0199554	-0.197403
0.0238454	-0.197227
0.0183326	-0.220522
0.0212498	-0.215403
0.0279448	-0.231068
0.0470701	-0.203587
0.0495395	-0.200401
0.047005	-0.172486
0.0275329	-0.165722
0.00809187	-0.152443
0.0101497	-0.162856
0.0118514	-0.160092
0.00340804	-0.181501
0.00403214	-0.193618
0.0070567	-0.19152
-0.00607149	-0.18872
-0.00944105	-0.183179
-0.0252704	-0.221856
-0.0378688	-0.225465
0.00451666	-0.243992
0.0098705	-0.227123
0.0128381	-0.220636
0.0200652	-0.216491
0.0230039	-0.210537
0.028461	-0.203262
0.0313433	-0.21598
0.0310003	-0.211008
0.0321723	-0.206324
0.054011	-0.17051
0.0785916	-0.180208
0.10275	-0.154637
0.112313	-0.158561
0.101529	-0.149592
0.100582	-0.162025
0.101553	-0.150671
0.116575	-0.150862
0.121792	-0.141507
0.116818	-0.137327
0.115672	-0.137121
0.112771	-0.139085
0.110338	-0.129171
0.130832	-0.144359
0.137106	-0.123619
0.126678	-0.141904
0.130145	-0.144592
0.128138	-0.14511
0.124828	-0.134656
0.139164	-0.131268
0.157543	-0.13369
0.152681	-0.139779
0.148228	-0.13862
0.150309	-0.133751
0.151426	-0.139515
0.153213	-0.137281
0.156315	-0.143586
0.184351	-0.129328
0.180911	-0.126349
0.178084	-0.12382
0.195204	-0.0890499
0.165217	-0.10228
0.161603	-0.0919213
0.153913	-0.0961022
0.157083	-0.100798
0.163686	-0.110816
0.163753	-0.10952
0.161287	-0.116558
0.178573	-0.114527
0.173452	-0.105844
0.169344	-0.0869621
0.174236	-0.0782042
0.159744	-0.0972901
0.162546	-0.0947066
0.154792	-0.0805448
0.161396	-0.0833825
0.161603	-0.0933884
0.168322	-0.0937354
0.168783	-0.106872
0.163786	-0.104197
0.176967	-0.12365
0.177128	-0.0978461
0.164816	-0.0937952
0.163859	-0.0953652
0.157505	-0.0979437
0.15321	-0.104664
0.152126	-0.103814
0.168117	-0.104569
0.15664	-0.0972516
0.171546	-0.0983142
0.146853	-0.103848
0.146861	-0.110942
0.162439	-0.0996013
0.163837	-0.0962755
0.150455	-0.0950303
0.150464	-0.0965305
0.145137	-0.0988889
0.138593	-0.106923
0.139645	-0.120266
0.149018	-0.140051
0.143175	-0.154762
0.138304	-0.169434
0.122029	-0.174956
0.117569	-0.179969
0.108446	-0.190703
0.111909	-0.180329
0.0979871	-0.184817
0.0806178	-0.19926
0.0742319	-0.200549
0.0701632	-0.183564
0.0821796	-0.202
0.0779902	-0.198505
0.0720848	-0.19268
0.0690569	-0.191564
0.0560184	-0.173774
0.0550102	-0.183843
0.0644103	-0.189767
0.0304102	-0.20349
0.0319524	-0.195705
0.0307987	-0.19986
0.00592207	-0.209132
0.0107129	-0.205014
0.0125921	-0.217397
0.0164406	-0.214332
0.00817412	-0.226369
0.0190288	-0.207093
0.00988418	-0.20597
0.00287079	-0.215689
0.00525126	-0.208329
-0.00253554	-0.200399
-0.00365337	-0.209424
0.0053558	-0.218918
0.00250581	-0.236011
-9.8162e-05	-0.232772
0.00224821	-0.217532
0.00266738	-0.213751
-0.00312071	-0.204729
-0.0223393	-0.202242
-0.0241223	-0.20139
-0.0541283	-0.192057
-0.0490715	-0.194718
-0.0593461	-0.18847
-0.0633619	-0.174697
-0.0534497	-0.165141
-0.0892527	-0.19079
-0.0570713	-0.168209
-0.0383193	-0.178601
-0.0274591	-0.183808
-0.0185661	-0.171369
-0.00488174	-0.172625
-0.00999292	-0.176201
-0.0101634	-0.172707
-0.0203376	-0.174759
-0.0239198	-0.180436
-0.0135586	-0.17233
-0.0128926	-0.168741
-0.0233841	-0.1743
-0.0177036	-0.155007
-0.0216943	-0.159386
-0.0244148	-0.16139
-0.0244551	-0.176187
-0.0300981	-0.190547
-0.030577	-0.192838
-0.0487642	-0.179962
-0.0376113	-0.184894
-0.0407016	-0.190226
-0.0598439	-0.17766
-0.0630126	-0.177308
-0.082605	-0.179051
-0.0797129	-0.147202
-0.0993994	-0.150725
-0.0757228	-0.132629
-0.07623	-0.133928
-0.08012	-0.148004
-0.0794983	-0.169651
-0.101182	-0.167754
-0.0847105	-0.168494
-0.115737	-0.169894
-0.123283	-0.164766
-0.114834	-0.152709
-0.105113	-0.143536
-0.110188	-0.147126
-0.110543	-0.127076
-0.11154	-0.111812
-0.0904963	-0.124501
-0.122809	-0.112497
-0.123993	-0.107353
-0.127139	-0.102371
-0.105483	-0.121665
-0.109942	-0.114212
-0.117783	-0.112674
-0.130557	-0.111984
-0.135371	-0.100921
-0.146877	-0.117243
-0.168909	-0.108177
-0.170592	-0.0907951
-0.166633	-0.0931466
-0.165173	-0.0834223
-0.18775	-0.092931
-0.179078	-0.0871216
-0.179535	-0.0900928
-0.179702	-0.0876752
-0.178263	-0.0883104
-0.176449	-0.0974738
-0.174402	-0.0956828
-0.165177	-0.092573
-0.163986	-0.0848317
-0.184705	-0.113363
-0.170924	-0.144141
-0.163351	-0.135738
-0.177845	-0.143122
-0.162641	-0.146125
-0.155065	-0.148957
-0.149658	-0.161529
-0.160112	-0.169481
-0.152651	-0.173874
-0.144273	-0.157001
-0.118958	-0.163922
-0.133807	-0.157039
-0.129576	-0.158001
-0.130427	-0.15431
-0.125198	-0.16345
-0.123169	-0.152862
-0.123474	-0.159183
-0.11548	-0.156309
-0.114077	-0.155765
-0.107447	-0.157847
-0.106333	-0.14845
-0.0957071	-0.151226
-0.0997182	-0.116142
-0.106898	-0.117148
-0.109068	-0.113189
-0.098283	-0.115812
-0.0911918	-0.117186
-0.0940242	-0.131744
-0.102898	-0.11603
-0.104186	-0.124071
-0.102053	-0.127368
-0.0942609	-0.120171
-0.0950872	-0.136473
-0.0774527	-0.153869
-0.0809201	-0.159737
-0.0924124	-0.169265
-0.0922145	-0.141832
-0.107265	-0.166077
-0.0864345	-0.177144
-0.0909311	-0.175802
-0.086241	-0.173281
-0.0679315	-0.17832
-0.0575171	-0.179386
-0.0571946	-0.176409
-0.0482791	-0.173937
-0.0284435	-0.17605
-0.026918	-0.176119
-0.0151751	-0.17797
0.0116072	-0.199437
0.0154493	-0.19765
0.0208892	-0.194322
0.0206615	-0.181834
0.0083604	-0.187177
0.00758498	-0.19183
0.00428888	-0.205894
0.00631291	-0.203803
0.0124744	-0.214736
0.0174884	-0.213591
0.0259989	-0.207587
0.0302595	-0.20138
0.035659	-0.196336
0.0342744	-0.180171
0.0590572	-0.175553
0.0622306	-0.182005
0.0648295	-0.174156
0.0475346	-0.170198
0.0406024	-0.186362
0.0645526	-0.177478
0.0671079	-0.177103
0.0694709	-0.175425
0.0589576	-0.160625
0.0562875	-0.181153
0.0682545	-0.18905
0.0794	-0.178949
0.081849	-0.1775
0.0860212	-0.188991
0.105563	-0.185437
0.106885	-0.179804
0.120834	-0.176344
0.13604	-0.180622
0.137841	-0.182799
0.147448	-0.178532
0.149826	-0.191562
0.143243	-0.181149
0.141588	-0.178647
0.166388	-0.172358
0.175058	-0.143972
0.158757	-0.104427
0.163719	-0.0957943
0.161807	-0.116987
0.163206	-0.121804
0.161015	-0.120208
0.161648	-0.1195
0.149321	-0.0891303
0.140977	-0.0597964
0.14798	-0.0629797
0.166291	-0.0463363
0.168643	-0.0438734
0.168671	-0.0319254
0.164725	-0.0349973
0.159257	-0.0386266
0.156452	-0.0355102
0.152382	-0.0313723
0.162983	-0.0179632
0.16891	-0.0179441
0.127792	-0.00813452
0.151804	0.0112517
0.140153	0.0168574
0.174696	-0.00556031
0.171989	-0.00728841
0.163444	-0.0142714
0.165883	-0.0156284
0.184848	-0.0181679
0.183908	0.00035594
0.186862	-0.0177086
0.186127	-0.0160095
0.174993	-0.0194289
0.176346	-0.0197308
0.178665	-0.0209953
0.173106	-0.00935114
0.142734	0.0120427
0.143904	0.0351918
0.165382	0.0527648
0.168739	0.0355371
0.168463	0.0339117
0.170423	0.0500629
0.172733	0.0508542
0.172652	0.0525721
0.185591	0.042184
0.172063	0.0472258
0.170815	0.0479415
0.171795	0.0481207
0.148916	0.0555077
0.154361	0.0490074
0.143757	0.0475269
0.147211	0.0273835
0.171492	0.0259382
0.157159	0.0329662
0.168738	0.0291977
0.144247	0.0444648
0.15032	0.041352
0.154802	0.0437561
0.159254	0.0233649
0.151564	0.045243
0.155384	0.0627903
0.16268	0.0850372
0.158292	0.0544341
0.183664	0.0622198
0.172245	0.0703491
0.16149	0.0903612
0.148671	0.0933067
0.181719	0.106529
0.192202	0.12106
0.163713	0.108897
0.163315	0.0973987
0.177113	0.12063
0.183493	0.109874
0.188964	0.100467
0.190524	0.101816
0.186	0.113999
0.167463	0.116116
0.161146	0.0980479
0.135936	0.10909
0.145225	0.119698
0.135053	0.118679
0.146271	0.119768
0.141049	0.125782
0.137542	0.126166
0.142131	0.12595
0.133231	0.12563
0.134132	0.124026
0.117099	0.128686
0.0943792	0.110725
0.0933245	0.117772
0.10593	0.143426
0.111624	0.136652
0.104506	0.126299
0.0968833	0.120988
0.0843586	0.143473
0.0831075	0.154139
0.0702206	0.165849
0.0686555	0.16894
0.0704211	0.16125
0.0477357	0.157547
0.0719527	0.172165
0.0699928	0.170843
0.0575677	0.155159
0.0484828	0.152987
0.0511149	0.156102
0.0536141	0.165602
0.0713816	0.175061
0.0520208	0.192363
0.0490766	0.188107
0.0470081	0.187761
0.00394582	0.199569
0.0015917	0.201426
-0.0212044	0.187891
-0.0281878	0.174692
-0.0431756	0.190402
-0.0379076	0.171638
-0.0368505	0.179599
-0.0381573	0.189015
-0.0554844	0.206759
-0.0510811	0.201735
-0.070402	0.184961
-0.073951	0.186605
-0.0552921	0.196586
-0.070662	0.170252
-0.0681504	0.177287
-0.0679528	0.176816
-0.0534763	0.165923
-0.0442091	0.169371
-0.0527688	0.172138
-0.0587193	0.170182
-0.0728078	0.175235
-0.0575911	0.178445
-0.0508237	0.184794
-0.0327443	0.197182
-0.0327791	0.161424
-0.0419573	0.165208
-0.0512106	0.18041
-0.0412097	0.196238
-0.0547989	0.185406
-0.0722027	0.17323
-0.0868745	0.164389
-0.0830352	0.187777
-0.0755934	0.168145
-0.077139	0.164582
-0.0860203	0.156749
-0.090095	0.157168
-0.103738	0.15534
-0.0997813	0.166613
-0.0871854	0.157644
-0.0892686	0.1611
-0.0798943	0.156639
-0.0839643	0.151857
-0.0872521	0.158446
-0.0869678	0.158953
-0.100278	0.145988
-0.103963	0.147199
-0.102588	0.146934
-0.100192	0.155645
-0.102109	0.156581
-0.106618	0.1576
-0.114517	0.153762
-0.124473	0.150416
-0.131205	0.140124
-0.133546	0.141085
-0.129459	0.145837
-0.117545	0.153591
-0.0906028	0.151711
-0.0936372	0.153548
-0.0854124	0.1172
-0.0909988	0.120214
-0.125377	0.112567
-0.139196	0.13034
-0.126699	0.122847
-0.137955	0.121031
-0.144809	0.116846
-0.162281	0.0956781
-0.159615	0.0779883
-0.161742	0.0782191
-0.145976	0.0804962
-0.151295	0.0800922
-0.145683	0.0927521
-0.149606	0.0938249
-0.133714	0.0948381
-0.146818	0.132045
-0.14453	0.139843
-0.141471	0.146473
-0.141242	0.143487
-0.156737	0.120576
-0.157314	0.114036
-0.159224	0.127042
-0.149006	0.129494
-0.145769	0.132568
-0.145645	0.129882
-0.136367	0.131637
-0.119546	0.112377
-0.101923	0.103701
-0.108569	0.104891
-0.142355	0.11601
-0.144837	0.116587
-0.148787	0.123063
-0.158817	0.12796
-0.195485	0.135911
-0.191535	0.13258
-0.190291	0.130275
-0.185287	0.125292
-0.179655	0.119297
-0.169951	0.109068
-0.17971	0.102488
-0.178576	0.100535
-0.195334	0.107273
-0.185513	0.118044
-0.182168	0.113021
-0.180266	0.0974746
-0.172199	0.103471
-0.169195	0.101939
-0.164791	0.0983322
-0.170458	0.0717757
-0.178551	0.0736518
-0.182441	0.0731877
-0.193495	0.0669082
-0.202252	0.0744435
-0.191292	0.0915071
-0.184385	0.0921641
-0.155614	0.066453
-0.157608	0.0618244
-0.179677	0.0392447
-0.186947	0.0352421
-0.187634	0.0348151
-0.183406	0.0306089
-0.169711	0.0263537
-0.170089	0.0245996
-0.16107	0.0330776
-0.145048	0.0348898
-0.15981	0.0357226
-0.177559	0.00549722
-0.18322	0.0152813
-0.167015	-0.00423404
-0.152857	-0.0103569
-0.191659	-0.0345408
-0.188162	-0.041057
-0.187185	-0.0748362
-0.150451	-0.0650999
-0.135004	-0.0727565
-0.140217	-0.076961
-0.138624	-0.0745794
-0.158346	-0.0987429
-0.146941	-0.105714
-0.160722	-0.112872
-0.16508	-0.108082
-0.169827	-0.111305
-0.159035	-0.123703
-0.120809	-0.104874
-0.122094	-0.107442
-0.113106	-0.133147
-0.122152	-0.136624
-0.149353	-0.159214
-0.145658	-0.155036
-0.14914	-0.165456
-0.156072	-0.201044
-0.148618	-0.188797
-0.133552	-0.176417
-0.126918	-0.164801
-0.108491	-0.182428
-0.0932318	-0.162763
-0.100355	-0.161839
-0.103152	-0.158038
-0.0836026	-0.167846
-0.090053	-0.170363
-0.0899219	-0.178445
-0.0802991	-0.174353
-0.0852674	-0.17454
-0.0757713	-0.168517
-0.0785665	-0.179273
-0.0876572	-0.184502
-0.0758518	-0.177906
-0.0759822	-0.188101
-0.0561978	-0.184153
-0.0482939	-0.188082
-0.0422807	-0.184927
-0.0341011	-0.192346
-0.0356453	-0.199212
-0.0405074	-0.176927
-0.0320038	-0.205951
-0.0270965	-0.178729
-0.0108481	-0.159749
-0.0101977	-0.166493
-0.0109971	-0.173794
0.000773029	-0.164305
0.00630802	-0.166385
0.0151873	-0.167975
0.0246251	-0.16675
0.013881	-0.186092
0.0107601	-0.187443
0.0179236	-0.186202
0.0279156	-0.190574
0.030335	-0.176742
-0.0149906	-0.158756
-0.0344995	-0.177373
-0.0510214	-0.172013
-0.0504765	-0.154932
-0.0485014	-0.160288
-0.0508711	-0.163743
-0.0492651	-0.184321
-0.0499195	-0.174642
-0.0617404	-0.182575
-0.0478664	-0.164394
-0.03849	-0.188609
-0.0335525	-0.191127
-0.0402336	-0.160553
-0.0395753	-0.174609
-0.0322663	-0.183505
-0.0341113	-0.178993
-0.0341746	-0.190183
-0.0257663	-0.190766
0.0128042	-0.187988
0.015426	-0.187964
0.00462074	-0.213875
0.0133414	-0.198571
0.0165043	-0.191561
0.0128566	-0.205031
0.00867764	-0.200658
-0.00469445	-0.217752
-0.00270608	-0.213078
-0.0210323	-0.195314
-0.0266351	-0.18069
-0.0286478	-0.190496
-0.0238884	-0.186122
-0.0132185	-0.183359
-0.00412146	-0.199994
-0.00673799	-0.210724
0.0141012	-0.218591
0.0352341	-0.216798
0.0453277	-0.222759
0.037181	-0.222419
0.0412739	-0.223628
0.0464323	-0.215698
0.0519445	-0.217938
0.0541172	-0.221706
0.0565878	-0.213747
0.0607091	-0.206069
0.0588211	-0.206599
0.0235732	-0.180486
0.0280544	-0.176814
0.045223	-0.178846
0.0583963	-0.188419
0.0484437	-0.180997
0.0427016	-0.183503
0.00395346	-0.154283
0.00752426	-0.159552
0.0131758	-0.151357
0.0182956	-0.162485
0.0170475	-0.168163
0.0171654	-0.165088
0.0370437	-0.186174
0.0228066	-0.181021
0.0274874	-0.18886
0.0312177	-0.188518
0.0370647	-0.222436
0.0386411	-0.216045
0.0421062	-0.199918
0.0447141	-0.1973
0.0565168	-0.182368
0.0610704	-0.189369
0.0351436	-0.191185
0.0537851	-0.186678
0.0566386	-0.200113
0.0514223	-0.200776
0.0560142	-0.213764
0.0775005	-0.203806
0.0717973	-0.207809
0.0544493	-0.212144
0.053317	-0.204499
0.0589429	-0.200833
0.0653501	-0.213784
0.0752826	-0.177659
0.0786747	-0.175277
0.0874393	-0.178337
0.090375	-0.180768
0.0757964	-0.180027
0.0733504	-0.179971
0.070501	-0.192975
0.0725089	-0.192732
0.0834165	-0.197
0.0829861	-0.194271
0.0806481	-0.180652
0.0918236	-0.181457
0.11934	-0.181968
0.116734	-0.169856
0.113797	-0.166544
0.149506	-0.17729
0.150569	-0.172864
0.141988	-0.171763
0.139663	-0.167018
0.138706	-0.162553
0.147315	-0.144568
0.160766	-0.136391
0.163232	-0.129941
0.166844	-0.125525
0.143574	-0.105366
0.145674	-0.104103
0.163965	-0.111208
0.159944	-0.117994
0.150754	-0.123655
0.152594	-0.123068
0.171052	-0.121164
0.167844	-0.124956
0.159492	-0.123407
0.189953	-0.098094
0.189715	-0.0919045
0.187832	-0.0865066
0.183175	-0.0891993
0.178976	-0.0895763
0.177146	-0.0888199
0.197384	-0.111613
0.183335	-0.113851
0.181873	-0.112427
0.191184	-0.0839928
0.187906	-0.082453
0.189205	-0.0831733
0.197251	-0.0790623
0.192593	-0.0887971
0.192562	-0.0693766
0.195008	-0.0742665
0.196704	-0.0617676
0.201458	-0.0673194
0.202385	-0.0791151
0.200945	-0.0772239
0.206402	-0.0753359
0.199585	-0.082979
0.19769	-0.081617
0.185354	-0.085095
0.183377	-0.0862764
0.181864	-0.0895904
0.183391	-0.0893685
0.156862	-0.127816
0.140891	-0.139467
0.138004	-0.139547
0.155944	-0.124421
0.159401	-0.157995
0.157655	-0.155656
0.156133	-0.157113
0.159717	-0.165536
0.152819	-0.162474
0.161759	-0.147295
0.172076	-0.143181
0.172086	-0.136206
0.145798	-0.134196
0.141533	-0.148575
0.139812	-0.145895
0.140845	-0.152101
0.140626	-0.154571
0.140895	-0.174188
0.139822	-0.16082
0.140225	-0.149095
0.141805	-0.129883
0.140618	-0.129408
0.140987	-0.140531
0.145378	-0.122022
0.146337	-0.0941969
0.13809	-0.0877441
0.131122	-0.0665793
0.147424	-0.0807317
0.142394	-0.0682042
0.148211	-0.0724533
0.163978	-0.0894618
0.155655	-0.0931509
0.141833	-0.0952317
0.137576	-0.100395
0.134377	-0.0952248
0.141596	-0.11117
0.136315	-0.115499
0.137489	-0.111717
0.155647	-0.131974
0.140007	-0.128778
0.145971	-0.127324
0.145212	-0.121183
0.15562	-0.106063
0.153047	-0.111651
0.153977	-0.111467
0.145382	-0.0969352
0.136723	-0.102774
0.140644	-0.102203
0.14294	-0.103904
0.136605	-0.114289
0.133779	-0.132134
0.148187	-0.134773
0.136586	-0.137346
0.115216	-0.143943
0.137435	-0.147545
0.130564	-0.127907
0.141036	-0.135357
0.142647	-0.133352
0.120196	-0.117467
0.121139	-0.103037
0.128737	-0.0662374
0.13661	-0.0454032
0.13729	-0.0385354
0.145091	-0.0413698
0.146568	-0.0502506
0.182606	-0.0380064
0.202272	-0.0307355
0.192304	-0.0196501
0.198805	-0.0266342
0.199397	-0.0208034
0.182872	-0.034297
0.177072	-0.0474632
0.17861	-0.0544813
0.178657	-0.0420538
0.186127	-0.0439208
0.203715	-0.0589142
0.173829	-0.0548646
0.177407	-0.0605608
0.190805	-0.0759421
0.169212	-0.0816148
0.163852	-0.0816348
0.149344	-0.0787533
0.144561	-0.0656635
0.149217	-0.0600571
0.152223	-0.0626876
0.166704	-0.0462296
0.162037	-0.0463721
0.163421	-0.0470736
0.173468	-0.0553435
0.169932	-0.0647284
0.165988	-0.0810197
0.158481	-0.0780484
0.172844	-0.0668203
0.184325	-0.0528667
0.185719	-0.0504446
0.192173	-0.0692407
0.16888	-0.0748161
0.176581	-0.0733177
0.182086	-0.0860353
0.19359	-0.088129
0.190391	-0.0884276
0.177376	-0.108599
0.187698	-0.101645
0.188655	-0.107149
0.184388	-0.117187
0.181811	-0.124001
0.160057	-0.139814
0.155304	-0.127473
0.15686	-0.154191
0.157798	-0.171738
0.160778	-0.167879
0.131385	-0.164465
0.133569	-0.182156
0.1337	-0.17231
0.115983	-0.183885
0.128492	-0.191684
0.121582	-0.197214
0.110556	-0.173423
0.0941587	-0.169146
0.0734391	-0.148221
0.0730327	-0.150779
0.0541921	-0.142337
0.0640493	-0.142126
0.0613014	-0.146921
0.0646437	-0.147956
0.0617617	-0.154188
0.0662223	-0.161226
0.070354	-0.161259
0.0648964	-0.166363
0.0470875	-0.17179
0.035584	-0.171153
0.0304244	-0.151003
0.0300018	-0.149729
0.0305025	-0.153394
0.0432709	-0.165504
0.0432405	-0.169336
0.0436323	-0.167849
0.0395156	-0.162875
0.0366648	-0.166201
0.0701563	-0.178978
0.0554191	-0.199994
0.0450097	-0.199574
0.042398	-0.204768
0.0391277	-0.168343
0.0288616	-0.175982
0.0310294	-0.181754
0.0272657	-0.174849
0.0211953	-0.167057
0.0216869	-0.171838
0.0188985	-0.165094
0.00455105	-0.17843
0.000664333	-0.183476
-0.0082418	-0.190422
-0.0207665	-0.185619
-0.010626	-0.192962
0.00228884	-0.21518
-0.00256817	-0.211332
-0.00398773	-0.207231
-0.00685393	-0.205913
-0.00797564	-0.20185
0.00363176	-0.184784
0.023192	-0.16681
0.0208286	-0.16061
0.03244	-0.179655
0.0112281	-0.167055
-0.00743867	-0.193143
-0.00752278	-0.181123
-0.00600612	-0.185206
-0.00718123	-0.171086
-0.0222667	-0.186487
-0.0237657	-0.193608
-0.0261676	-0.192626
-0.0150321	-0.197015
-0.0145795	-0.19775
-0.0261158	-0.205984
-0.0389302	-0.195188
-0.0708646	-0.184311
-0.0923473	-0.178879
-0.10126	-0.202006
-0.110824	-0.190948
-0.132022	-0.190783
-0.13792	-0.182436
-0.129905	-0.163031
-0.131658	-0.163933
-0.146349	-0.185519
-0.149963	-0.177735
-0.139518	-0.189948
-0.145352	-0.182943
-0.143823	-0.179199
-0.135198	-0.194499
-0.126175	-0.192632
-0.165794	-0.188031
-0.161624	-0.172894
-0.126572	-0.155904
-0.10743	-0.174333
-0.110492	-0.183663
-0.118679	-0.182208
-0.120276	-0.179709
-0.114946	-0.159936
-0.0999237	-0.158529
-0.103893	-0.159961
-0.0928968	-0.165574
-0.106959	-0.198024
-0.0959491	-0.183747
-0.100106	-0.174823
-0.105123	-0.167364
-0.116492	-0.186665
-0.11527	-0.178586
-0.124218	-0.163299
-0.121612	-0.155614
-0.125888	-0.170765
-0.114173	-0.157513
-0.118151	-0.158871
-0.124547	-0.132771
-0.134595	-0.12827
-0.130183	-0.124601
-0.129893	-0.123478
-0.141198	-0.101806
-0.161209	-0.0709613
-0.164598	-0.0713085
-0.149947	-0.0742363
-0.159521	-0.0672911
-0.162701	-0.0726946
-0.15973	-0.0781328
-0.138543	-0.0985913
-0.151531	-0.105092
-0.149741	-0.0898198
-0.143129	-0.0882867
-0.151448	-0.0798433
-0.155753	-0.0804945
-0.17222	-0.0846373
-0.173999	-0.0800245
-0.1757	-0.0702544
-0.170845	-0.0980299
-0.174238	-0.0992937
-0.16808	-0.0819704
-0.170044	-0.0816397
-0.167557	-0.0785382
-0.165462	-0.0912281
-0.178075	-0.0647998
-0.19138	-0.0586341
-0.193307	-0.0757898
-0.217522	-0.062754
-0.230797	-0.0495666
-0.22514	-0.0507572
-0.221605	-0.0485149
-0.212865	-0.0505506
-0.204266	-0.0560839
-0.193271	-0.0619487
-0.192571	-0.0607214
-0.214768	-0.0364313
-0.211339	-0.0352458
-0.217979	-0.0300503
-0.221503	-0.0185771
-0.206192	-0.0247772
-0.218945	-0.0203512
-0.215346	-0.0217702
-0.245222	-0.00942539
-0.236229	-0.00904372
-0.235356	-0.0202911
-0.215236	-0.0179412
-0.222883	-0.024657
-0.21332	-0.0216544
-0.225275	-0.0184484
-0.252017	-0.034605
-0.244722	-0.0420179
-0.239948	-0.048307
-0.235098	-0.0373167
-0.229099	-0.0399621
-0.200235	-0.05525
-0.193141	-0.0563526
-0.191648	-0.0547248
-0.165487	-0.0612233
-0.140391	-0.0718293
-0.147911	-0.0752706
-0.150533	-0.0841987
-0.158969	-0.0896393
-0.157533	-0.0975219
-0.167355	-0.0863603
-0.177543	-0.0945063
-0.171403	-0.0948656
-0.177389	-0.102774
-0.178483	-0.100359
-0.19912	-0.102313
-0.203008	-0.0998287
-0.201199	-0.102177
-0.195824	-0.0999497
-0.199671	-0.114806
-0.188646	-0.112379
-0.183604	-0.109803
-0.19056	-0.0927712
-0.190797	-0.0898188
-0.170803	-0.11484
-0.164048	-0.102083
-0.162267	-0.105952
-0.163082	-0.104985
-0.158289	-0.106124
-0.161055	-0.108167
-0.171289	-0.120701
-0.170158	-0.118141
-0.17099	-0.111545
-0.179192	-0.0975258
-0.176932	-0.097016
-0.202299	-0.0956675
-0.180338	-0.084186
-0.200942	-0.0645866
-0.218916	-0.0593127
-0.174814	-0.089328
-0.160903	-0.0879844
-0.153032	-0.0852981
-0.162784	-0.0969009
-0.166512	-0.121206
-0.169608	-0.122638
-0.155038	-0.0941662
-0.13307	-0.0700447
-0.140896	-0.0700823
-0.159967	-0.06683
-0.170276	-0.0730048
-0.16692	-0.0746819
-0.167795	-0.0756992
-0.185696	-0.0787545
-0.18251	-0.0803554
-0.186507	-0.0796613
-0.187243	-0.0812933
-0.197682	-0.0726161
-0.19466	-0.0727986
-0.174945	-0.0734429
-0.16677	-0.0757727
-0.174434	-0.0761688
-0.198336	-0.056846
-0.192114	-0.0392384
-0.18998	-0.0404726
-0.178061	-0.0402957
-0.172274	-0.0298436
-0.170798	-0.0291953
-0.176114	-0.0280823
-0.15839	-0.0193466
-0.172732	-0.0328871
-0.18091	-0.0411933
-0.178974	-0.0424759
-0.139263	-0.0248264
-0.139947	-0.02774
-0.162656	-0.0435648
-0.172369	-0.0610545
-0.173146	-0.0580998
-0.169932	-0.0788037
-0.177748	-0.077087
-0.201107	-0.0930143
-0.19098	-0.0742783
-0.186683	-0.0698574
-0.182578	-0.069665
-0.162653	-0.0797622
-0.16245	-0.0807939
-0.161328	-0.0809994
-0.160591	-0.0830205
-0.160571	-0.0700108
-0.168115	-0.0774738
-0.185515	-0.0832347
-0.180883	-0.0943678
-0.192006	-0.115011
-0.180928	-0.0837843
-0.172667	-0.0847015
-0.181273	-0.103212
-0.152969	-0.122184
-0.169359	-0.144073
-0.154725	-0.123205
-0.152495	-0.123405
-0.15218	-0.119946
-0.134722	-0.136479
-0.154668	-0.13818
-0.147687	-0.139323
-0.139338	-0.146661
-0.132544	-0.17613
-0.122437	-0.172404
-0.118974	-0.184935
-0.103022	-0.189112
-0.109796	-0.186677
-0.100695	-0.185161
-0.0775976	-0.17616
-0.0714116	-0.186864
-0.0651631	-0.194014
-0.0459843	-0.197679
-0.0350571	-0.216727
-0.0292118	-0.212765
-0.0364047	-0.203295
-0.0152159	-0.211531
-0.00747228	-0.216825
0.0040532	-0.227563
-0.00296412	-0.203563
-0.024031	-0.22473
-0.0212004	-0.219225
-0.0280901	-0.226427
-0.00367015	-0.204955
-0.00210335	-0.217567
0.00049052	-0.214123
-0.0115752	-0.19907
-0.0170448	-0.198912
-0.0170549	-0.198846
-0.00832544	-0.194352
0.00590114	-0.2174
0.0164587	-0.217745
0.0546873	-0.213667
0.047353	-0.205146
0.0465521	-0.203643
0.051839	-0.18451
0.0537442	-0.196354
0.0413549	-0.192368
0.055918	-0.198332
0.0558952	-0.179097
0.0708677	-0.193197
0.0616461	-0.19432
0.0368378	-0.189618
0.0408631	-0.194693
0.0246593	-0.179809
0.0227	-0.178388
0.0403875	-0.173859
0.0453787	-0.178279
0.0508704	-0.14423
0.0557471	-0.165784
0.0682299	-0.156988
0.0749787	-0.159054
0.104257	-0.163107
0.104453	-0.183595
0.102605	-0.175635
0.0939458	-0.194417
0.0944707	-0.189752
0.0882202	-0.195377
0.0816441	-0.195063
0.0578947	-0.185264
0.0635195	-0.198921
0.0603824	-0.170935
0.0558132	-0.18445
0.0544359	-0.181556
0.0313525	-0.164083
0.0430265	-0.151982
0.0864423	-0.144011
0.0857327	-0.117846
0.0899908	-0.12447
0.086386	-0.0974714
0.0867453	-0.113282
0.0994017	-0.114536
0.106092	-0.11668
0.0997796	-0.105442
0.105064	-0.107705
0.12069	-0.130514
0.12005	-0.136071
0.124457	-0.145714
0.124816	-0.15554
0.13286	-0.1505
0.0961255	-0.132609
0.102901	-0.145518
0.1018	-0.124051
0.104503	-0.135057
0.108872	-0.133318
0.123733	-0.129199
0.112748	-0.161327
0.104282	-0.156207
0.110519	-0.157229
0.11015	-0.152339
0.115523	-0.155019
0.119586	-0.151156
0.126753	-0.144108
0.123241	-0.143258
0.144126	-0.144535
0.137528	-0.136575
0.125739	-0.123532
0.124634	-0.109284
0.1352	-0.121978
0.138786	-0.121584
0.111032	-0.119973
0.115464	-0.125921
0.107462	-0.142625
0.110942	-0.148142
0.120822	-0.144882
0.140506	-0.144207
0.140173	-0.138653
0.148401	-0.128979
0.136142	-0.143264
0.137345	-0.142088
0.139212	-0.126641
0.138034	-0.126764
0.140946	-0.126192
0.141444	-0.129926
0.136482	-0.132331
0.137945	-0.132402
0.167099	-0.135325
0.176143	-0.139289
0.151645	-0.138604
0.172766	-0.143388
0.197243	-0.150292
0.181234	-0.137766
0.178019	-0.133235
0.176596	-0.131287
0.167555	-0.0934985
0.193476	-0.0892878
0.201658	-0.0801624
0.197408	-0.0775066
0.181489	-0.0775935
0.170695	-0.0791377
0.16405	-0.0757986
0.165335	-0.0869918
0.164358	-0.0871796
0.156379	-0.0673919
0.160759	-0.0680853
0.157578	-0.0774673
0.174304	-0.0820198
0.141682	-0.0789126
0.162301	-0.0994086
0.150684	-0.0988917
0.146175	-0.0656063
0.162702	-0.0685196
0.178296	-0.0709815
0.183713	-0.056172
0.154999	-0.0525319
0.160191	-0.0581647
0.153258	-0.0594998
0.129017	-0.0443747
0.129866	-0.0319875
0.145042	-0.0106426
0.16017	-0.0113403
0.179212	-0.0123305
0.185094	-0.0102437
0.177257	-0.0107549
0.179394	-0.010312
0.179301	-0.0106253
0.16832	-0.00503665
0.162051	-0.00611231
0.164735	-0.00739127
0.17283	0.00275727
0.176453	0.00660508
0.173971	0.00176053
0.168109	0.00873495
0.147514	0.00759895
0.15624	0.00684978
0.175279	0.0014425
0.172937	-0.0237921
0.151937	-0.0263477
0.151009	-0.0390786
0.167015	-0.0263422
0.165051	-0.0103685
0.172614	-0.0198479
0.170179	-0.032518
0.174377	-0.0257485
0.173319	-0.0248977
0.146741	-0.00681946
0.142567	-0.00573944
0.136736	0.0260747
0.141484	0.0147321
0.146709	0.0218968
0.150163	0.0242457
0.171438	0.0129467
0.174306	0.0129936
0.146494	0.00380297
0.143783	-0.000854136
0.121778	-0.00900595
0.147247	-0.0159976
0.157937	-0.0169761
0.166188	-0.00633069
0.17244	-0.00442511
0.178798	0.00234009
0.197966	-0.00200782
0.190543	0.00401715
0.197113	0.0112183
0.21549	-0.00624179
0.21196	-0.0186851
0.206996	0.00493899
0.194675	-0.0088486
0.197834	-0.00342618
0.198994	0.0110224
0.1871	0.00668613
0.179567	0.00744673
0.185024	0.0154851
0.229298	0.0121682
0.214168	0.0154068
0.20412	-0.00577146
0.175492	0.0282622
0.182247	0.0166053
0.179757	0.0273674
0.18481	0.0323537
0.189274	0.0206414
0.199662	-0.00245826
0.200264	-0.00697971
0.19801	-0.0100484
0.227619	-0.00259458
0.205925	-0.00629766
0.19419	-0.0133315
0.188366	-0.0107274
0.15491	-0.0124831
0.161225	-0.010147
0.147473	-0.0022026
0.163305	-0.00322638
0.16822	-0.00576963
0.186038	0.00771566
0.189138	0.0101411
0.179568	0.00308287
0.185412	0.00305371
0.181178	-0.0104447
0.177037	-0.0229281
0.182739	-0.0254503
0.168398	-0.0303641
0.157671	-0.0378462
0.1779	-0.0269121
0.183463	-0.0212657
0.199514	-0.0162128
0.192209	-0.0102397
0.173198	-0.0205153
0.207472	0.0121071
0.190201	0.0135848
0.18735	0.0222849
0.1967	0.0349983
0.192926	0.0371137
0.188894	0.0392022
0.187139	0.0441743
0.185575	0.049168
0.190345	0.0333805
0.19906	0.02317
0.194522	0.0229709
0.183258	0.0472742
0.162163	0.0631747
0.160178	0.06292
0.179125	0.0610128
0.184297	0.0440385
0.185317	0.0348586
0.155561	0.0153703
0.14257	0.0276135
0.16086	0.0336674
0.173096	0.0467983
0.183181	0.0140302
0.190111	-0.00583869
0.187922	-0.00580238
0.182451	-0.00708779
0.190027	0.0080613
0.180907	0.0129097
0.187458	0.0129672
0.199931	0.028085
0.191019	0.0127542
0.178711	0.0222762
0.159944	0.0241831
0.174191	0.0274072
0.165147	0.0347405
0.166271	0.0477206
0.17982	0.0664304
0.179786	0.0480099
0.186571	0.0429722
0.173627	0.0450401
0.178055	0.060613
0.152656	0.0622737
0.146447	0.0562785
0.128525	0.0431633
0.139111	0.047389
0.144747	0.0495746
0.135071	0.0576228
0.139774	0.0557669
0.135843	0.0635674
0.14436	0.0598046
0.148997	0.0643777
0.145601	0.051294
0.155862	0.0639438
0.159802	0.0652096
0.161333	0.0922872
0.187688	0.0952064
0.185493	0.0973775
0.172574	0.0840541
0.168573	0.0582549
0.173776	0.0569088
0.166993	0.0389833
0.192924	0.0597728
0.176171	0.0503391
0.173455	0.0353632
0.185385	0.0370108
0.171352	0.0466621
0.16512	0.0333934
0.16482	0.0221916
0.150184	0.0296576
0.167588	0.0384576
0.159287	0.0540404
0.161944	0.0521853
0.166317	0.0505839
0.15175	0.0386735
0.171032	0.0294243
0.168596	0.028625
0.192911	0.0355629
0.175313	0.0398262
0.153637	0.0413801
0.152376	0.0388542
0.166178	0.0348972
0.187234	0.0502331
0.183346	0.0464281
0.191972	0.0439323
0.202014	0.0311376
0.182706	0.0333985
0.187009	0.0259348
0.190237	0.0400726
0.18867	0.0406276
0.191184	0.0548459
0.202325	0.0319949
0.186163	0.020936
0.187501	0.0232558
0.191414	0.0216864
0.191122	0.0292316
0.208269	0.0276584
0.209524	0.0349729
0.206668	0.0341175
0.199736	0.0383278
0.195799	0.0561736
0.178489	0.0345652
0.181927	0.0333838
0.18178	0.0340391
0.179586	0.0365507
0.191039	0.0352207
0.186341	0.0396779
0.208454	0.0497301
0.222858	0.0454115
0.216151	0.0441332
0.213559	0.04236
0.207486	0.0360059
0.205363	0.0490644
0.204528	0.0405548
0.207155	0.0312196
0.178085	0.0618672
0.205853	0.0736536
0.23039	0.0657803
0.214188	0.0734937
0.211605	0.071719
0.1907	0.0755983
0.187941	0.0744044
0.177228	0.0715657
0.190862	0.0996143
0.177793	0.0864442
0.17207	0.0866831
0.169751	0.089412
0.164656	0.0807305
0.164561	0.0817523
0.215684	0.0745758
0.206502	0.0682974
0.198702	0.0580046
0.204083	0.0409705
0.198351	0.021089
0.200768	0.0142312
0.203205	0.0149032
0.199011	0.00497976
0.199816	0.012004
0.215758	0.0125062
0.196683	0.00912617
0.193996	0.00665001
0.195237	-0.0028051
0.194005	-0.00245021
0.195868	-0.0071932
0.177641	-0.00705273
0.158369	-0.00569947
0.168773	0.00449194
0.170337	0.00195924
0.172781	-0.00949816
0.17983	-0.00926947
0.187706	-0.0112954
0.205645	-0.00672244
0.201871	-0.0180534
0.196963	-0.0154367
0.199508	-0.0407872
0.198025	-0.0499068
0.216454	-0.0984881
0.20915	-0.0953872
0.222331	-0.0858271
0.217124	-0.0862321
0.195679	-0.0837437
0.187593	-0.0876468
0.184378	-0.0869691
0.182991	-0.0866552
0.180243	-0.0866907
0.165733	-0.0858576
0.161503	-0.0998358
0.163842	-0.0992484
0.161356	-0.0986694
0.152052	-0.0771352
0.140816	-0.0772271
0.156341	-0.0800271
0.15631	-0.0828254
0.177581	-0.0726344
0.166828	-0.0703518
0.159689	-0.046878
0.151808	-0.0441251
0.182643	-0.0771907
0.183252	-0.0602759
0.164733	-0.0577055
0.18334	-0.0703831
0.176015	-0.0795515
0.180908	-0.0514524
0.177863	-0.0514482
0.176702	-0.0825671
0.176026	-0.114998
0.173418	-0.113286
0.154	-0.131197
0.149602	-0.143801
0.145394	-0.148258
0.159003	-0.156644
0.133275	-0.13978
0.125276	-0.131363
0.138162	-0.110178
0.139633	-0.113021
0.151087	-0.116526
0.132978	-0.112494
0.169072	-0.106358
0.163136	-0.110153
0.160344	-0.104427
0.156525	-0.0949043
0.148355	-0.0976962
0.153204	-0.0995282
0.16903	-0.102078
0.175726	-0.107429
0.182811	-0.114149
0.161349	-0.0964403
0.160686	-0.0929745
0.166289	-0.102759
0.1725	-0.089543
0.171632	-0.0859092
0.172288	-0.0845742
0.185448	-0.0502582
0.182916	-0.0486216
0.183345	-0.0514608
0.202336	-0.0604351
0.214827	-0.0695374
0.201369	-0.0759126
0.180245	-0.0636014
0.181852	-0.0686397
0.210919	-0.0650587
0.215155	-0.06043
0.186911	-0.0748611
0.183611	-0.0766375
0.168061	-0.0664438
0.170424	-0.0744365
0.175866	-0.0764122
0.17554	-0.0767421
0.177828	-0.0753753
0.171149	-0.0869097
0.170065	-0.0795819
0.192482	-0.0977768
0.181331	-0.102419
0.189253	-0.109448
0.182518	-0.0957154
0.172623	-0.12931
0.15821	-0.124664
0.157072	-0.123781
0.132198	-0.117298
0.125944	-0.11457
0.138779	-0.100466
0.141717	-0.10707
0.152065	-0.118017
0.153851	-0.105106
0.146979	-0.0927514
0.153384	-0.102944
0.152978	-0.106505
0.152814	-0.123283
0.130048	-0.124993
0.122289	-0.120497
0.122087	-0.0965677
0.154414	-0.0692023
0.148256	-0.071604
0.145909	-0.0702451
0.1661	-0.0837695
0.165884	-0.0838
0.156692	-0.104986
0.147924	-0.0963092
0.136657	-0.104974
0.149062	-0.107009
0.159279	-0.122094
0.138948	-0.12078
0.129627	-0.140358
0.136493	-0.132362
0.141376	-0.125958
0.145155	-0.111541
0.14594	-0.111678
0.147653	-0.116698
0.167616	-0.136205
0.151634	-0.148329
0.154758	-0.142825
0.146568	-0.145236
0.139115	-0.119934
0.146137	-0.133955
0.154277	-0.132652
0.148198	-0.135912
0.148091	-0.148391
0.170715	-0.136245
0.166696	-0.142968
0.185877	-0.128929
0.181048	-0.125755
0.155554	-0.124662
0.184245	-0.115581
0.175633	-0.110388
0.182096	-0.107458
0.1792	-0.105883
0.17883	-0.103355
0.163556	-0.12773
0.16036	-0.127244
0.15625	-0.13342
0.161479	-0.129735
0.156644	-0.127213
0.159146	-0.113937
0.18412	-0.124339
0.182603	-0.123259
0.177543	-0.105128
0.183386	-0.106047
0.184247	-0.12662
0.142542	-0.120082
0.1311	-0.124666
0.13099	-0.125816
0.133412	-0.124602
0.139399	-0.121364
0.158384	-0.129349
0.165983	-0.151488
0.151278	-0.156252
0.161284	-0.143151
0.148981	-0.132015
0.148971	-0.109417
0.138448	-0.0891121
0.152647	-0.10048
0.155996	-0.0916877
0.136088	-0.117576
0.159701	-0.137708
0.157495	-0.142695
0.153077	-0.139778
0.151752	-0.137912
0.155892	-0.122848
0.164858	-0.131773
0.160135	-0.130176
0.158488	-0.112213
0.177197	-0.106977
0.173039	-0.111438
0.137174	-0.0967794
0.105831	-0.0865614
0.122894	-0.0897736
0.0925807	-0.114025
0.0749857	-0.097827
0.0869171	-0.112432
0.0974635	-0.0922104
0.102543	-0.119991
0.0960853	-0.0955236
0.0786664	-0.0908138
0.0692563	-0.0988765
0.0469764	-0.0973064
0.0533416	-0.10975
0.0639905	-0.11551
0.0638763	-0.105911
0.0640899	-0.116456
0.0703316	-0.118882
0.0707488	-0.127222
0.0774866	-0.117763
0.0827707	-0.119883
0.0795305	-0.119512
0.0941198	-0.147546
0.0838928	-0.141381
0.094671	-0.145854
0.116996	-0.139997
0.0794875	-0.142195
0.0822436	-0.14545
0.0848836	-0.1472
0.0702752	-0.137274
0.0782153	-0.13519
0.0569849	-0.132443
0.0529038	-0.140215
0.0471328	-0.141166
0.0367302	-0.16533
0.0374454	-0.16522
0.0457421	-0.169013
0.0403412	-0.178176
0.0253422	-0.192561
0.0220991	-0.191777
0.0352185	-0.176115
0.0616185	-0.188308
0.0532126	-0.16296
0.0700385	-0.158898
0.0780721	-0.184182
0.0574616	-0.177257
0.0438049	-0.169935
0.0445416	-0.167938
0.0437413	-0.169109
0.0495442	-0.200701
0.0312149	-0.207119
0.0403528	-0.213588
0.0168176	-0.198148
0.0213907	-0.186211
0.0108484	-0.181663
0.0047444	-0.18552
0.0253336	-0.189412
0.019815	-0.190283
0.0240902	-0.163318
0.0158022	-0.18163
0.00864351	-0.184455
0.0166609	-0.198399
0.02237	-0.204741
0.0228068	-0.206217
0.047629	-0.197857
0.0386765	-0.195815
0.0334141	-0.197391
0.0319137	-0.177008
0.0408131	-0.170099
0.0549309	-0.185087
0.0517935	-0.166527
0.0442518	-0.143189
0.0358048	-0.162006
0.0246338	-0.154419
0.0265033	-0.157388
0.00920399	-0.154535
0.0190139	-0.176026
0.0332392	-0.190227
0.0327785	-0.193876
0.0505287	-0.188096
0.0527505	-0.195885
0.0529504	-0.195539
0.0556038	-0.195475
0.0534819	-0.194202
0.0832743	-0.198889
0.0837129	-0.214808
0.090962	-0.221346
0.0911696	-0.220081
0.0878699	-0.212971
0.0853947	-0.206917
0.0872114	-0.195886
0.110637	-0.200929
0.10912	-0.199322
0.106023	-0.191004
0.117945	-0.165299
0.111964	-0.162459
0.119407	-0.172321
0.117151	-0.168058
0.119639	-0.163071
0.138306	-0.135691
0.142613	-0.13258
0.167577	-0.130562
0.1647	-0.131233
0.143036	-0.14295
0.142462	-0.129539
0.142414	-0.129412
0.157309	-0.116524
0.155772	-0.11611
0.157641	-0.115609
0.169107	-0.147897
0.163822	-0.145642
0.158582	-0.14152
0.162352	-0.135972
0.157513	-0.130888
0.154124	-0.129732
0.152779	-0.133492
0.159079	-0.11643
0.164383	-0.119833
0.163414	-0.135066
0.131857	-0.13142
0.129929	-0.124358
0.138761	-0.115333
0.138782	-0.122691
0.117388	-0.129394
0.108921	-0.136439
0.0987675	-0.14784
0.117543	-0.146418
0.116925	-0.138228
0.12833	-0.138223
0.138028	-0.132146
0.140189	-0.143245
0.163585	-0.146023
0.166804	-0.128861
0.163154	-0.129669
0.139843	-0.125613
0.134929	-0.143668
0.120894	-0.151079
0.124225	-0.148328
0.123515	-0.151466
0.124057	-0.152328
0.121833	-0.166573
0.123347	-0.156534
0.123056	-0.16984
0.0951927	-0.180152
0.088824	-0.173104
0.0952221	-0.167693
0.0924203	-0.169653
0.107534	-0.171783
0.103062	-0.145142
0.104732	-0.146471
0.121855	-0.125442
0.141667	-0.131961
0.144572	-0.112434
0.152559	-0.106919
0.140501	-0.0850128
0.157347	-0.0841278
0.168888	-0.0744191
0.147837	-0.075585
0.151977	-0.0777044
0.14244	-0.0620091
0.140918	-0.0631421
0.146614	-0.0644612
0.154562	-0.0761432
0.145905	-0.105019
0.148093	-0.123324
0.147699	-0.123249
0.163412	-0.137714
0.160519	-0.135096
0.165809	-0.153123
0.158845	-0.157788
0.155919	-0.153122
0.146231	-0.131603
0.155918	-0.142501
0.16294	-0.134183
0.165717	-0.135492
0.162093	-0.114077
0.161041	-0.113422
0.157826	-0.123179
0.155613	-0.120205
0.15094	-0.129667
0.152864	-0.119677
0.145424	-0.123228
0.15492	-0.123927
0.160891	-0.136788
0.16307	-0.131372
0.159251	-0.135398
0.157692	-0.132866
0.141122	-0.134912
0.152143	-0.109527
0.156117	-0.10991
0.163412	-0.0844523
0.158958	-0.0762053
0.161626	-0.0790843
0.159738	-0.0773304
0.164981	-0.0723497
0.173596	-0.0767488
0.175451	-0.0744313
0.171827	-0.0676046
0.157538	-0.0709733
0.143771	-0.0526457
0.152771	-0.0368225
0.163763	-0.0398706
0.16392	-0.0365594
0.184058	-0.0472743
0.190973	-0.0490764
0.208292	-0.0589159
0.199592	-0.0583721
0.191576	-0.0824598
0.199907	-0.0648277
0.19771	-0.0773918
0.205068	-0.0871712
0.184593	-0.0754909
0.178947	-0.0867957
0.178667	-0.0857952
0.17779	-0.099477
0.182787	-0.108243
0.178505	-0.0949844
0.176875	-0.0926836
0.171828	-0.0883906
0.16555	-0.0814546
0.177783	-0.0902959
0.175627	-0.0964023
0.16716	-0.101441
0.169652	-0.100109
0.171377	-0.104936
0.178246	-0.109029
0.176406	-0.110516
0.162687	-0.117803
0.172391	-0.11217
0.180084	-0.0961319
0.168376	-0.0931678
0.173224	-0.0967528
0.179392	-0.0892716
0.182946	-0.079516
0.1694	-0.0760337
0.179618	-0.063458
0.176907	-0.0556445
0.179186	-0.0545064
0.17581	-0.0243083
0.184695	-0.0296453
0.210351	-0.0383588
0.205856	-0.0362642
0.20048	-0.0344196
0.203757	-0.0335771
0.200483	-0.0335354
0.208112	-0.0324433
0.204951	-0.0318788
0.19231	-0.0323291
0.189278	-0.0386502
0.178438	-0.00845246
0.201907	-0.0083332
0.19338	0.00316042
0.193677	0.0058567
0.211435	0.00552918
0.2031	0.000177137
0.199679	-0.00584572
0.199474	-0.00785811
0.204824	-0.00330015
0.198492	0.00740074
0.198609	0.00599048
0.216089	-0.0146883
0.192396	-0.0246814
0.201706	-0.0402169
0.205863	-0.0380106
0.208322	-0.0337278
0.204355	-0.044891
0.194558	-0.0344011
0.204209	-0.0405268
0.207167	-0.0387926
0.218629	-0.0620188
0.18391	-0.0546302
0.198716	-0.0504825
0.197419	-0.0520438
0.18986	-0.0708178
0.18315	-0.0615003
0.174091	-0.0563474
0.190598	-0.0517838
0.20667	-0.0560427
0.205232	-0.0441414
0.189902	-0.0389141
0.167094	-0.0469262
0.168682	-0.0178211
0.17371	-0.00253163
0.178112	-0.000931798
0.188317	0.000920698
0.189722	0.0172991
0.180875	0.0295562
0.195467	0.0249426
0.206099	0.0211858
0.203782	0.0279113
0.21892	0.0304931
0.187339	0.0298178
0.195351	0.0316607
0.187155	0.0309796
0.181801	0.0461249
0.176682	0.0394199
0.195053	0.038553
0.213858	0.0376971
0.202783	0.0442327
0.198846	0.00886051
0.212749	0.00754464
0.21633	0.00277533
0.206573	0.00926709
0.222548	0.0448006
0.227384	0.0401716
0.182132	0.0332115
0.17236	0.0400024
0.173851	0.00921422
0.17984	0.0139515
0.184942	0.0214544
0.179562	0.0135092
0.182326	0.012448
0.189072	0.012022
0.190119	0.0211
0.193295	0.0182186
0.183443	0.0130401
0.186358	0.0121421
0.178157	0.00691931
0.167723	0.00264811
0.178322	0.0126964
0.179889	-0.0317662
0.173055	-0.0352403
0.17499	-0.0357917
0.191527	-0.0310649
0.194573	-0.0419984
0.182158	-0.0261004
0.198728	-0.00971321
0.227941	0.00267566
0.221984	0.0033896
0.201703	0.0192528
0.190991	0.0198104
0.198729	0.0217737
0.20029	0.0276349
0.197581	0.0199641
0.198682	0.0178067
0.195663	0.00964923
0.185263	0.0242074
0.176789	0.0418423
0.178267	0.0329405
0.189515	0.0359624
0.180828	0.0609612
0.186083	0.0814285
0.17488	0.0571741
0.182874	0.0686504
0.187281	0.0571314
0.173004	0.0624842
0.164744	0.057177
0.156384	0.0709932
0.159841	0.0672521
0.162799	0.0668759
0.165636	0.0704092
0.170188	0.0706499
0.144412	0.05581
0.152111	0.0697898
0.165078	0.0720683
0.211421	0.0813757
0.207041	0.0848632
0.20262	0.0828702
0.217491	0.0640998
0.212103	0.0738117
0.197762	0.071083
0.202223	0.0531334
0.189953	0.0457062
0.191908	0.042576
0.188181	0.0435207
0.19939	0.0691044
0.1968	0.0530287
0.198395	0.0494873
0.198465	0.0536799
0.207504	0.0544737
0.197512	0.0440837
0.192077	-0.000657878
0.206301	-0.00403949
0.186319	-0.00877368
0.193011	-0.0112406
0.190069	-0.0140161
0.180243	-0.00964699
0.187791	-0.00193679
0.187275	0.00525279
0.190099	0.0168039
0.187393	0.0308718
0.17016	0.0537004
0.173842	0.0452378
0.182204	0.0572954
0.183047	0.0607624
0.173003	0.0650199
0.179915	0.0411246
0.203087	0.0435295
0.194588	0.0414614
0.196657	0.0522107
0.195129	0.0507586
0.189856	0.0474136
0.191885	0.0437225
0.205698	0.0464008
0.204053	0.0484149
0.196403	0.0207166
0.204119	0.0146252
0.216785	0.00959152
0.204448	-0.0065345
0.201353	-0.00646871
0.199077	-0.0165741
0.190542	-0.0143282
0.181783	-0.046054
0.186094	-0.0715352
0.185003	-0.0710494
0.182389	-0.0403497
0.177487	-0.0522521
0.172217	-0.053062
0.187722	-0.0535913
0.181538	-0.0577996
0.180484	-0.0577304
0.179252	-0.0528312
0.177652	-0.0531429
0.179454	-0.0530589
0.194511	-0.0559795
0.197969	-0.0559481
0.200624	-0.0563325
0.201262	-0.0387382
0.212356	-0.0396617
0.167252	-0.0560748
0.19705	-0.0549098
0.187256	-0.0399873
0.182063	-0.0323413
0.200455	-0.0468526
0.194738	-0.0429018
0.197356	-0.0509852
0.185324	-0.048722
0.198183	-0.0492447
0.191508	-0.0568843
0.196563	-0.0687645
0.197777	-0.0687845
0.192744	-0.0689527
0.185706	-0.0766134
0.181045	-0.0784475
0.182532	-0.0837298
0.169449	-0.0757717
0.143845	-0.0572072
0.17738	-0.0645448
0.177661	-0.0644679
0.176187	-0.063785
0.235133	-0.0653538
0.23164	-0.0672974
0.20936	-0.0687231
0.190648	-0.0758921
0.2013	-0.0842244
0.204788	-0.0912937
0.203417	-0.0971496
0.19217	-0.107916
0.189134	-0.102037
0.192131	-0.108294
0.191668	-0.0922662
0.178921	-0.08451
0.188324	-0.0846945
0.176568	-0.0545901
0.181745	-0.044907
0.168835	-0.06777
0.179016	-0.0693466
0.184321	-0.0747765
0.180523	-0.0718921
0.189549	-0.10877
0.208906	-0.109404
0.204164	-0.101528
0.198946	-0.100691
0.183498	-0.101576
0.184212	-0.107614
0.17011	-0.112718
0.173831	-0.114977
0.182219	-0.125087
0.177891	-0.125178
0.171302	-0.121214
0.172972	-0.116601
0.177599	-0.103984
0.176703	-0.104119
0.170898	-0.102117
0.155824	-0.100401
0.163427	-0.0953056
0.169437	-0.0701091
0.197335	-0.0868933
0.177063	-0.0800734
0.179225	-0.0972894
0.175892	-0.100806
0.162612	-0.05501
0.157755	-0.0559906
0.161036	-0.056331
0.155138	-0.0552753
0.164135	-0.0623599
0.163641	-0.0794755
0.155622	-0.0623886
0.163928	-0.0604623
0.183283	-0.0371927
0.181693	-0.02857
0.188713	-0.0381452
0.168968	-0.0382253
0.174705	-0.0385399
0.182619	-0.0480923
0.186971	-0.0482834
0.188547	-0.0482108
0.20229	-0.045299
0.196353	-0.0552633
0.211962	-0.0631713
0.229464	-0.092778
0.193014	-0.0693798
0.188138	-0.0804251
0.191023	-0.0784454
0.192481	-0.076787
0.19171	-0.0689203
0.208281	-0.0724537
0.256966	-0.070859
0.234709	-0.0779473
0.231242	-0.0861159
0.231359	-0.0873842
0.25737	-0.103528
0.259355	-0.102569
0.244027	-0.112583
0.257874	-0.0882963
0.245139	-0.083549
0.227558	-0.0633407
0.221438	-0.0589105
0.214452	-0.0481315
0.183549	-0.0247561
0.195815	-0.0384104
0.199093	-0.0550613
0.194103	-0.0440853
0.191986	-0.0432112
0.188678	-0.0202529
0.177376	-0.0264919
0.180613	-0.0283196
0.162643	-0.0241791
0.153828	-0.0213975
0.146207	-0.0239101
0.176164	-0.0250345
0.178823	-0.0255523
0.186517	-0.0375198
0.220507	-0.0399838
0.211958	-0.0349562
0.202272	-0.0362989
0.20503	-0.030917
0.185244	-0.0215977
0.182837	-0.00388351
0.198976	0.0117266
0.208731	0.0183122
0.204883	0.0169623
0.215457	0.0132577
0.195007	0.00748386
0.187191	0.00159458
0.194758	-0.0137722
0.193023	-0.0162527
0.190969	-0.0244694
0.189678	-0.0362387
0.184011	-0.0357654
0.165588	-0.0289048
0.173121	-0.0264716
0.159209	-0.0238331
0.163862	-0.0281283
0.179087	-0.0501088
0.177823	-0.0494622
0.168229	-0.0435097
0.1887	-0.0380279
0.189953	-0.0450431
0.175296	-0.0469148
0.185529	-0.0501149
0.187769	-0.0428577
0.190512	-0.0345307
0.18075	-0.0173953
0.168422	-0.0186883
0.161827	-0.0179253
0.16535	-0.00984772
0.151429	-0.0230025
0.158958	-0.028014
0.164255	-0.023745
0.154268	-0.0268773
0.162084	-0.0235584
0.164658	-0.0247094
0.172114	-0.0323352
0.194957	-0.0203555
0.20458	-0.0349416
0.195723	-0.0323963
0.191971	-0.0354705
0.199123	-0.0428374
0.198773	-0.0583472
0.194195	-0.0471039
0.193235	-0.0475254
0.202607	-0.0645111
0.227258	-0.0561366
0.223835	-0.0550539
0.217356	-0.0535159
0.209658	-0.0516686
0.200969	-0.0502329
0.181308	-0.0702937
0.180688	-0.067097
0.194697	-0.0648146
0.197195	-0.0799511
0.165897	-0.066553
0.173495	-0.074138
0.149729	-0.0648466
0.153729	-0.064249
0.156208	-0.0946452
0.166668	-0.0994252
0.167837	-0.101176
0.158388	-0.0814578
0.15744	-0.0832784
0.154711	-0.0694702
0.168323	-0.0888106
0.171184	-0.100601
0.162709	-0.0932474
0.163055	-0.0943564
0.189643	-0.113819
0.191334	-0.131101
0.191384	-0.129599
0.192195	-0.114682
0.215565	-0.121739
0.219343	-0.109391
0.210248	-0.109448
0.184818	-0.134662
0.171712	-0.121901
0.175498	-0.125304
0.161534	-0.121403
0.152497	-0.107743
0.138723	-0.118075
0.159127	-0.0839226
0.186219	-0.037081
0.193914	-0.0362493
0.1631	-0.0415091
0.136008	-0.0577883
0.140149	-0.0680921
0.15267	-0.07035
0.155791	-0.088212
0.132923	-0.0818263
0.123785	-0.114306
0.124767	-0.118584
0.142027	-0.108431
0.141302	-0.101455
0.141184	-0.099902
0.14847	-0.111376
0.13397	-0.100172
0.120716	-0.11039
0.125269	-0.107488
0.116354	-0.104398
0.121898	-0.11459
0.115265	-0.0941253
0.127376	-0.11905
0.128013	-0.125992
0.144632	-0.11859
0.1451	-0.11635
0.171039	-0.109359
0.176929	-0.0956166
0.16352	-0.0954541
0.163996	-0.0964228
0.169403	-0.0976611
0.181529	-0.0881753
0.157626	-0.093092
0.155785	-0.0954201
0.160229	-0.0978244
0.160764	-0.0983044
0.160517	-0.100736
0.144529	-0.0897315
0.114501	-0.066845
0.137308	-0.0653727
0.100106	-0.0679523
0.12476	-0.0507325
0.133177	-0.0535324
0.140612	-0.0569934
0.146569	-0.0509196
0.157309	-0.0726034
0.159708	-0.0743162
0.161407	-0.0757173
0.177731	-0.0916789
0.175554	-0.0905213
0.151466	-0.073559
0.142857	-0.0585161
0.137436	-0.0686979
0.136523	-0.080178
0.138529	-0.0808859
0.142168	-0.107092
0.143861	-0.1258
0.137226	-0.129862
0.142476	-0.123243
0.141863	-0.111131
0.142703	-0.115353
0.179374	-0.103821
0.212802	-0.0945833
0.218295	-0.103488
0.197074	-0.122204
0.191834	-0.11792
0.187532	-0.112213
0.192708	-0.119832
0.180612	-0.124962
0.175653	-0.130939
0.167498	-0.151572
0.163717	-0.146757
0.158436	-0.144857
0.135389	-0.152566
0.141788	-0.138407
0.142105	-0.139692
0.141746	-0.158308
0.13423	-0.146918
0.135656	-0.146725
0.121815	-0.152036
0.105274	-0.157087
0.104279	-0.155615
0.140088	-0.1402
0.140914	-0.165254
0.133134	-0.163101
0.150888	-0.165528
0.166834	-0.191865
0.155137	-0.179159
0.138062	-0.173454
0.13734	-0.167442
0.140994	-0.156004
0.119153	-0.143238
0.149679	-0.1514
0.138097	-0.147804
0.133323	-0.14815
0.140058	-0.14907
0.141066	-0.158042
0.150794	-0.14387
0.146525	-0.147227
0.149824	-0.131514
0.124698	-0.126524
0.106057	-0.0994348
0.107084	-0.132195
0.107188	-0.135498
0.10838	-0.152203
0.0811689	-0.15848
0.0814815	-0.171264
0.100293	-0.17064
0.0988954	-0.17035
0.126014	-0.21356
0.132851	-0.20685
0.127478	-0.199375
0.158887	-0.187542
0.156174	-0.183112
0.146594	-0.180712
0.144776	-0.175766
0.143441	-0.173841
0.131261	-0.150731
0.115692	-0.168645
0.112046	-0.163114
0.109007	-0.159136
0.109864	-0.165042
0.112042	-0.163196
0.117386	-0.146409
0.11606	-0.148511
0.129116	-0.156087
0.110743	-0.169886
0.139315	-0.177839
0.126363	-0.18672
0.128797	-0.178542
0.117942	-0.189621
0.113284	-0.196477
0.0948014	-0.190272
0.0874246	-0.172857
0.0638339	-0.176903
0.0756711	-0.17714
0.0865538	-0.175498
0.0862475	-0.174617
0.0919638	-0.158153
0.0855411	-0.16509
0.0861013	-0.165792
0.0869042	-0.170638
0.0863419	-0.171472
0.0954534	-0.192562
0.0923366	-0.190207
0.110293	-0.199365
0.113588	-0.204669
0.111651	-0.213628
0.123094	-0.218101
0.137855	-0.216832
0.133126	-0.205968
0.130322	-0.224459
0.125211	-0.206114
0.138475	-0.205058
0.132963	-0.197925
0.112935	-0.195014
0.115251	-0.189382
0.108281	-0.18135
0.101414	-0.177902
0.123869	-0.180039
0.108289	-0.190552
0.106066	-0.186664
0.115579	-0.182281
0.0826321	-0.15916
0.0821487	-0.161306
0.0891955	-0.160692
0.0984143	-0.155766
0.0975032	-0.158369
0.0669616	-0.153007
0.0696698	-0.159373
0.0739969	-0.161386
0.0695568	-0.166125
0.0698972	-0.168029
0.0872596	-0.190588
0.0987259	-0.192832
0.0980376	-0.188557
0.079286	-0.19903
0.0834554	-0.20823
0.0813771	-0.201863
0.0782195	-0.198314
0.0802181	-0.199697
0.0746495	-0.206289
0.0752757	-0.204322
0.0624315	-0.206392
0.0651746	-0.20746
0.0649031	-0.203308
0.070617	-0.18948
0.0882874	-0.194654
0.0915387	-0.185235
0.0885046	-0.180942
0.0975443	-0.173536
0.110139	-0.181929
0.102428	-0.169034
0.111805	-0.165531
0.110111	-0.15174
0.105004	-0.160008
0.0973511	-0.166053
0.0893555	-0.168224
0.105819	-0.155311
0.106746	-0.156696
0.126425	-0.155505
0.126384	-0.152308
0.134542	-0.135595
0.141823	-0.135229
0.126005	-0.130412
0.125993	-0.128996
0.121563	-0.126636
0.12359	-0.128851
0.123174	-0.130859
0.121308	-0.128176
0.12328	-0.129865
0.11834	-0.138636
0.126829	-0.122934
0.159177	-0.124285
0.164441	-0.139461
0.160838	-0.140197
0.159676	-0.143237
0.156292	-0.142182
0.162775	-0.128981
0.159841	-0.131329
0.144607	-0.150222
0.161142	-0.180261
0.148485	-0.187067
0.149484	-0.179411
0.147709	-0.166956
0.149317	-0.174331
0.149309	-0.158924
0.147042	-0.154879
0.145744	-0.108797
0.15301	-0.111132
0.148102	-0.0946347
0.135617	-0.115369
0.128512	-0.0859496
0.129767	-0.0914027
0.119562	-0.0960944
0.118815	-0.113547
0.120194	-0.126047
0.16016	-0.123745
0.167026	-0.117662
0.156169	-0.109465
0.169537	-0.122966
0.166369	-0.121569
0.159955	-0.0936688
0.182875	-0.0955788
0.194636	-0.110658
0.19128	-0.101365
0.189237	-0.0984381
0.177056	-0.0973926
0.169853	-0.10508
0.174531	-0.0989615
0.154078	-0.105591
0.155134	-0.0993836
0.159188	-0.0961598
0.155795	-0.0954065
0.15833	-0.0961766
0.161537	-0.0950263
0.162276	-0.123506
0.181178	-0.133143
0.188409	-0.1413
0.17422	-0.148633
0.16418	-0.155881
0.134627	-0.1451
0.134076	-0.143134
0.162243	-0.0970327
0.162451	-0.097507
0.162674	-0.0817858
0.162329	-0.0844625
0.185091	-0.114426
0.174866	-0.119158
0.175784	-0.130485
0.171983	-0.129495
0.164506	-0.137475
0.166578	-0.1278
0.1596	-0.123105
0.162142	-0.126915
0.148154	-0.15348
0.146486	-0.157705
0.154092	-0.145709
0.188109	-0.131376
0.182931	-0.127041
0.178438	-0.130344
0.173435	-0.125795
0.170439	-0.123917
0.17183	-0.117947
0.160041	-0.112868
0.168328	-0.119736
0.175683	-0.105231
0.177824	-0.102953
0.167872	-0.100159
0.170663	-0.104326
0.163259	-0.101895
0.173024	-0.121292
0.171495	-0.119942
0.176727	-0.137149
0.18066	-0.127961
0.180592	-0.123733
0.167822	-0.10775
0.174695	-0.108134
0.164004	-0.095523
0.157085	-0.0925007
0.148377	-0.0891039
0.145272	-0.092171
0.163206	-0.0959037
0.170682	-0.0778398
0.177445	-0.0682318
0.185369	-0.0689043
0.192518	-0.0820615
0.183269	-0.0818031
0.182666	-0.0819808
0.181231	-0.0819292
0.189966	-0.103083
0.180477	-0.0761284
0.181886	-0.0706823
0.177294	-0.0736955
0.172874	-0.0787737
0.165508	-0.0703922
0.164546	-0.0611822
0.170782	-0.0508562
0.174463	-0.0376397
0.179699	-0.044436
0.193322	-0.0364193
0.200156	-0.0283979
0.213366	-0.0304795
0.213378	-0.0249216
0.210025	-0.0231815
0.191302	-0.0295777
0.18975	-0.0271276
0.18879	-0.0325668
0.19169	-0.0107283
0.194245	-0.0224564
0.195547	-0.0245028
0.185381	-0.0271995
0.194763	-0.0435467
0.192114	-0.0522641
0.19923	-0.0800446
0.186302	-0.0793057
0.186601	-0.0800272
0.17946	-0.0742843
0.179297	-0.0739916
0.175449	-0.073965
0.21149	-0.065735
0.208116	-0.0780989
0.2059	-0.0759203
0.220155	-0.0570731
0.2143	-0.0554436
0.186947	-0.078837
0.184878	-0.0775189
0.210846	-0.0867751
0.191986	-0.0761404
0.189458	-0.0770258
0.18818	-0.0767934
0.184886	-0.0730877
0.18308	-0.0744772
0.179873	-0.065222
0.178384	-0.0487661
0.162893	-0.0407174
0.17299	-0.0485122
0.173307	-0.0446064
0.175184	-0.0469717
0.173749	-0.0539391
0.175173	-0.0658306
0.175906	-0.058765
0.177858	-0.0696357
0.187549	-0.0545726
0.20025	-0.0528844
0.207316	-0.0324983
0.201319	-0.0316066
0.207378	-0.0361172
0.190907	-0.0347216
0.182798	-0.0210256
0.190535	-0.0228037
0.177382	-0.0204289
0.182421	-0.0252869
0.191921	-0.0161119
0.194264	-0.014805
0.206617	-0.0135039
0.188595	-0.0120067
0.197248	-0.018285
0.195813	-0.0179565
0.188955	-0.00519576
0.189972	-0.00725838
0.171051	0.0189285
0.173682	0.0353233
0.196541	0.0308435
0.207472	0.0291273
0.202742	0.0263894
0.201762	0.0263382
0.196939	0.0218431
0.195512	0.0217614
0.200395	0.0353707
0.198858	0.0330536
0.201734	0.0260325
0.185646	0.0326581
0.176356	0.0201959
0.182437	-0.0113106
0.191876	-0.0215815
0.194367	-0.0284252
0.184881	-0.0383144
0.203085	-0.0273112
0.201895	-0.0289612
0.179034	-0.0309659
0.182668	-0.0313448
0.171286	-0.0261956
0.174542	-0.027092
0.177698	-0.0385411
0.184059	-0.00834463
0.181651	-0.0180302
0.167432	-0.0174885
0.165056	-0.0225651
0.178983	-0.00937564
0.179736	-0.00459793
0.195282	-0.00282713
0.179308	0.012433
0.181434	0.0106143
0.176327	0.00114385
0.181087	0.0296513
0.181972	0.0299285
0.17732	0.0367659
0.169654	0.027576
0.178041	0.0343848
0.190245	0.0664062
0.171032	0.0559346
0.177632	0.0570318
0.180445	0.0536001
0.15819	0.0269404
0.165235	0.0358592
0.152888	0.0377331
0.130257	0.0578625
0.139561	0.0556602
0.160566	0.0318619
0.192213	0.03643
0.201696	0.0281767
0.209173	0.0142095
0.206093	0.0147917
0.202677	0.0164213
0.208464	0.0229029
0.245386	0.0332455
0.236935	0.0313788
0.228591	0.0246405
0.193855	0.0436411
0.17166	0.0390443
0.18124	0.0408684
0.185045	0.0465363
0.185152	0.0446583
0.17959	0.040454
0.180524	0.04131
0.170617	0.0413153
0.164723	0.0150588
0.175832	0.00781629
0.1799	-0.00362631
0.180613	-0.0220522
0.166854	-0.0108639
0.193213	-0.00661424
0.19298	-0.014181
0.181768	-0.0102715
0.187652	-0.00820171
0.185153	-0.0205432
0.20093	0.00595891
0.180685	-0.00733494
0.167268	-0.0428412
0.151782	-0.0204919
0.174012	-0.0214285
0.176185	-0.0216269
0.182681	-0.0189606
0.163587	-0.0013074
0.176465	0.00484258
0.176591	0.0203238
0.176826	0.0222231
0.158874	0.0113636
0.166631	0.0201989
0.145076	-0.00764542
0.149464	-0.0106885
0.153893	-0.0194595
0.15625	-0.0376778
0.160449	-0.0416538
0.170266	-0.0400722
0.172854	-0.0407412
0.149039	0.00501782
0.155539	0.00461372
0.151985	0.00870543
0.150663	0.0104462
0.13242	0.00632464
0.171154	-0.00559276
0.194067	0.0377739
0.193262	0.0297979
0.229933	0.0527265
0.215424	0.0588523
0.205077	0.0445976
0.199389	0.0503971
0.175154	0.0544293
0.176331	0.0601843
0.167206	0.0641227
0.169688	0.0705016
0.188316	0.0569616
0.191724	0.050999
0.188572	0.0507159
0.169349	0.0434742
0.171927	0.0557182
0.171279	0.0512438
0.160492	0.0527806
0.150353	0.0641439
0.152345	0.0682681
0.174009	0.0472443
0.179704	0.0426473
0.18079	0.0425707
0.177626	0.0428204
0.186353	0.0353967
0.225492	0.0373394
0.216628	0.0289342
0.231623	0.0329888
0.227968	0.0399541
0.239511	0.0387179
0.233077	0.0472278
0.222527	0.0410826
0.218348	0.0356422
0.201329	0.0306693
0.198417	0.0312385
0.193917	0.0311499
0.214664	0.0448344
0.204597	0.0265624
0.183455	0.0174173
0.192902	0.0164013
0.208845	0.00370316
0.201369	-0.00187798
0.183376	0.00613806
0.149264	0.00503371
0.162528	0.00687593
0.166617	0.000862952
0.168569	0.00212941
0.154325	0.00733067
0.168372	0.0243053
0.17136	0.0292178
0.180797	0.0216619
0.202289	0.0095435
0.197166	0.0016016
0.197206	-0.00539949
0.19986	-0.00641461
0.193461	-0.0370352
0.193681	-0.0391846
0.179271	-0.020681
0.18106	-0.0211433
0.185641	-0.0201011
0.186225	-0.0197475
0.174418	-0.0150248
0.193162	-0.0144367
0.194366	-0.00612416
0.19469	-0.0173861
0.192545	0.00419062
0.192087	0.00504706
0.190578	0.00590435
0.210328	-0.00719172
0.201185	-0.0103802
0.19196	-0.0156969
0.1874	-0.0147301
0.175609	-0.016723
0.181227	-0.00593794
0.168419	-0.0234223
0.158075	-0.037567
0.20351	-0.00926931
0.204713	-0.0113109
0.197126	-0.013778
0.213104	-0.0225645
0.209662	-0.023134
0.192779	-0.0400216
0.194901	-0.0364618
0.182695	-0.0286649
0.174845	-0.0313839
0.179002	-0.0457055
0.187007	-0.0438508
0.206904	-0.0335008
0.193541	-0.0337238
0.220205	-0.00625312
0.215609	-0.00638659
0.209739	-0.0101985
0.209128	-0.0227504
0.206156	-0.0221961
0.211254	-0.0446031
0.204089	-0.0209084
0.197547	-0.0131458
0.19967	-0.0111637
0.20753	-0.00469567
0.204484	-0.00393784
0.204796	0.00192152
0.202419	0.00288625
0.202049	-0.000364773
0.197782	9.94617e-05
0.190498	0.00386462
0.184993	0.00172026
0.172559	0.0269132
0.176294	0.0366146
0.171445	0.028232
0.179474	0.0338875
0.169879	0.0298025
0.161889	0.0377567
0.1698	0.0413808
0.166494	0.0219619
0.170195	0.0177914
0.170308	0.0147998
0.179179	0.011722
0.158163	0.00599595
0.148888	0.016499
0.157201	0.0175267
0.179062	0.0146868
0.178964	0.00813691
0.173919	0.000226461
0.176181	-0.0126335
0.176928	-0.0111734
0.177934	-0.0125979
0.17507	-0.00392329
0.176204	0.00924414
0.172768	0.00148681
0.197634	0.0087497
0.190359	0.00963476
0.181298	0.0106803
0.178362	0.0148464
0.191283	-0.0291118
0.192623	-0.0311405
0.192975	-0.0311416
0.192469	-0.0331908
0.197329	-0.0447765
0.193716	-0.0356656
0.164142	-0.0360163
0.167919	-0.0368361
0.183977	-0.0479964
0.193781	-0.0468225
0.22586	-0.0490243
0.219744	-0.052378
0.23778	-0.0776796
0.232892	-0.08012
0.238277	-0.107107
0.238985	-0.0969114
0.214759	-0.118319
0.252083	-0.0858311
0.241346	-0.0807535
0.229515	-0.0778464
0.193481	-0.0502767
0.199842	-0.039596
0.190764	-0.0444139
0.18928	-0.0480619
0.180081	-0.0424803
0.191587	-0.0510633
0.189964	-0.051428
0.18144	-0.0464609
0.170865	-0.0521422
0.173941	-0.0534325
0.179604	-0.0520096
0.164351	-0.0465126
0.165601	-0.0521321
0.16722	-0.0567197
0.195478	-0.075483
0.195091	-0.0329095
0.206198	-0.0381127
0.203071	-0.0377983
0.197079	-0.0351581
0.205623	-0.0299319
0.208014	-0.0158598
0.169255	-0.0146578
0.15945	-0.0114425
0.174378	-0.00459103
0.173384	-0.00949695
0.186565	-0.0307645
0.18294	-0.0363749
0.174438	-0.0238295
0.164022	-0.021453
0.154515	-0.000920331
0.162108	-0.00368629
0.173215	-0.00918104
0.187107	0.000143608
0.190812	0.00677119
0.184824	0.0295656
0.186583	0.0286575
0.194775	0.0192977
0.207556	0.0240288
0.216678	0.0382767
0.208118	0.0139745
0.173804	-0.00807859
0.167459	-0.0240022
0.171201	-0.0241608
0.172866	-0.0225236
0.155724	-0.0175914
0.171423	-0.0165106
0.169337	-0.0487072
0.182141	-0.0508292
0.168876	-0.0489625
0.161959	-0.0548663
0.141489	-0.0498526
0.163149	-0.0563708
0.16037	-0.0596841
0.166091	-0.066356
0.16277	-0.0955098
0.187587	-0.103318
0.17976	-0.075314
0.185312	-0.0546691
0.195737	-0.0410935
0.2001	-0.0520221
0.195129	-0.0603065
0.190657	-0.0604463
0.182606	-0.0632226
0.18395	-0.0551501
0.180066	-0.0735812
0.177936	-0.0722606
0.179287	-0.0764379
0.177003	-0.079021
0.172847	-0.0980156
0.173471	-0.105323
0.166708	-0.102489
0.16304	-0.085994
0.164563	-0.0790573
0.157814	-0.0818837
0.173897	-0.0620157
0.194757	-0.0672168
0.187121	-0.0452495
0.181622	-0.0187769
0.181296	-0.0359623
0.16989	-0.0727706
0.169038	-0.0682923
0.174403	-0.0704617
0.162056	-0.0601122
0.131387	-0.0780806
0.131502	-0.073645
0.142245	-0.0842174
0.154619	-0.0941394
0.156712	-0.0957978
0.120952	-0.0841234
0.128334	-0.0878044
0.133449	-0.0856657
0.130869	-0.0971396
0.116003	-0.0862896
0.0941246	-0.0865352
0.153968	-0.0976265
0.137773	-0.0899102
0.145627	-0.095946
0.163308	-0.110323
0.183015	-0.102964
0.16126	-0.116651
0.156006	-0.121052
0.161776	-0.122014
0.156455	-0.12232
0.188117	-0.131156
0.200559	-0.132703
0.173579	-0.11992
0.155776	-0.113884
0.162103	-0.128613
0.160074	-0.127063
0.145796	-0.127782
0.131087	-0.123173
0.129359	-0.130727
0.128685	-0.111421
0.13797	-0.104782
0.137295	-0.101483
0.144425	-0.116171
0.147132	-0.112437
0.135495	-0.123968
0.14872	-0.139357
0.135261	-0.134097
0.132344	-0.131191
0.132497	-0.118154
0.131656	-0.12297
0.138686	-0.127589
0.142119	-0.130207
0.120481	-0.100488
0.137548	-0.115935
0.134683	-0.123386
0.134318	-0.123731
0.125403	-0.119916
0.117494	-0.110561
0.0997992	-0.114176
0.0970233	-0.124764
0.0824509	-0.104751
0.0786032	-0.116305
0.0939768	-0.148845
0.121449	-0.153813
0.108346	-0.159114
0.0914157	-0.165325
0.0985852	-0.177629
0.0721353	-0.126492
0.0873587	-0.144939
0.0915751	-0.145398
0.0988511	-0.151645
0.0993925	-0.153067
0.105328	-0.148916
0.0917942	-0.144969
0.0943306	-0.118527
0.0941456	-0.130187
0.107047	-0.137725
0.108703	-0.139863
0.13262	-0.1232
0.137127	-0.132861
0.141793	-0.13299
0.127078	-0.144712
0.126923	-0.144536
0.148239	-0.117667
0.151834	-0.114673
0.156081	-0.140106
0.164688	-0.160293
0.164996	-0.153987
0.162205	-0.136514
0.160263	-0.144653
0.15412	-0.145885
0.149432	-0.144235
0.147925	-0.145341
0.13632	-0.13863
0.138569	-0.13419
0.139174	-0.133243
0.145559	-0.140052
0.154089	-0.128868
0.165174	-0.136456
0.168167	-0.126768
0.180705	-0.108014
0.16753	-0.107335
0.164277	-0.113758
0.182877	-0.0981282
0.22264	-0.0947366
0.210123	-0.0931713
0.204125	-0.0891014
0.199266	-0.0838546
0.196798	-0.0839375
0.188212	-0.0786412
0.184312	-0.0784725
0.198468	-0.0987461
0.178069	-0.0883568
0.180996	-0.0882745
0.172926	-0.0627052
0.175583	-0.053905
0.174152	-0.0571149
0.179202	-0.0575498
0.174697	-0.0701748
0.184627	-0.0667102
0.173231	-0.0586067
0.159037	-0.0494961
0.188395	-0.0451924
0.185725	-0.0431005
0.163194	-0.0168
0.156605	-0.0241081
0.161969	-0.0237674
0.168213	-0.0169545
0.165967	-0.00907765
0.184951	0.0122556
0.185194	0.0117723
0.185459	0.0310976
0.189713	0.0321946
0.206808	0.0368428
0.204438	0.0309374
0.203679	0.0305116
0.185777	0.0234611
0.210518	-0.00208478
0.19497	-0.0210851
0.186212	-0.0198341
0.183406	-0.0247656
0.189465	-0.0115792
0.199144	0.00383313
0.153877	-0.00624037
0.141494	-0.0154643
0.142451	-0.0267866
0.117525	-0.0304534
0.15378	-0.0318379
0.134603	-0.0335704
0.149038	-0.0318603
0.141667	-0.0355847
0.153199	-0.0418203
0.170864	-0.0226849
0.17189	-0.0183479
0.159555	-0.00736926
0.168197	-0.0237838
0.173689	-0.0118546
0.17661	-0.00169914
0.177235	0.00304829
0.157121	0.00264022
0.154629	-0.0109637
0.155401	-0.00489135
0.181201	-0.0149757
0.179664	-0.0220595
0.15541	-0.0207428
0.141208	-0.0437275
0.139679	-0.0548392
0.148713	-0.0590616
0.160319	-0.0581924
0.174549	-0.085136
0.182397	-0.0922443
0.201349	-0.0757121
0.220394	-0.0794526
0.199923	-0.0642796
0.191301	-0.0800418
0.186527	-0.0795081
0.169635	-0.0771597
0.183363	-0.08653
0.178357	-0.08423
0.167903	-0.0783533
0.169111	-0.0796468
0.18342	-0.0803846
0.186959	-0.0822394
0.183572	-0.0852936
0.183611	-0.0843916
0.180157	-0.0729035
0.177188	-0.0740731
0.197929	-0.0912517
0.167224	-0.0862609
0.143498	-0.093269
0.147494	-0.0997976
0.158883	-0.0960277
0.17134	-0.104957
0.160158	-0.102073
0.160018	-0.102122
0.169784	-0.10505
0.179771	-0.119315
0.207649	-0.137265
0.202421	-0.133609
0.199912	-0.126818
0.18907	-0.132063
0.168532	-0.144126
0.146576	-0.128433
0.16356	-0.154141
0.162223	-0.132845
0.154277	-0.13244
0.154683	-0.128384
0.151957	-0.128839
0.152975	-0.125736
0.158858	-0.127104
0.155235	-0.128658
0.159127	-0.127719
0.162505	-0.127528
0.149956	-0.128593
0.145738	-0.142359
0.1362	-0.152286
0.108166	-0.164346
0.118709	-0.171385
0.119382	-0.161873
0.110089	-0.183839
0.120855	-0.194666
0.138511	-0.19329
0.152111	-0.203268
0.139629	-0.188332
0.11623	-0.168477
0.100986	-0.135615
0.109874	-0.149296
0.0893995	-0.163218
0.0834081	-0.170336
0.0816334	-0.171572
0.0806606	-0.158174
0.0859682	-0.156273
0.0827725	-0.16959
0.0862576	-0.155362
0.110114	-0.153899
0.115318	-0.148091
0.110928	-0.151536
0.144996	-0.142598
0.143828	-0.148185
0.140651	-0.145932
0.138914	-0.144563
0.130471	-0.160406
0.108757	-0.162744
0.106928	-0.154734
0.0938732	-0.160972
0.0952761	-0.171259
0.0940684	-0.187441
0.114312	-0.180008
0.112383	-0.177143
0.113763	-0.167241
0.0892255	-0.127474
0.0906468	-0.132339
0.0992324	-0.138342
0.105082	-0.156724
0.119911	-0.15079
0.13294	-0.144955
0.131822	-0.141468
0.141818	-0.150202
0.13527	-0.148453
0.123041	-0.142388
0.130138	-0.134675
0.139712	-0.145707
0.135825	-0.139563
0.102657	-0.131915
0.123004	-0.137219
0.124183	-0.137987
0.130471	-0.135694
0.149952	-0.118898
0.140832	-0.104477
0.179159	-0.111692
0.172659	-0.119602
0.184189	-0.133671
0.179972	-0.128639
0.180428	-0.121044
0.154643	-0.114784
0.150813	-0.123138
0.150672	-0.101984
0.149699	-0.103611
0.154261	-0.128567
0.152867	-0.150415
0.157935	-0.149845
0.15508	-0.144123
0.153655	-0.133718
0.185734	-0.117029
0.186147	-0.108211
0.181919	-0.107507
0.16483	-0.0836277
0.165525	-0.110124
0.157185	-0.112966
0.147698	-0.129519
0.146428	-0.128754
0.125331	-0.120957
0.133151	-0.118705
0.13092	-0.115744
0.119892	-0.122656
0.11324	-0.121977
0.115859	-0.133291
0.106666	-0.138079
0.109765	-0.139224
0.11576	-0.139997
0.118751	-0.148409
0.132308	-0.140809
0.158612	-0.144454
0.161432	-0.154935
0.157553	-0.147284
0.167061	-0.162007
0.167294	-0.157067
0.151459	-0.164963
0.135728	-0.15149
0.132778	-0.149315
0.13212	-0.14869
0.135961	-0.161783
0.133407	-0.156268
0.117654	-0.148844
0.118074	-0.154494
0.132668	-0.152042
0.128692	-0.139715
0.134836	-0.139609
0.131894	-0.13948
0.129794	-0.157273
0.124797	-0.135679
0.129202	-0.133061
0.126641	-0.12179
0.132523	-0.130932
0.139167	-0.12889
0.127919	-0.136261
0.11711	-0.150387
0.127231	-0.148039
0.125092	-0.160788
0.122783	-0.149085
0.0914975	-0.173281
0.0900691	-0.172311
0.0957856	-0.170214
0.0973662	-0.169023
0.0919745	-0.169833
0.0796394	-0.179779
0.0815299	-0.178859
0.0967142	-0.197488
0.0949561	-0.189425
0.0895206	-0.170801
0.086647	-0.192878
0.0851031	-0.190258
0.0789096	-0.20237
0.0494129	-0.178748
0.0182394	-0.159464
0.028571	-0.18373
0.0272246	-0.182997
0.0339928	-0.191989
0.0384832	-0.190435
0.0496651	-0.169933
0.0639455	-0.160467
0.0607721	-0.14938
0.0746952	-0.154833
0.0875819	-0.159711
0.109587	-0.141317
0.107555	-0.13952
0.0944904	-0.138289
0.0834762	-0.149725
0.0904081	-0.152036
0.109472	-0.161934
0.106977	-0.153454
0.116501	-0.128326
0.120735	-0.13255
0.11424	-0.139049
0.105253	-0.120807
0.133809	-0.121228
0.135625	-0.123046
0.151046	-0.146047
0.127451	-0.142442
0.12551	-0.144628
0.12554	-0.145067
0.12725	-0.140558
0.124133	-0.159132
0.124566	-0.174077
0.148879	-0.175544
0.134941	-0.186176
0.127728	-0.178644
0.125086	-0.16759
0.125685	-0.164216
0.123724	-0.157689
0.122316	-0.157373
0.131619	-0.122812
0.144396	-0.116349
0.147973	-0.108722
0.151638	-0.111395
0.150722	-0.0869486
0.183942	-0.0791972
0.181145	-0.0584591
0.176267	-0.0600575
0.172089	-0.0594932
0.179299	-0.0599534
0.172251	-0.0674918
0.162508	-0.0625165
0.150369	-0.0536762
0.140358	-0.0537566
0.155472	-0.029715
0.15012	-0.0429985
0.178909	-0.0545474
0.180112	-0.0389028
0.194299	-0.0363714
0.177809	-0.0232561
0.191688	-0.0179285
0.197495	0.0048409
0.20566	0.00333983
0.199697	0.00632035
0.196185	0.00434162
0.198997	-0.00536634
0.204917	-0.00480468
0.200968	-0.00457219
0.201931	-0.00682826
0.162387	-0.00217989
0.163265	0.00143679
0.170591	-0.00207383
0.180122	0.00139303
0.182007	-0.0170286
0.172425	-0.0139298
0.17963	-0.0145393
0.187259	-0.0121027
0.171176	-0.0157609
0.189216	-0.0143562
0.19006	-0.0253279
0.197141	0.0109993
0.224169	0.017677
0.232274	-0.00706996
0.228078	-0.0139369
0.224284	-0.0134942
0.22486	-0.0178104
0.222601	-0.0113427
0.210871	-0.0137192
0.218379	-0.0331253
0.214192	-0.0535321
0.221561	-0.067496
0.244145	-0.0761394
0.238428	-0.0803821
0.223295	-0.0851021
0.222281	-0.0692578
0.236113	-0.0859345
0.228816	-0.0794116
0.225614	-0.0791503
0.197576	-0.104196
0.180217	-0.132203
0.186367	-0.126637
0.175433	-0.112633
0.167202	-0.100356
0.173421	-0.0964721
0.183997	-0.0920241
0.153741	-0.0834467
0.173219	-0.0824501
0.163411	-0.0758295
0.149091	-0.0729446
0.151489	-0.0752186
0.167768	-0.0870443
0.18469	-0.0764159
0.190587	-0.0828726
0.190936	-0.0826401
0.18727	-0.0955638
0.207659	-0.085561
0.204536	-0.0957002
0.179794	-0.0750139
0.187057	-0.0716613
0.186565	-0.0643193
0.192347	-0.0531838
0.168146	-0.0536527
0.167403	-0.0549302
0.170938	-0.0424607
0.191378	-0.0354938
0.201275	-0.0269392
0.178981	-0.0379497
0.192291	-0.0404119
0.192966	-0.0330176
0.207635	-0.035659
0.207677	-0.0400147
0.195841	-0.0209044
0.217355	-0.029959
0.218182	-0.0600737
0.210356	-0.057
0.188453	-0.0417812
0.194471	-0.0373559
0.198502	-0.0598239
0.197027	-0.0601072
0.193231	-0.0607424
0.200425	-0.0269761
0.203653	-0.0235725
0.19562	-0.0231186
0.195477	-0.0342963
0.179824	-0.041217
0.171819	-0.0444417
0.17837	-0.0500992
0.166063	-0.0301176
0.169534	-0.028969
0.168368	-0.0496048
0.175205	-0.0508075
0.18744	-0.0543917
0.188592	-0.0474607
0.189313	-0.0480549
0.187228	-0.047591
0.205016	-0.0551846
0.192553	-0.0525583
0.197904	-0.054576
0.203021	-0.0357458
0.193616	-0.047282
0.178581	-0.0397069
0.163207	-0.0199564
0.166663	-0.0203746
0.177422	-0.0204791
0.194553	-0.0184034
0.186059	-0.0120494
0.187471	-0.0162664
0.187084	-0.0190679
0.203533	-0.0415665
0.231039	-0.0389251
0.240692	-0.0385159
0.24918	-0.047469
0.231096	-0.0546322
0.224671	-0.0524851
0.200736	-0.0696736
0.201017	-0.0753175
0.198351	-0.0727123
0.207975	-0.0681182
0.220177	-0.0669123
0.213802	-0.0484271
0.206943	-0.0466577
0.204713	-0.0384937
0.197368	-0.0410771
0.18407	-0.0477982
0.182991	-0.0348559
0.181879	-0.0376669
0.190546	-0.0351019
0.19549	-0.0256858
0.19556	-0.0249831
0.183116	-0.0307029
0.18028	-0.0380021
0.18474	-0.0405489
0.173736	-0.0275861
0.194655	-0.0289732
0.195777	-0.0270034
0.183441	-0.0286555
0.190485	-0.0430023
0.189364	-0.0415774
0.186819	-0.0454101
0.172069	-0.0571264
0.173557	-0.055741
0.179565	-0.0429418
0.182232	-0.0415754
0.180029	-0.0382618
0.169598	-0.0340131
0.173549	-0.0327226
0.169879	-0.0362278
0.175785	-0.0202113
0.188035	-0.0197183
0.209584	-0.0169565
0.207756	-0.0157782
0.206087	-0.0157939
0.203404	-0.0157251
0.193725	-0.0205497
0.215466	-0.0343927
0.199297	-0.0193588
0.21483	-0.0186012
0.199629	-0.0147377
0.202443	-0.0208283
0.199621	-0.025352
0.184723	-0.0299256
0.185491	-0.0260999
0.197955	-0.0372456
0.201239	-0.0346687
0.201509	-0.0277132
0.202178	-0.00980173
0.195865	-0.00704275
0.187876	-0.00511305
0.19768	0.0136342
0.189573	0.0136075
0.193857	0.0139664
0.194701	0.012341
0.200886	-0.0127538
0.199605	-0.0115724
0.184278	-0.0129948
0.189308	-0.0121995
0.183285	0.0159785
0.19803	0.00496068
0.174516	0.000918331
0.17811	-0.000329622
0.189508	-0.00703199
0.176343	0.0205689
0.185683	0.0249983
0.179823	-0.00050961
0.182705	-0.000124128
0.18198	0.00899431
0.19524	0.0141291
0.198767	0.00226016
0.197327	0.0136262
0.20499	0.0138416
0.221974	0.000436918
0.21934	-0.0132312
0.214632	-0.0125104
0.210656	-0.0163334
0.202498	0.0174408
0.192713	0.0215327
0.195866	0.00885992
0.212003	-0.00764217
0.210824	-0.00523949
0.203949	-0.00754517
0.216565	-0.0042745
0.190802	0.0192045
0.226784	0.0803096
0.221671	0.0755049
0.209623	0.114541
0.197282	0.100005
0.195394	0.0950583
0.208764	0.0929854
0.217718	0.0919439
0.218499	0.100005
0.215329	0.0998136
0.191477	0.0943839
0.189866	0.0927412
0.16705	0.086551
0.160777	0.116106
0.16433	0.127705
0.168485	0.131316
0.166667	0.125909
0.160677	0.106507
0.161988	0.10977
0.140785	0.110748
0.119989	0.0852664
0.114973	0.0935245
0.112709	0.100004
0.117996	0.105274
0.119606	0.0986481
0.1166	0.106569
0.127647	0.10882
0.128833	0.100857
0.151162	0.0895233
0.160835	0.0784596
0.17645	0.0806503
0.190887	0.0515175
0.193901	0.0486575
0.19213	0.0460326
0.186524	0.0382784
0.235615	0.00811756
0.229268	0.0034385
0.220895	0.0403395
0.210277	0.0225724
0.210178	0.0117438
0.192777	0.00763556
0.188415	0.00922143
0.181596	0.0143445
0.185964	-0.00741854
0.183302	-0.0271516
0.212127	-0.0133693
0.182915	-0.014472
0.190819	-0.0242023
0.180556	-0.03263
0.163716	-0.0333397
0.163754	-0.0383953
0.181515	-0.0216015
0.171429	-0.0264666
0.170404	-0.0289176
0.170653	-0.0309209
0.176172	-0.0411473
0.17457	-0.0439161
0.158963	-0.0622749
0.162717	-0.0629289
0.154822	-0.0608056
0.156733	-0.0581482
0.164492	-0.0673264
0.159087	-0.0785348
0.175804	-0.0888281
0.164099	-0.0982122
0.161606	-0.097242
0.152127	-0.103443
0.163616	-0.0860812
0.168541	-0.0717986
0.179044	-0.0823701
0.179742	-0.0835038
0.175135	-0.0557005
