###  Units are X_hat = 1.73cm.
0.785398
0.784259
0.780821
0.762354
0.857516
0.81965
0.8207
0.758517
0.720075
0.805951
0.801349
0.852394
0.866404
0.949171
0.971475
0.952725
0.945429
0.967627
0.886258
0.95058
0.962751
0.993028
0.902658
0.892877
0.977031
0.889071
0.879094
0.909825
0.88968
0.899903
0.856257
0.865666
0.951049
0.942905
0.865029
0.895987
0.892021
0.935539
0.940912
0.892035
0.887853
0.987089
0.893115
0.826884
0.660845
0.611228
0.615143
0.571027
0.535961
0.528466
0.619447
0.679372
0.640453
0.609203
0.716004
0.704325
0.757379
0.769291
0.776581
0.870679
0.893577
0.794941
0.690548
0.688641
0.751407
0.795351
0.699039
0.723911
0.669472
0.582843
0.550349
0.638106
0.609034
0.651203
0.560361
0.520126
0.502912
0.3718
0.401703
0.485362
0.475003
0.472442
0.461466
0.484632
0.438769
0.530925
0.520421
0.459054
0.369089
0.496619
0.566256
0.572588
0.610327
0.691063
0.669002
0.595787
0.467623
0.483299
0.463563
0.486252
0.523795
0.510167
0.473462
0.382803
0.373387
0.299204
0.303344
0.327456
0.347984
0.284683
0.291571
0.208441
0.196772
0.197906
0.232005
0.246469
0.167292
0.105659
0.113213
0.156934
0.132088
0.222333
0.29199
0.341722
0.300092
0.271118
0.243248
0.236846
0.132186
0.192134
0.260116
0.272194
0.240648
0.246291
0.329592
0.336911
0.303477
0.180153
0.188934
0.243078
0.264093
0.370837
0.408112
0.28805
0.273578
0.312233
0.161635
0.161168
0.186648
0.0899279
0.0952581
0.0891586
0.138251
-0.0194582
0.0431127
0.0357816
0.0119
-0.0214491
-0.0188555
0.0825617
0.0718025
0.0696501
0.316013
0.322321
0.3301
0.332478
0.216506
0.233924
0.273836
0.43981
0.439476
0.350283
0.33647
0.350554
0.35541
0.376883
0.454007
0.52442
0.563028
0.547497
0.465914
0.657941
0.551115
0.542615
0.388718
0.341324
0.33017
0.400984
0.420756
0.395158
0.424951
0.417464
0.416202
0.401663
0.311126
0.397757
0.34529
0.36787
0.331887
0.318652
0.337701
0.356751
0.321021
0.281237
0.345038
0.339949
0.371257
0.331959
0.331682
0.374433
0.442372
0.41611
0.356545
0.361202
0.361005
0.337838
0.418258
0.405662
0.409817
0.53252
0.427444
0.416896
0.442631
0.400359
0.245524
0.237197
0.249937
0.238883
0.339408
0.435972
0.482652
0.492841
0.492872
0.46249
0.44554
0.47231
0.650319
0.653478
0.692056
0.732501
0.777692
0.680921
0.684448
0.654539
0.574216
0.575606
0.570055
0.565173
0.56231
0.562749
0.579893
0.58146
0.565075
0.569665
0.567071
0.646072
0.731798
0.825271
0.597921
0.558892
0.544653
0.556351
0.523492
0.52925
0.479473
0.281574
0.214593
0.261523
0.129432
-0.0338098
-0.0316827
0.020201
0.063951
0.132392
0.129969
0.0786899
0.0784867
0.234763
0.273041
0.447588
0.500107
0.461284
0.477155
0.484896
0.377693
0.361465
0.34776
0.330297
0.241747
0.268059
0.298351
0.261867
0.0207165
0.00746134
-0.0623723
-0.0760995
-0.0625872
-0.0827611
-0.131263
-0.102447
-0.0496009
-0.0237706
-0.00697328
-0.00566593
0.0274755
-0.0496997
-0.0178954
0.0242756
-0.0747999
0.000274014
0.0425064
0.0484728
0.0569956
0.0267466
-0.0795621
-0.0875561
-0.129536
-0.137661
-0.137379
-0.150675
-0.188376
-0.0459785
-0.0623148
0.0198209
0.0124138
0.0293809
0.0520399
0.0300421
0.102668
0.105626
0.0677928
0.125882
0.0887817
0.0675064
0.0350929
0.0234622
0.0279649
0.0296865
0.00638054
0.00447798
0.000686832
0.0438163
0.149786
0.172548
0.164507
0.177405
0.122643
0.09791
0.12306
0.226612
0.202494
0.206155
0.148685
0.245013
0.23446
0.177467
0.166395
0.189921
0.230198
0.158164
0.144182
0.127481
0.1042
0.139853
0.188803
0.249738
0.246688
0.358247
0.361566
0.428384
0.349213
0.377479
0.363912
0.350812
0.36036
0.335896
0.327553
0.364289
0.34414
0.394471
0.278478
0.223511
0.177784
0.143845
0.115603
0.0688628
0.087195
0.049113
-0.089503
-0.132402
-0.113223
-0.178053
-0.187921
-0.114623
-0.179267
-0.165
-0.160264
-0.137439
-0.116574
-0.0689779
-0.0320963
-0.0642548
-0.0127541
-0.0156864
-0.166579
-0.0805516
-0.0695718
0.12781
0.0842517
0.0555126
0.0631392
-0.0340151
-0.0490868
-0.0524809
-0.0152301
-0.0152578
-0.0764721
-0.0576593
-0.0477431
0.0642736
0.0271278
0.0247097
0.0411333
0.0494505
0.103989
-0.0248538
-0.0242597
-0.0128086
0.00209541
0.0351382
0.0999217
0.0652369
-0.00455503
-0.00744319
-0.0201585
-0.0232815
-0.160675
-0.158435
-0.146149
-0.141926
-0.076116
-0.0746048
-0.0762469
0.000595908
0.000390669
-0.00300088
-0.0473739
-0.0818465
-0.067193
-0.0721676
-0.0536969
0.0289606
0.0248327
0.00757571
-0.100482
-0.170345
-0.171216
-0.191748
-0.190014
-0.175985
-0.18453
-0.200397
-0.162168
-0.088695
-0.136447
-0.13503
-0.119478
-0.169106
-0.0537382
-0.00692116
0.0980429
0.0655419
0.0863967
0.093336
0.014312
0.0274023
0.0522292
0.336949
0.352325
0.370269
0.2084
0.201504
0.234112
0.332018
0.263126
0.526709
0.524686
0.579904
0.421587
0.381258
0.373746
0.381728
0.474467
0.476578
0.487751
0.402851
0.457514
0.428619
0.366997
0.438278
0.494175
0.503656
0.470301
0.436211
0.458191
0.433693
0.424992
0.380471
0.441057
0.309274
0.29573
0.338237
0.334758
0.334265
0.287539
0.292068
0.307691
0.304736
0.252272
0.34674
0.398364
0.368505
0.379293
0.357763
0.412253
0.41532
0.381814
0.358573
0.341542
0.47241
0.437895
0.419756
0.444573
0.462259
0.428284
0.506344
0.504041
0.49238
0.43874
0.376104
0.325637
0.310194
0.246581
0.200653
0.221409
0.216628
0.350334
0.305861
0.342447
0.295459
0.279467
0.277144
0.268924
0.302796
0.297603
0.290457
0.293558
0.29754
0.292587
0.239166
0.236218
0.216549
0.240468
0.195718
0.23144
0.139104
0.0161611
0.0578653
0.112482
0.22701
0.127723
0.159638
0.046834
0.0226752
-0.00421398
-0.0390862
-0.244338
-0.243929
-0.243543
-0.285071
-0.193348
-0.229143
-0.112251
-0.116695
-0.0349192
-0.0350934
-0.0519711
0.00191253
0.0164118
0.0250009
0.0518123
0.0731091
-0.0200934
0.00365779
-0.132964
-0.0669709
-0.0445225
0.0062403
0.0349153
0.0995842
0.164044
0.248799
0.120421
0.162825
0.193874
0.190243
0.19281
0.267723
0.218983
0.150656
0.0766775
0.0831438
0.0867503
0.180323
0.197344
0.187289
0.187072
0.110452
0.166973
0.0937065
0.0819185
0.151649
0.141512
0.141863
0.172445
0.159453
0.233366
0.204854
0.108364
0.107019
0.000952679
0.0058612
0.024367
0.0710479
0.0735047
0.090721
0.0410598
-0.0159279
-0.00363007
0.0786669
0.0897228
0.0440936
-0.00119414
0.0596531
0.162135
0.152906
0.156798
0.177853
0.0189583
-0.0181396
-0.0330509
-0.0946987
-0.0656625
-0.0137543
-0.0216137
-0.0266288
-0.113509
-0.126019
-0.128823
-0.219094
-0.249014
-0.254307
-0.290207
-0.366836
-0.364856
-0.394897
-0.450205
-0.525741
-0.549067
-0.512436
-0.545
-0.553559
-0.559731
-0.537452
-0.510661
-0.537279
-0.481845
-0.433696
-0.539238
-0.807177
-0.788092
-0.948348
-1.0709
-1.05249
-1.05911
-1.00217
-1.00674
-1.06833
-1.07144
-1.1072
-1.2349
-1.24861
-1.2332
-1.25595
-1.27711
-1.27697
-1.26535
-1.20653
-1.24456
-1.35421
-1.36833
-1.27744
-1.30179
-1.32795
-1.28009
-1.52598
-1.4317
-1.58043
-1.58962
-1.61399
-1.73494
-1.72023
-1.69402
-1.74166
-1.79741
-1.73036
-1.71718
-1.72545
-1.76895
-1.82344
-1.67552
-1.55748
-1.59861
-1.57494
-1.6297
-1.64567
-1.65175
-1.67478
-1.87485
-1.82989
-1.79205
-1.85866
-1.86192
-1.85584
-1.84401
-1.86932
-1.88235
-1.91281
-1.88398
-2.03771
-2.11884
-2.10868
-2.08184
-2.13388
-2.05296
-1.97635
-2.168
-2.17866
-2.15443
-2.1961
-2.20014
-2.29638
-2.23231
-2.13868
-2.16893
-2.09885
-2.13846
-2.03831
-2.07213
-2.08444
-2.12163
-2.11892
-2.12314
-2.12012
-2.13196
-2.09504
-1.95915
-1.94942
-1.97109
-1.96625
-1.98488
-1.97692
-2.01131
-1.9822
-2.00828
-2.16849
-2.27088
-2.31549
-2.55643
-2.59451
-2.58577
-2.53538
-2.44374
-2.49166
-2.44564
-2.43612
-2.4438
-2.52531
-2.53745
-2.50138
-2.38956
-2.34276
-2.30759
-2.33325
-2.36509
-2.45534
-2.35341
-2.3841
-2.39089
-2.31163
-2.27871
-2.29641
-2.3597
-2.29354
-2.25754
-2.26203
-2.26483
-2.26595
-2.2471
-2.25511
-2.1901
-2.23885
-2.33673
-2.34223
-2.23311
-2.35837
-2.36128
-2.18938
-2.46237
-2.46747
-2.41556
-2.46105
-2.50185
-2.4993
-2.55295
-2.67295
-2.78226
-2.72043
-2.73159
-2.75333
-2.77158
-2.71489
-2.72305
-2.74296
-2.7137
-2.66999
-2.70399
-2.68865
-2.75259
-2.69311
-2.67639
-2.68157
-2.68761
-2.71537
-2.75644
-2.726
-2.73052
-2.72856
-2.74488
-2.74614
-2.88403
-2.94076
-2.98732
-2.99065
-3.01015
-3.09464
-3.00826
-3.05756
-2.92973
-2.902
-2.79847
-2.81407
-2.79425
-2.79874
-2.85685
-2.85231
-2.84394
-2.87653
-2.92538
-2.9401
-3.04324
-2.97843
-2.98641
-2.94307
-2.86591
-2.89293
-2.91823
-2.83782
-2.79363
-2.81563
-2.87397
-2.88469
-2.87927
-2.97732
-3.0216
-2.9193
-2.89625
-2.91597
-2.87231
-2.85345
-2.8293
-2.92239
-2.85115
-2.75541
-2.73914
-2.69604
-2.69899
-2.68265
-2.52104
-2.58336
-2.70587
-2.676
-2.82205
-2.79481
-2.74719
-2.75824
-2.75986
-2.77497
-2.75733
-2.68922
-2.78007
-2.78171
-2.73437
-2.629
-2.55112
-2.47498
-2.44678
-2.4136
-2.34252
-2.38449
-2.38151
-2.43063
-2.42988
-2.52327
-2.36173
-2.37372
-2.34201
-2.2561
-2.23131
-2.20528
-2.20778
-2.16608
-2.13786
-2.12019
-2.10453
-2.03408
-2.02694
-2.0104
-1.94634
-1.84459
-1.82033
-1.8035
-1.91054
-1.89296
-1.89475
-2.07646
-2.05827
-2.14408
-2.13365
-2.01648
-1.98107
-1.96617
-1.95018
-1.90916
-1.87845
-1.86805
-1.85183
-1.92508
-1.94088
-1.81932
-1.80266
-1.64448
-1.62289
-1.62591
-1.69026
-1.66765
-1.65447
-1.4727
-1.48976
-1.48573
-1.54083
-1.46276
-1.38596
-1.36876
-1.3439
-1.29646
-1.37475
-1.40846
-1.45714
-1.39529
-1.39333
-1.36966
-1.21459
-1.14274
-1.06235
-1.03504
-1.12534
-1.09097
-1.14445
-0.964793
-0.962727
-0.936924
-0.778902
-0.767605
-0.743438
-0.866022
-0.859646
-0.875202
-0.873455
-0.958706
-0.970601
-1.01415
-1.02757
-0.988647
-0.921979
-0.871987
-0.834975
-0.708421
-0.648396
-0.636938
-0.665921
-0.577542
-0.514457
-0.518333
-0.49983
-0.501421
-0.465118
-0.510331
-0.487337
-0.504592
-0.468013
-0.44425
-0.479118
-0.544717
-0.480696
-0.471643
-0.473009
-0.489761
-0.496183
-0.385687
-0.341852
-0.284029
-0.354291
-0.245767
-0.243182
-0.195459
-0.201265
-0.161518
-0.175846
-0.149319
-0.263124
-0.253934
-0.285258
-0.29592
-0.276748
-0.325385
-0.458189
-0.613174
-0.535651
-0.594136
-0.582617
-0.641775
-0.804239
-0.77892
-0.823914
-0.814281
-0.890755
-0.893697
-0.884654
-0.861937
-0.91406
-0.937344
-1.08023
-1.01013
-1.08283
-1.12822
-1.06063
-1.10028
-1.03443
-1.03646
-1.04789
-0.960012
-1.03089
-1.03373
-1.07498
-0.99401
-0.960693
-0.830274
-0.846236
-0.865683
-0.946824
-0.990392
-1.02752
-0.889427
-0.906126
-0.891032
-0.907935
-0.821853
-0.832999
-0.867167
-0.813354
-0.780857
-0.774964
-0.686767
-0.718091
-0.674107
-0.793109
-0.803968
-0.782311
-0.814065
-0.860413
-0.895038
-0.826545
-0.833438
-0.838937
-0.865759
-0.893664
-0.913464
-0.912542
-0.821253
-1.09521
-1.11218
-1.128
-1.02316
-1.00693
-0.846894
-0.858789
-1.05661
-1.08336
-1.09128
-1.24464
-1.25556
-1.2449
-1.26026
-1.36319
-1.20695
-1.19265
-1.20704
-1.14875
-1.07766
-0.979037
-1.09619
-1.12303
-1.2098
-1.33799
-1.29953
-1.27557
-1.28187
-1.2947
-1.28587
-1.35693
-1.41133
-1.47692
-1.49809
-1.48027
-1.42531
-1.53634
-1.67666
-1.71513
-1.66051
-1.65274
-1.5122
-1.50446
-1.54334
-1.55297
-1.57122
-1.59332
-1.62176
-1.70703
-1.73373
-1.74162
-1.85416
-1.92403
-1.80321
-1.76029
-1.69761
-1.84378
-1.7993
-1.76569
-1.77896
-1.79506
-1.84073
-1.95747
-1.95799
-1.95831
-1.88847
-1.70717
-1.73832
-1.71422
-1.78951
-1.79746
-1.71277
-1.70718
-1.71957
-1.68122
-1.76815
-1.94286
-1.94091
-1.96553
-1.98644
-1.98094
-2.02263
-2.2227
-2.2071
-2.18933
-2.28327
-2.27909
-2.28134
-2.36589
-2.34526
-2.35951
-2.50641
-2.48502
-2.51842
-2.59802
-2.59493
-2.6022
-2.60749
-2.61756
-2.5564
-2.44053
-2.44728
-2.45585
-2.49099
-2.52151
-2.42617
-2.40069
-2.47463
-2.48243
-2.63975
-2.71383
-2.68628
-2.73665
-2.76879
-2.64162
-2.49434
-2.55355
-2.42827
-2.43833
-2.44751
-2.42507
-2.46631
-2.45185
-2.49773
-2.48361
-2.48934
-2.55657
-2.54827
-2.57281
-2.52553
-2.57929
-2.54264
-2.55399
-2.55597
-2.57885
-2.62028
-2.65156
-2.60479
-2.58391
-2.58527
-2.52487
-2.51376
-2.51915
-2.47783
-2.46948
-2.47886
-2.55264
-2.53237
-2.52017
-2.48837
-2.51821
-2.52009
-2.51454
-2.48208
-2.50028
-2.50055
-2.48961
-2.46209
-2.49285
-2.45482
-2.55222
-2.54688
-2.4302
-2.41085
-2.42213
-2.41276
-2.39964
-2.28878
-2.15992
-2.16227
-2.08764
-2.09818
-2.08696
-2.12183
-2.03143
-1.99646
-1.90101
-1.88468
-1.83346
-1.86747
-1.83418
-1.81429
-1.81467
-1.82722
-1.80384
-1.80276
-1.83453
-1.84473
-1.86353
-1.84225
-1.80025
-1.78129
-1.96397
-2.00212
-2.0851
-2.12818
-2.15921
-2.13401
-2.14176
-2.13917
-2.03456
-2.03527
-2.01502
-1.95033
-1.95603
-1.96591
-2.02995
-1.94857
-1.88873
-1.8072
-1.75558
-1.70222
-1.66929
-1.74527
-1.72422
-1.69459
-1.67675
-1.59039
-1.55672
-1.55366
-1.52051
-1.43304
-1.412
-1.39667
-1.39291
-1.43565
-1.47079
-1.45301
-1.62778
-1.56825
-1.5653
-1.56126
-1.49761
-1.51194
-1.51886
-1.51597
-1.52021
-1.49324
-1.49726
-1.48461
-1.49583
-1.47931
-1.47005
-1.45048
-1.48785
-1.47246
-1.45044
-1.34358
-1.32845
-1.30474
-1.40616
-1.51776
-1.50855
-1.4969
-1.55202
-1.54997
-1.53397
-1.60296
-1.62229
-1.68421
-1.7372
-1.55229
-1.52736
-1.51268
-1.47838
-1.46196
-1.43168
-1.42668
-1.42492
-1.41611
-1.26403
-1.15955
-0.984323
-0.954505
-0.974507
-1.01524
-0.977729
-0.912907
-0.860134
-0.865921
-0.870044
-0.889501
-0.86387
-0.834512
-0.733712
-0.842028
-0.837937
-0.847433
-0.823256
-0.756207
-0.703676
-0.741313
-0.751915
-0.727173
-0.744484
-0.730611
-0.74298
-0.611754
-0.609653
-0.607559
-0.427989
-0.554318
-0.51717
-0.558162
-0.570509
-0.595127
-0.589488
-0.625782
-0.570267
-0.5479
-0.474408
-0.421889
-0.547038
-0.527561
-0.47979
-0.476866
-0.524002
-0.50811
-0.564468
-0.566595
-0.609865
-0.504686
-0.517382
-0.527077
-0.556327
-0.599322
-0.598832
-0.55644
-0.555616
-0.520409
-0.615513
-0.64696
-0.550041
-0.531275
-0.563344
-0.570414
-0.598099
-0.657115
-0.710976
-0.754389
-0.824268
-0.886213
-0.961761
-0.992123
-1.05374
-1.01538
-1.08329
-1.18634
-1.21629
-1.2057
-1.18442
-1.19644
-1.2128
-1.22481
-1.25895
-1.28005
-1.24358
-1.42245
-1.40896
-1.4179
-1.54249
-1.51859
-1.51294
-1.49424
-1.5347
-1.47917
-1.52284
-1.55749
-1.5456
-1.58345
-1.58824
-1.54634
-1.56018
-1.57122
-1.56046
-1.55832
-1.58604
-1.68081
-1.69001
-1.84551
-1.81767
-1.87585
-1.91874
-1.88382
-2.00836
-1.8979
-1.78214
-1.71909
-1.67871
-1.59907
-1.62745
-1.62958
-1.68665
-1.70259
-1.64931
-1.64705
-1.70416
-1.68452
-1.70608
-1.72094
-1.70872
-1.72746
-1.72805
-1.83541
-1.77148
-1.78158
-1.8957
-1.91226
-2.00305
-2.06711
-2.1538
-2.08957
-2.08825
-2.06696
-2.00901
-2.11353
-2.03664
-2.16881
-2.21317
-2.21556
-2.20288
-2.21362
-2.28673
-2.35498
-2.19933
-2.39999
-2.428
-2.4637
-2.28508
-2.33715
-2.37836
-2.43262
-2.50097
-2.46792
-2.57196
-2.65249
-2.63187
-2.6739
-2.68197
-2.6888
-2.6765
-2.68768
-2.68164
-2.63689
-2.6398
-2.63076
-2.66419
-2.59112
-2.441
-2.44826
-2.46396
-2.40963
-2.37628
-2.31806
-2.32778
-2.29129
-2.31397
-2.19856
-2.27648
-2.25767
-2.27251
-2.22444
-2.24903
-2.23053
-2.20708
-2.20291
-2.16845
-2.19237
-2.13504
-2.28026
-2.31048
-2.33766
-2.2745
-2.23209
-2.19065
-2.29628
-2.2693
-2.24629
-2.23595
-2.17934
-2.03714
-2.0397
-2.07054
-2.14729
-2.14426
-2.02474
-2.04814
-2.0326
-1.93478
-1.88107
-1.88432
-1.84155
-1.73098
-1.72246
-1.65586
-1.51266
-1.49279
-1.46371
-1.45765
-1.52616
-1.53128
-1.54997
-1.53983
-1.51277
-1.4891
-1.4462
-1.42165
-1.39113
-1.38281
-1.24628
-1.24134
-1.21444
-1.29845
-1.35628
-1.22195
-1.20859
-1.19373
-1.21901
-1.26954
-1.22432
-1.15319
-1.13873
-1.14366
-1.05328
-1.03447
-0.970059
-0.925265
-0.924704
-0.880468
-0.907049
-0.901724
-0.90061
-0.80302
-0.688264
-0.581824
-0.529403
-0.625997
-0.641141
-0.641297
-0.636591
-0.538141
-0.401155
-0.402376
-0.271753
-0.254514
-0.187064
-0.209346
-0.237948
-0.223191
-0.203042
-0.109773
-0.105837
-0.0635686
0.073985
0.119703
-0.0318178
-0.0423519
-0.0870962
-0.0939357
-0.0979712
0.00193542
-0.0944859
-0.0858025
-0.110574
-0.111424
-0.116976
-0.0539674
0.0841721
0.239843
0.30884
0.20757
0.198646
0.28572
0.286321
0.295577
0.223499
0.267871
0.273624
0.273107
0.356792
0.30742
0.319294
0.183914
0.150112
0.206765
0.171339
0.299012
0.268453
0.275472
0.145676
0.290088
0.384033
0.481663
0.331216
0.326635
0.387748
0.510143
0.560471
0.530231
0.562086
0.586968
0.537758
0.59792
0.53953
0.488665
0.490788
0.54985
0.606272
0.546604
0.67627
0.68934
0.720955
0.686103
0.728243
0.742286
0.725112
0.756043
0.746274
0.832506
0.864926
0.900695
0.934649
0.885864
0.879539
0.895587
1.03926
1.0763
1.17028
1.18479
1.15904
1.2766
1.17493
1.18196
1.21552
1.2639
1.25435
1.25769
1.18362
1.30668
1.31559
1.32548
1.55103
1.56289
1.68318
1.73077
1.79379
1.78816
1.77317
1.76999
1.83297
1.81879
1.9345
1.94811
1.84498
1.9642
1.93779
1.93771
1.88258
1.82612
1.86825
1.90304
1.96458
1.88298
1.83919
1.73536
1.77113
1.81951
1.84738
1.77779
1.85818
1.9657
2.05696
1.98715
1.99329
2.00909
2.0727
2.09131
2.15959
2.11039
2.07598
2.0768
2.04246
2.07588
2.07416
2.07143
2.17267
2.18572
2.18031
2.14275
2.14866
2.16558
2.21094
2.2621
2.32334
2.32875
2.29677
2.22403
2.10916
2.11841
2.20057
2.21875
2.40998
2.38904
2.37163
2.42145
2.46266
2.60887
2.68711
2.69115
2.63765
2.65472
2.57465
2.58145
2.52468
2.40912
2.37267
2.33883
2.34831
2.48586
2.51435
2.46814
2.42614
2.40359
2.41334
2.37384
2.3871
2.34755
2.37342
2.45781
2.46384
2.45054
2.46338
2.53406
2.53612
2.54127
2.54702
2.55541
2.57103
2.6233
2.62884
2.63938
2.5749
2.58629
2.6459
2.60053
2.59934
2.6036
2.74305
2.75036
2.76009
2.80867
2.78891
2.6954
2.67807
2.738
2.76777
2.92655
2.95527
2.95813
2.97623
2.98754
2.99796
2.93905
2.90554
2.92168
3.11064
3.05838
-3.11625
-3.07394
-2.96329
-2.92676
-2.76126
-2.73322
-2.64729
-2.63962
-2.64801
-2.58401
-2.51795
-2.52934
-2.5619
-2.56143
-2.48051
-2.42669
-2.41994
-2.27499
-2.30033
-2.32425
-2.32502
-2.30438
-2.23092
-2.23767
-2.21878
-2.22706
-2.10731
-2.09098
-2.12586
-2.14907
-2.03292
-2.05706
-2.03758
-2.00239
-2.02522
-1.99335
-1.98384
-2.01433
-1.97382
-1.9547
-1.86699
-1.82214
-1.79557
-1.74626
-1.74785
-1.79587
-1.72496
-1.72126
-1.6386
-1.63197
-1.63399
-1.56609
-1.5329
-1.48063
-1.42418
-1.49634
-1.51345
-1.47483
-1.42535
-1.40082
-1.66494
-1.7629
-1.85914
-1.88575
-1.86463
-1.87202
-1.83197
-1.84921
-1.89689
-1.85413
-1.77211
-1.74458
-1.81633
-1.79368
-1.74485
-1.75911
-1.74859
-1.70505
-1.50279
-1.48891
-1.54919
-1.50371
-1.48485
-1.50817
-1.52758
-1.59235
-1.5835
-1.67807
-1.71715
-1.72006
-1.69845
-1.64276
-1.5914
-1.60276
-1.50638
-1.40968
-1.37005
-1.40516
-1.38829
-1.35877
-1.33682
-1.33138
-1.31199
-1.2843
-1.29342
-1.44092
-1.41344
-1.32313
-1.27026
-1.30928
-1.34216
-1.54518
-1.52367
-1.48396
-1.45867
-1.46977
-1.46719
-1.37439
-1.44547
-1.42627
-1.40669
-1.40568
-1.39381
-1.36321
-1.34793
-1.27028
-1.25883
-1.38901
-1.29028
-1.29498
-1.32007
-1.31452
-1.20742
-1.23814
-1.31956
-1.31575
-1.28532
-1.27413
-1.16999
-1.14889
-1.11494
-1.10719
-1.17229
-1.18378
-1.22052
-1.21096
-1.17025
-1.16709
-1.15092
-1.10233
-0.990332
-0.968675
-0.971378
-0.870213
-0.85422
-0.880013
-0.87436
-0.864391
-0.775988
-0.703553
-0.672328
-0.645004
-0.633106
-0.620479
-0.595973
-0.635596
-0.686964
-0.678696
-0.616307
-0.639959
-0.658529
-0.476691
-0.451118
-0.431594
-0.453163
-0.464041
-0.464763
-0.514637
-0.555718
-0.553667
-0.413945
-0.413501
-0.414166
-0.381214
-0.432013
-0.345806
-0.36388
-0.304262
-0.322495
-0.37265
-0.366903
-0.349971
-0.394017
-0.391538
-0.430392
-0.439759
-0.457728
-0.453446
-0.683717
-0.78032
-0.790958
-0.673433
-0.78097
-0.77902
-0.788529
-0.803286
-0.816013
-0.738632
-0.693998
-0.669535
-0.743984
-0.809668
-0.806686
-0.823804
-0.832603
-0.890669
-0.855131
-0.816046
-0.741543
-0.743907
-0.783778
-0.698277
-0.571932
-0.566053
-0.469842
-0.501011
-0.446692
-0.454691
-0.499437
-0.539274
-0.591296
-0.630409
-0.616499
-0.665606
-0.702923
-0.682345
-0.703274
-0.743645
-0.717273
-0.695439
-0.598235
-0.630265
-0.626602
-0.588069
-0.644584
-0.628407
-0.628554
-0.696688
-0.779213
-0.73803
-0.788172
-0.895795
-0.820858
-0.775119
-0.764853
-0.751733
-0.773917
-0.704824
-0.475193
-0.32087
-0.273646
-0.27776
-0.330289
-0.205204
-0.150798
-0.101829
-0.133179
-0.103955
-0.185393
-0.261888
-0.296065
-0.23118
-0.231733
-0.281519
-0.305728
-0.328962
-0.378788
-0.449405
-0.462225
-0.485271
-0.426362
-0.382643
-0.390649
-0.270517
-0.278733
-0.280458
-0.308833
-0.363939
-0.454088
-0.457613
-0.368896
-0.279315
-0.265219
-0.345824
-0.417029
-0.393548
-0.441406
-0.4272
-0.434808
-0.549379
-0.496322
-0.51653
-0.566147
-0.598562
-0.717995
-0.687295
-0.776817
-0.827675
-0.807
-0.896747
-0.938091
-0.910909
-1.00808
-0.980261
-1.01833
-1.00326
-1.06285
-1.11078
-1.11973
-1.20701
-1.1474
-1.17552
-1.15888
-1.18981
-1.18106
-1.15941
-1.19886
-1.30327
-1.36581
-1.37198
-1.37304
-1.37451
-1.31507
-1.32079
-1.31648
-1.33278
-1.35367
-1.19722
-1.30048
-1.34898
-1.36663
-1.34242
-1.40824
-1.4017
-1.4161
-1.4446
-1.44525
-1.45682
-1.5453
-1.56718
-1.61405
-1.68221
-1.62581
-1.56016
-1.58295
-1.59004
-1.60407
-1.61029
-1.55114
-1.43265
-1.44183
-1.39215
-1.50369
-1.60929
-1.61231
-1.60321
-1.61275
-1.68963
-1.69294
-1.70582
-1.64695
-1.64439
-1.69691
-1.76766
-1.93785
-2.04736
-2.03546
-2.09667
-2.17613
-2.21812
-2.24359
-2.24744
-2.23871
-2.27165
-2.20431
-2.24219
-2.24711
-2.17823
-2.15068
-2.29343
-2.32252
-2.25273
-2.12307
-2.11239
-2.14811
-2.16061
-2.19397
-2.13321
-2.14681
-2.08209
-2.06603
-2.05203
-2.09084
-2.13163
-2.12873
-2.14397
-2.2211
-2.23415
-2.20605
-2.19801
-2.21025
-2.32424
-2.38025
-2.3781
-2.38151
-2.5169
-2.72693
-2.73277
-2.68189
-2.74241
-2.72141
-2.68666
-2.5231
-2.53522
-2.60129
-2.58889
-2.65642
-2.66459
-2.68481
-2.71052
-2.76121
-2.62067
-2.62362
-2.68784
-2.69398
-2.70328
-2.63771
-2.7926
-2.8443
-2.76794
-2.86072
-2.93004
-2.91985
-2.92607
-2.90844
-2.87363
-2.83141
-2.83614
-2.97356
-2.97634
-3.0046
-3.05792
-3.022
-3.04891
-3.04084
-3.10318
-3.10333
-3.05559
-3.05843
-3.03141
-3.04043
-3.05988
-3.00513
-2.97155
-2.94293
-2.98418
-2.9689
-2.87237
-2.8577
-2.86345
-2.78725
-2.66868
-2.67086
-2.63161
-2.62816
-2.58728
-2.6652
-2.65244
-2.63609
-2.61648
-2.62936
-2.66695
-2.68457
-2.67169
-2.66965
-2.61978
-2.60433
-2.60261
-2.68853
-2.70161
-2.54966
-2.58496
-2.56315
-2.56962
-2.55098
-2.55017
-2.52774
-2.5347
-2.56357
-2.64317
-2.64004
-2.69986
-2.70484
-2.8306
-2.87701
-2.66919
-2.6412
-2.63309
-2.60466
-2.51238
-2.51555
-2.59577
-2.65707
-2.68002
-2.74586
-2.73655
-2.72089
-2.71779
-2.74048
-2.72685
-2.73793
-2.73199
-2.78956
-2.78372
-2.74413
-2.71512
-2.72989
-2.86246
-2.94012
-2.9317
-2.91904
-2.97006
-2.97229
-2.98347
-3.02005
-2.95345
-2.91771
-2.90857
-2.96518
-2.94591
-2.8799
-2.80117
-2.81785
-2.70737
-2.73239
-2.70838
-2.77066
-2.78352
-2.77708
-2.68567
-2.68007
-2.67628
-2.66446
-2.73043
-2.70976
-2.71985
-2.66073
-2.60191
-2.70791
-2.68554
-2.624
-2.46761
-2.43669
-2.46912
-2.46124
-2.4741
-2.34972
-2.41244
-2.38533
-2.33059
-2.21592
-2.18832
-2.14247
-2.06961
-2.10247
-2.06888
-1.98572
-1.93583
-1.89483
-1.79935
-1.73116
-1.70724
-1.74799
-1.6426
-1.60524
-1.55299
-1.58536
-1.67732
-1.6672
-1.69422
-1.5887
-1.58046
-1.56851
-1.62888
-1.65628
-1.65636
-1.61361
-1.54366
-1.49535
-1.32023
-1.34394
-1.34606
-1.2969
-1.30363
-1.35904
-1.29599
-1.26828
-1.21922
-1.2636
-1.37891
-1.36391
-1.43451
-1.44423
-1.34254
-1.32155
-1.23172
-1.24641
-1.16081
-1.13029
-1.00206
-1.05353
-1.04208
-1.12066
-1.10886
-1.14666
-1.1744
-1.26791
-1.26171
-1.23123
-1.27696
-1.2795
-1.382
-1.29491
-1.0302
-0.941853
-0.944807
-0.845619
-0.917293
-0.856024
-0.832888
-0.812984
-0.797811
-0.824483
-0.847869
-0.863915
-0.894552
-0.84757
-0.943567
-0.955298
-0.883605
-0.912255
-0.885994
-0.807005
-0.960821
-0.982155
-0.958117
-0.944763
-0.930363
-0.901478
-0.849384
-0.86037
-0.786816
-0.781924
-0.776546
-0.719871
-0.734028
-0.719427
-0.824087
-0.828694
-0.925086
-0.928005
-0.875704
-0.798399
-0.779945
-0.715495
-0.810884
-0.802371
-0.73815
-0.742863
-0.730228
-0.742982
-0.769959
-0.764897
-0.68072
-0.669088
-0.740498
-0.692742
-0.651116
-0.649969
-0.642496
-0.639284
-0.508978
-0.432371
-0.378363
-0.374129
-0.404019
-0.434124
-0.432825
-0.484351
-0.48769
-0.406902
-0.400619
-0.456914
-0.439817
-0.508177
-0.549556
-0.580781
-0.421873
-0.398593
-0.378877
-0.296731
-0.326768
-0.348293
-0.370322
-0.331271
-0.241505
-0.0732449
-0.0706835
-0.0686955
-0.0552867
-0.0605996
-0.0574192
-0.0591904
-0.0299141
-0.0377005
-0.0448376
0.0159523
0.037415
0.0101193
0.0519135
0.0514679
0.0438133
0.00822958
-0.136718
-0.171704
-0.253228
-0.156435
-0.0627374
-0.114481
-0.188805
-0.146601
-0.142677
-0.0464393
-0.0402361
0.188432
0.103751
0.14816
0.16008
0.075375
0.074407
0.025954
-0.00594037
-0.0738194
-0.10822
-0.107075
-0.0380752
-0.025656
0.0130871
-0.0101419
0.0210795
0.0568516
-0.0289575
-0.0879265
0.0238558
-0.0454218
-0.0173167
0.0553341
0.0357204
0.0414468
0.0834978
0.0530174
0.0718141
-0.0282672
0.159675
0.0908636
0.151086
0.173308
0.108626
-0.0123115
-0.0348384
-0.0507035
-0.0113983
-0.0305727
-0.0685446
-0.0568882
-0.0804089
-0.0628538
-0.0149345
-0.0197542
-0.0342848
0.0414497
0.0535661
0.0171666
0.0164684
-0.0575851
-0.128793
-0.138381
-0.178395
-0.235575
-0.150138
-0.115398
-0.0810831
-0.0532237
-0.117901
0.0582892
0.0713021
0.118392
0.176085
0.190051
0.20463
0.231807
0.258998
0.173603
0.115876
0.117545
0.252461
0.371487
0.374295
0.32829
0.234556
0.18593
0.0984861
0.191316
0.206318
0.264048
0.0764426
-0.0307023
-0.0308667
-0.038828
0.0423965
0.0712403
0.069064
0.13956
0.0666705
0.12401
0.150061
0.15606
0.207338
0.279492
0.353875
0.26095
0.226379
0.253812
0.328112
0.387327
0.366894
0.324002
0.328327
0.32997
0.403235
0.379627
0.437678
0.392751
0.407848
0.338716
0.389318
0.387439
0.519598
0.469437
0.48342
0.453242
0.332729
0.316477
0.229336
0.300446
0.278324
0.201118
0.197052
0.265871
0.199546
0.133836
0.194967
0.225572
0.327078
0.311735
0.295251
0.249538
0.170372
0.168181
0.182302
0.22338
0.263093
0.249669
0.206992
0.262118
0.248013
0.224973
0.152933
0.180803
0.137803
0.207611
0.212098
0.279372
0.156837
0.11199
0.1234
0.112814
0.151771
0.132029
0.165391
0.163608
0.189588
0.27939
0.191287
0.181482
0.18511
0.200785
0.182317
0.209799
0.234189
0.201017
0.201409
0.195811
0.171823
0.234519
0.195746
0.149581
0.334359
0.343605
0.278117
0.330539
0.326778
0.377421
0.376961
0.383782
0.481027
0.452552
0.466656
0.484799
0.455857
0.461076
0.332897
0.319409
0.284025
0.198121
0.105924
0.0707654
0.0732097
0.0250173
0.0600032
0.0578995
0.0463672
0.0342658
-0.0143667
-0.012629
-0.0367082
-0.0396812
-0.0359731
0.026609
0.0115017
-0.0549168
-0.0515003
-0.0601033
-0.0326779
-0.089193
-0.0782135
-0.20166
-0.246881
-0.42701
-0.427891
-0.368408
-0.378053
-0.404379
-0.437079
-0.440743
-0.442265
-0.448305
-0.477981
-0.553669
-0.544641
-0.548833
-0.469467
-0.501635
-0.473103
-0.487265
-0.38826
-0.399074
-0.285536
-0.282869
-0.399862
-0.317777
-0.33694
-0.366544
-0.424482
-0.277095
-0.281573
-0.437121
-0.578694
-0.57866
-0.705612
-0.76563
-0.795148
-0.777922
-0.809215
-0.809114
-0.673189
-0.680455
-0.656966
-0.702142
-0.56152
-0.5939
-0.577267
-0.545054
-0.582348
-0.576125
-0.543284
-0.548716
-0.558177
-0.538737
-0.524544
-0.553516
-0.478803
-0.464083
-0.456331
-0.264653
-0.259806
-0.273636
-0.290252
-0.313047
-0.360507
-0.339221
-0.360914
-0.299195
-0.273813
-0.380952
-0.395409
-0.376497
-0.411799
-0.409883
-0.41214
-0.400911
-0.46987
-0.437681
-0.470011
-0.514149
-0.524321
-0.48299
-0.642918
-0.66736
-0.667414
-0.72575
-0.738146
-0.626604
-0.647023
-0.659993
-0.599341
-0.562941
-0.591103
-0.60818
-0.678844
-0.765582
-0.778017
-0.669212
-0.421324
-0.449937
-0.448681
-0.467107
-0.467777
-0.590318
-0.577129
-0.655022
-0.622628
-0.654007
-0.715561
-0.825122
-0.770037
-0.727787
-0.65519
-0.653178
-0.668829
-0.682377
-0.774381
-0.745322
-0.780833
-0.711487
-0.741934
-0.710175
-0.74218
-0.786407
-0.673572
-0.708921
-0.606437
-0.607088
-0.675598
-0.560267
-0.561123
-0.533121
-0.533674
-0.524049
-0.663019
-0.670759
-0.706745
-0.676822
-0.682084
-0.621334
-0.593966
-0.593758
-0.534609
-0.52429
-0.602104
-0.700083
-0.76025
-0.765253
-0.751263
-0.716347
-0.684829
-0.739772
-0.801573
-0.725907
-0.725095
-0.633497
-0.571898
-0.582157
-0.531367
-0.71255
-0.711585
-0.736135
-0.740017
-0.737653
-0.667401
-0.674322
-0.682564
-0.616089
-0.543148
-0.572148
-0.614425
-0.685572
-0.630902
-0.88882
-0.91681
-0.912697
-0.75771
-0.863647
-0.782467
-0.85695
-0.95978
-1.12103
-1.11839
-1.0649
-1.02809
-1.06769
-1.03657
-1.06328
-0.988825
-0.966521
-0.983631
-1.00297
-1.03526
-0.995067
-0.874662
-1.06107
-1.05617
-1.04772
-1.09765
-1.04629
-1.16448
-1.21001
-1.24855
-1.35218
-1.34792
-1.30649
-1.34814
-1.43994
-1.45607
-1.37343
-1.25456
-1.25517
-1.15564
-1.16987
-1.25731
-1.31851
-1.31154
-1.31769
-1.32878
-1.42121
-1.38407
-1.48613
-1.45642
-1.51115
-1.54523
-1.43784
-1.46704
-1.42435
-1.48401
-1.52397
-1.48702
-1.46197
-1.46065
-1.33457
-1.37579
-1.40311
-1.39242
-1.33531
-1.28229
-1.26926
-1.27106
-1.35328
-1.4126
-1.40397
-1.51131
-1.4632
-1.39781
-1.40331
-1.30836
-1.30774
-1.30635
-1.29366
-1.30206
-1.17428
-1.19919
-1.18089
-1.17806
-1.17948
-1.17939
-1.15193
-1.06747
-1.06991
-1.06406
-0.951051
-0.96737
-0.96483
-0.96203
-0.937833
-0.775853
-0.748959
-0.661877
-0.672785
-0.785096
-0.737921
-0.737602
-0.637543
-0.640539
-0.63277
-0.71859
-0.726718
-0.728607
-0.697201
-0.693337
-0.699678
-0.718124
-0.631818
-0.629916
-0.690709
-0.783737
-0.763494
-0.693453
-0.723934
-0.834009
-0.897085
-0.981823
-0.894356
-0.868696
-0.822497
-0.763633
-0.796177
-0.728737
-0.657765
-0.671541
-0.731841
-0.816757
-0.895928
-0.873602
-0.886698
-0.887331
-0.939297
-0.903423
-0.943788
-1.08469
-1.0967
-1.05436
-1.07198
-1.01149
-0.953341
-0.950049
-0.799902
-0.749941
-0.660996
-0.611288
-0.544139
-0.490993
-0.415045
-0.472624
-0.472639
-0.410593
-0.421253
-0.414226
-0.457741
-0.623875
-0.694392
-0.695405
-0.700262
-0.699607
-0.745643
-0.782059
-0.776348
-0.732797
-0.740468
-0.688914
-0.685386
-0.613256
-0.613607
-0.662724
-0.657719
-0.709733
-0.664226
-0.702967
-0.674706
-0.704606
-0.678158
-0.704622
-0.700163
-0.762905
-0.623954
-0.613421
-0.477001
-0.447037
-0.455055
-0.450853
-0.413278
-0.416274
-0.401218
-0.374844
-0.423282
-0.351014
-0.23652
-0.238818
-0.21944
-0.25141
-0.251538
-0.275651
-0.284523
-0.406461
-0.313589
-0.373106
-0.401942
-0.388206
-0.451606
-0.447679
-0.510122
-0.534651
-0.489004
-0.482668
-0.475113
-0.457246
-0.469948
-0.502
-0.545441
-0.533095
-0.549423
-0.548962
-0.559668
-0.626723
-0.576848
-0.490335
-0.505398
-0.509377
-0.461752
-0.41001
-0.421889
-0.339607
-0.304743
-0.295296
-0.137393
-0.159152
-0.180374
-0.174374
-0.170028
-0.163323
-0.165738
-0.154649
-0.154307
-0.166551
-0.201429
-0.0473337
-0.041249
0.0163416
0.0302303
0.0261447
0.000872166
-0.0292673
-0.0393739
-0.0161107
0.0372676
0.030153
-0.0678689
-0.127588
-0.196802
-0.182584
-0.160509
-0.216237
-0.175008
-0.195912
-0.185109
-0.27641
-0.288747
-0.24878
-0.257757
-0.357016
-0.323961
-0.313026
-0.265287
-0.264802
-0.211853
-0.202119
-0.273785
-0.105258
-0.0145728
-0.00523149
0.00488904
0.0909296
0.161975
0.126919
0.102434
0.13612
0.138398
0.157841
0.160674
0.164042
0.248468
0.219517
0.195139
0.174479
0.214764
0.0445301
0.0354478
0.0128284
0.044831
0.198652
0.174864
0.180367
0.228049
0.052951
0.0774219
0.11549
0.0750928
0.0681673
0.0634986
0.11053
0.0939749
0.070966
0.0650631
0.0388188
0.0157873
0.0710793
-0.174786
-0.20089
-0.201753
-0.160795
-0.212587
-0.142316
-0.0488381
0.0117379
0.0152684
0.0951626
0.103355
0.109129
0.137109
0.100701
0.0893853
0.0492758
0.129929
0.232403
0.182721
0.187531
0.325156
0.412488
0.31598
0.359119
0.296089
0.346593
0.334058
0.426148
0.39826
0.389771
0.401941
0.393481
0.368783
0.430154
0.411631
0.367421
0.389
0.388236
0.286609
0.334891
0.345057
0.256939
0.23613
0.218321
0.227275
0.333623
0.263204
0.244449
0.264154
0.256726
0.219596
-0.00342506
-0.0195781
-0.0470548
-0.0581725
-0.0736093
-0.053471
-0.0103132
0.0280411
0.0881664
0.163277
0.305695
0.254578
0.304667
0.320504
0.359499
0.224717
0.211145
0.209933
0.259504
0.254489
0.244729
0.224033
0.221864
0.232959
0.105092
0.0715281
0.0442155
-0.0319507
-0.0321152
-0.0830633
-0.0750558
-0.248125
-0.366989
-0.366677
-0.217723
-0.28631
-0.298882
-0.278085
-0.308241
-0.30958
-0.286617
-0.290668
-0.287478
-0.280224
-0.275427
-0.273738
-0.190151
-0.184643
-0.323494
-0.271765
-0.210384
-0.175804
-0.229609
-0.216842
-0.252814
-0.257084
-0.243548
-0.288733
-0.336527
-0.334702
-0.343555
-0.391279
-0.408884
-0.430077
-0.420495
-0.378522
-0.348985
-0.348095
-0.347351
-0.2711
-0.282742
-0.317171
-0.378845
-0.396269
-0.419352
-0.445558
-0.511678
-0.494741
-0.513259
-0.448645
-0.441268
-0.422627
-0.299851
-0.242236
-0.381711
-0.369577
-0.3854
-0.378991
-0.520958
-0.482426
-0.461475
-0.468535
-0.505567
-0.528709
-0.585194
-0.58437
-0.601584
-0.613191
-0.615814
-0.593136
-0.529689
-0.532464
-0.538602
-0.572374
-0.527952
-0.392326
-0.414787
-0.424709
-0.497325
-0.520413
-0.326205
-0.341052
-0.3365
-0.342275
-0.363087
-0.452118
-0.38128
-0.353354
-0.200207
-0.155966
-0.199446
-0.222482
-0.217122
-0.257502
-0.252719
-0.250332
-0.220296
-0.274352
-0.289649
-0.384229
-0.345072
-0.403969
-0.389663
-0.379587
-0.345116
-0.334772
-0.269065
-0.320643
-0.356494
-0.361135
-0.382447
-0.3766
-0.432258
-0.329889
-0.328476
-0.271477
-0.260013
-0.220781
-0.134065
-0.193697
-0.269817
-0.223335
-0.221386
-0.106932
-0.148259
-0.155531
-0.147583
-0.138214
-0.162101
-0.141164
-0.141931
-0.198511
-0.179378
-0.163449
-0.177566
-0.149665
-0.116066
-0.021237
0.0588667
0.0875071
0.0826019
0.0614553
0.0383586
0.00851828
-0.0705969
-0.0840025
-0.127438
-0.188778
-0.191973
-0.172817
-0.151733
-0.148594
-0.170002
-0.272825
-0.271296
-0.253088
-0.198862
-0.232827
-0.261503
-0.263823
-0.224403
-0.179305
-0.0959446
-0.110509
-0.110318
-0.0594864
-0.15075
-0.174444
-0.143567
-0.172494
-0.144336
-0.148954
-0.185706
-0.104033
-0.169164
-0.164034
-0.182709
-0.2119
-0.285517
-0.237964
-0.241159
-0.308255
-0.24217
-0.24117
-0.241412
-0.241628
-0.244935
-0.369862
-0.35556
-0.321361
-0.385189
-0.381516
-0.403834
-0.408707
-0.395873
-0.544741
-0.537877
-0.542495
-0.475017
-0.486542
-0.422049
-0.485499
-0.531312
-0.520399
-0.524594
-0.540549
-0.60072
-0.595236
-0.537987
-0.514094
-0.462622
-0.479963
-0.629677
-0.617351
-0.620053
-0.644499
-0.615093
-0.705164
-0.485323
-0.196555
-0.184802
-0.24921
-0.401777
-0.452266
-0.431796
-0.51521
-0.551804
-0.745611
-0.759997
-0.652054
-0.622702
-0.615811
-0.643604
-0.64204
-0.740744
-0.709153
-0.73129
-0.754506
-0.68478
-0.751622
-0.777443
-0.686783
-0.675876
-0.568876
-0.495461
-0.528383
-0.531518
-0.522962
-0.452171
-0.533471
-0.549569
-0.548125
-0.54882
-0.560448
-0.555613
-0.528418
-0.444349
-0.596356
-0.386218
-0.382197
-0.385087
-0.334365
-0.432404
-0.435526
-0.43863
-0.476232
-0.476075
-0.452099
-0.388765
-0.463532
-0.531019
-0.528492
-0.645595
-0.718523
-0.757834
-0.713142
-0.664519
-0.679809
-0.524682
-0.418243
-0.442694
-0.555062
-0.551155
-0.539218
-0.556317
-0.605255
-0.640576
-0.735525
-0.730827
-0.740658
-0.84498
-0.773332
-0.776836
-0.84054
-0.830495
-0.824577
-0.895309
-0.980375
-0.980416
-0.785795
-0.86473
-0.886215
-0.831634
-0.855069
-0.857132
-0.898526
-0.883846
-0.835894
-0.876932
-0.791115
-0.819339
-0.838025
-0.816558
-0.842091
-0.761907
-0.787787
-0.720409
-0.792667
-0.753181
-0.889964
-0.901527
-0.952015
-1.09746
-1.12672
-1.03944
-1.04481
-1.03771
-0.999883
-1.00192
-0.867925
-0.864628
-0.889261
-0.881779
-0.880919
-0.854333
-0.96952
-0.968904
-0.970214
-0.983481
-0.969158
-0.894978
-0.907444
-0.879685
-0.99311
-0.906273
-0.975844
-0.945864
-1.01437
-1.04778
-1.10856
-1.10255
-1.2245
-1.16708
-1.11261
-1.11202
-1.0441
-1.09274
-1.0918
-1.09975
-1.10433
-1.11059
-1.11885
-1.06548
-1.06413
-1.0892
-1.05697
-1.00449
-0.996996
-1.04476
-1.02489
-0.976845
-0.979259
-1.04588
-1.0241
-1.03253
-1.05268
-0.968163
-1.05402
-1.05407
-1.0057
-1.09193
-1.09976
-1.06407
-1.00732
-1.01893
-1.15827
-1.15868
-1.14089
-1.17427
-1.17659
-1.14144
-1.09761
-1.09133
-1.1917
-1.18961
-1.18759
-1.19511
-1.18883
-1.22359
-1.21781
-1.27706
-1.2664
-1.26179
-1.21405
-1.14498
-1.11182
-1.11588
-1.05871
-1.02642
-1.026
-0.97675
-0.943058
-0.990047
-1.04054
-1.08252
-0.972706
-0.97278
-0.888181
-0.878152
-0.789297
-0.7616
-0.802584
-0.797178
-0.805833
-0.806235
-0.815643
-0.812919
-0.811405
-0.864214
-0.769807
-0.66292
-0.703384
-0.716938
-0.73118
-0.738159
-0.670084
-0.687786
-0.80444
-0.84134
-0.899878
-0.876139
-0.846489
-0.862531
-0.816582
-0.811348
-0.641253
-0.628164
-0.568593
-0.704898
-0.589482
-0.613648
-0.677006
-0.76273
-0.809163
-0.657832
-0.613709
-0.611356
-0.627507
-0.631046
-0.52976
-0.481599
-0.516966
-0.487303
-0.479663
-0.502895
-0.554023
-0.515812
-0.600797
-0.569762
-0.543403
-0.549476
-0.545875
-0.531745
-0.650562
-0.633752
-0.643478
-0.706309
-0.759475
-0.822823
-0.818063
-0.538999
-0.540584
-0.465852
-0.479767
-0.553705
-0.598147
-0.638558
-0.645388
-0.696123
-0.654423
-0.657014
-0.664125
-0.803051
-0.822262
-0.757443
-0.609654
-0.607008
-0.630886
-0.627515
-0.628648
-0.601549
-0.614238
-0.618285
-0.539673
-0.524804
-0.537945
-0.548687
-0.557972
-0.611407
-0.610316
-0.659964
-0.616275
-0.600693
-0.570766
-0.554262
-0.52741
-0.532187
-0.540805
-0.565381
-0.531269
-0.427874
-0.367094
-0.355887
-0.402931
-0.41982
-0.421857
-0.424575
-0.497173
-0.399172
-0.370647
-0.39394
-0.427559
-0.402134
-0.355984
-0.289423
-0.212489
-0.242417
-0.186205
-0.140938
-0.141891
-0.116269
-0.10993
-0.153398
-0.142003
-0.170822
-0.0559087
-0.115097
-0.124654
-0.145682
-0.21997
-0.265619
-0.382031
-0.402449
-0.405142
-0.392458
-0.391387
-0.398966
-0.301352
-0.359004
-0.353258
-0.253657
-0.253168
-0.399078
-0.397031
-0.39043
-0.377567
-0.386147
-0.387458
-0.376459
-0.386357
-0.347855
-0.266857
-0.244945
-0.273411
-0.251916
-0.261966
-0.30101
-0.359475
-0.322414
-0.373177
-0.28316
-0.258196
-0.155492
-0.155727
-0.172431
-0.179911
-0.114518
-0.119116
-0.114664
-0.13774
-0.083754
-0.076064
-0.0652641
-0.0635783
-0.0924362
-0.0914468
-0.0274904
-0.0381891
0.110212
0.200642
0.155662
0.13948
0.129435
0.129807
0.110462
0.110848
0.174706
0.164711
0.128335
0.174134
0.114021
-0.0619182
-0.112006
-0.145215
-0.204345
-0.13368
-0.142475
-0.171267
-0.16994
-0.151759
-0.153989
-0.213584
-0.0453056
-0.0989334
-0.104074
-0.135869
-0.052335
-0.0255759
-0.0144762
0.0692281
0.0584353
0.00648703
0.1623
0.163008
0.204445
0.161134
0.190779
0.335833
0.316078
0.310671
0.288743
0.168685
0.213705
0.241966
0.418035
0.379493
0.19589
0.187307
0.138801
0.0678276
0.0716492
0.0808455
0.109426
0.134662
0.13167
0.107379
0.221431
0.223646
0.221784
0.246376
0.236678
0.221559
0.22496
0.237579
0.0911659
0.0444238
-0.0201547
-0.121495
-0.0650186
-0.0342196
-0.0733524
-0.0564488
-0.0436793
-0.1105
0.029648
-0.040573
-0.250733
-0.134198
-0.122527
-0.12214
-0.10342
-0.00799189
0.0274352
0.114586
0.125023
0.0714041
0.120631
-0.0526506
-0.0713909
-0.125781
-0.23662
-0.254
-0.231144
-0.231472
0.0336551
0.029654
0.0572159
0.0692239
0.0477256
-0.0326651
0.19224
0.152979
0.225416
0.266685
0.214134
0.247572
0.301291
0.328916
0.366197
0.393778
0.29373
0.259982
0.26273
0.251288
0.3134
0.290707
0.317726
0.403244
0.421285
0.265113
0.233009
0.231257
0.236556
0.187708
0.164102
0.13278
0.141473
0.1735
0.160268
0.19992
0.182562
0.161809
0.151172
0.156157
0.159274
0.205899
0.129106
0.0946565
0.0848203
0.0177298
-0.0093258
0.03346
0.0337108
0.0422809
0.00517921
0.0126316
0.0474658
0.143365
0.168881
0.119245
0.0471427
0.00812292
-0.0273731
-0.0320845
-0.189147
-0.199621
-0.114854
-0.116249
-0.107859
-0.105646
-0.0859303
-0.0745998
-0.0314979
-0.0890651
0.021761
0.0262688
0.0309714
-0.0341796
-0.0515493
-0.0815901
-0.0784411
-0.0949423
-0.0327534
-0.138185
-0.233325
-0.0455158
-0.0551965
-0.069781
-0.105491
-0.109895
-0.204696
-0.184941
-0.155632
-0.177604
-0.249994
-0.230327
-0.160521
-0.172514
-0.0283891
-0.0296125
-0.0485865
-0.108361
-0.107253
-0.208079
-0.102091
-0.0664469
-0.0558526
-0.0226226
-0.0192551
0.00938237
0.0142579
-0.00180536
0.000502884
0.0202841
0.00929883
0.154719
0.204779
0.163207
0.186619
0.173667
0.22913
0.239043
0.131151
0.104157
0.0866826
0.0653279
0.0378917
0.110364
0.111033
0.0818373
0.0454354
0.0013021
-0.071585
-0.0630687
-0.0706829
-0.022406
0.0524148
0.00860562
0.0442433
0.0505705
0.058842
0.0830458
-0.151034
-0.160279
-0.159997
-0.170768
-0.223135
-0.182074
-0.215998
-0.215947
-0.255195
-0.237082
-0.213741
-0.233993
-0.315757
-0.33134
-0.422445
-0.385249
-0.503563
-0.328175
-0.322887
-0.327001
-0.254231
-0.195603
-0.228746
-0.248664
-0.231661
-0.260473
-0.264388
-0.250681
-0.296189
-0.298038
-0.281869
-0.275795
-0.304984
-0.327015
-0.368506
-0.167114
-0.182772
-0.184027
-0.176539
-0.144552
-0.076097
-0.0863864
-0.0716394
-0.026322
-0.0547195
-0.163429
-0.196275
-0.135767
-0.130056
-0.00595619
-0.0227358
-0.052954
0.00076752
0.0354713
0.158622
0.1524
0.0987547
0.115257
0.174849
0.0670462
-0.0464476
-0.142362
-0.140199
-0.129565
-0.112489
-0.0960192
-0.280074
-0.272141
-0.282195
-0.326631
-0.338761
-0.332677
-0.356282
-0.380088
-0.53064
-0.503437
-0.396753
-0.286873
-0.206937
-0.25435
-0.299747
-0.307017
-0.333306
-0.291283
-0.387928
-0.385759
-0.403008
-0.419888
-0.515851
-0.54566
-0.551218
-0.48536
-0.447851
-0.478623
-0.342563
-0.332331
-0.237264
-0.103019
-0.19582
-0.404695
-0.383955
-0.383964
-0.355202
-0.536203
-0.51051
-0.534561
-0.546898
-0.548686
-0.607705
-0.600035
-0.570686
-0.638533
-0.639559
-0.743413
-0.565096
-0.5782
-0.58257
-0.594131
-0.512464
-0.626241
-0.6599
-0.646194
-0.663559
-0.608847
-0.584532
-0.604569
-0.631279
-0.670703
-0.670933
-0.719646
-0.754283
-0.790657
-0.71362
-0.649523
-0.63653
-0.677397
-0.652522
-0.741
-0.75291
-0.781079
-0.781023
-0.72824
-0.751301
-0.743748
-0.741685
-0.695169
-0.700341
-0.74165
-0.744396
-0.763036
-0.755007
-0.852488
-0.909831
-0.903963
-0.97647
-1.00763
-0.902434
-0.972982
-1.0657
-1.06412
-1.05252
-1.02837
-1.00874
-0.993115
-0.994884
-0.95519
-1.00632
-0.898586
-0.944696
-0.910083
-0.910104
-0.74859
-0.769596
-0.753372
-0.850189
-0.85019
-0.670928
-0.646854
-0.731514
-0.771874
-0.750898
-0.699603
-0.734249
-0.757954
-0.767706
-0.776588
-0.793799
-0.769345
-0.763628
-0.766121
-0.6965
-0.690476
-0.645941
-0.538752
-0.569802
-0.605661
-0.492482
-0.402307
-0.417363
-0.411574
-0.398322
-0.403154
-0.395784
-0.402513
-0.461679
-0.460598
-0.453773
-0.347867
-0.297872
-0.316907
-0.310741
-0.381966
-0.346727
-0.326227
-0.301722
-0.235433
-0.22803
-0.102584
-0.152743
-0.1457
-0.100453
-0.0546411
0.0661672
0.0634819
0.166133
0.1681
0.1763
0.150189
0.148697
0.125621
-0.00990278
-0.107727
-0.106113
-0.13422
-0.0610395
0.0192457
-0.0405321
-0.108861
-0.185871
-0.253547
-0.204151
-0.244417
-0.210604
-0.246093
-0.266487
-0.131994
-0.10634
-0.0461536
-0.140473
-0.0681461
-0.00962055
0.0171975
0.0168021
-0.0707851
-0.0314653
-0.0824593
-0.122171
-0.132687
-0.300302
-0.374119
-0.378047
-0.34819
-0.453799
-0.468224
-0.359669
-0.346001
-0.311083
-0.396273
-0.402933
-0.426885
-0.440921
-0.441206
-0.436621
-0.440158
-0.413043
-0.414406
-0.434955
-0.430826
-0.384524
-0.395966
-0.43199
-0.476239
-0.576352
-0.594862
-0.543644
-0.549607
-0.567415
-0.568027
-0.554074
-0.585949
-0.5841
-0.583413
-0.565309
-0.609709
-0.707495
-0.719522
-0.755758
-0.68616
-0.709383
-0.692759
-0.703255
-0.687977
-0.674808
-0.692056
-0.676337
-0.665383
-0.708851
-0.773671
-0.841102
-0.988709
-0.965026
-0.935342
-1.03123
-1.0152
-0.949019
-0.928366
-0.932823
-0.96689
-0.930724
-0.936351
-1.0697
-1.11545
-1.1267
-1.09922
-1.06786
-1.11674
-1.06397
-0.949744
-0.909179
-0.9389
-0.777057
-0.800319
-0.803824
-0.805322
-0.887948
-0.981686
-0.966104
-1.04285
-1.06311
-1.10566
-1.00501
-1.00545
-0.97346
-0.960105
-0.970237
-0.948556
-0.980148
-0.898977
-0.828605
-0.820681
-0.8141
-0.831828
-0.858162
-0.802532
-0.806401
-0.79897
-0.909484
-0.839969
-0.838001
-0.805016
-0.670403
-0.638269
-0.557465
-0.605813
-0.627784
-0.62057
-0.590907
-0.638523
-0.684719
-0.595027
-0.605423
-0.694801
-0.777313
-0.759121
-0.748793
-0.716131
-0.56225
-0.52657
-0.533746
-0.469517
-0.587055
-0.623156
-0.719915
-0.72126
-0.767641
-0.728103
-0.723952
-0.796795
-0.822523
-0.855249
-0.913049
-0.903164
-0.87988
-0.895956
-0.816516
-0.738715
-0.764867
-0.751726
-0.770041
-0.753878
-0.828049
-0.840219
-0.843951
-0.844336
-0.871908
-0.864157
-0.901903
-0.918227
-0.853343
-0.826443
-0.802787
-0.813346
-0.880832
-0.827151
-0.800112
-0.765875
-0.77936
-0.747079
-0.816963
-0.909166
-0.860848
-0.90962
-0.881844
-1.08498
-1.08915
-1.05823
-1.04817
-1.07446
-1.15379
-1.1431
-1.1154
-1.10612
-1.08804
-1.14858
-1.15019
-1.199
-1.30109
-1.45691
-1.41653
-1.42311
-1.39556
-1.3714
-1.28645
-1.19159
-1.18442
-1.12131
-1.0692
-0.911193
-0.914058
-0.971379
-1.06219
-1.03432
-0.976343
-0.962003
-0.833659
-0.832011
-0.883035
-0.854096
-0.73611
-0.736807
-0.768572
-0.840886
-0.856051
-0.857433
-0.835049
-0.908329
-0.949691
-0.867405
-0.943616
-0.950086
-0.929614
-0.917534
-0.905513
-0.910093
-0.750795
-0.678248
-0.633666
-0.633579
-0.523246
-0.406567
-0.312168
-0.328383
-0.332849
-0.32269
-0.373438
-0.367246
-0.342864
-0.365762
-0.188851
-0.278958
-0.295937
-0.212724
-0.185052
-0.130055
-0.0932583
0.0245066
0.0162381
0.0316392
0.0221266
-0.0269604
-0.0234427
-0.0227469
-0.0338019
-0.0134232
0.00880017
-0.0121561
0.00773367
-0.093289
-0.0806124
-0.0807641
-0.064541
-0.0918156
-0.0757266
-0.132482
0.0557365
0.0786929
-0.0304286
-0.0610298
-0.0600931
-0.0790418
-0.0509114
-0.0649681
-0.15054
-0.244909
-0.295706
-0.302303
-0.325167
-0.364124
-0.302044
-0.349052
-0.334049
-0.337407
-0.485306
-0.632907
-0.596838
-0.570752
-0.540572
-0.507659
-0.463759
-0.497279
-0.444254
-0.434469
-0.455021
-0.460868
-0.478603
-0.392305
-0.410165
-0.408471
-0.471854
-0.39083
-0.43763
-0.395263
-0.365852
-0.331996
-0.269759
-0.308872
-0.317061
-0.243471
-0.183381
-0.133052
-0.208937
-0.207145
-0.169464
-0.17008
-0.190345
-0.106339
-0.136971
-0.26868
-0.264614
-0.218177
-0.189778
-0.29272
-0.296103
-0.304571
-0.13379
-0.115235
-0.117636
-0.173681
-0.225315
-0.253106
-0.273818
-0.179412
-0.169239
-0.286515
-0.282247
-0.282425
-0.246538
-0.248588
-0.248916
-0.262941
-0.266463
-0.269082
-0.174283
-0.239518
-0.218787
-0.121673
-0.121647
-0.114917
-0.0943127
-0.0646708
-0.0865507
-0.101571
-0.201454
-0.166911
-0.158676
-0.188246
-0.232143
-0.229493
-0.33408
-0.358493
-0.351372
-0.31652
-0.295033
-0.222746
-0.221753
-0.185867
-0.205195
-0.254063
-0.188224
-0.204212
-0.182175
-0.130644
-0.127063
-0.166124
-0.207753
-0.216065
-0.157467
-0.147759
-0.137064
-0.154959
-0.22203
-0.216134
-0.238446
-0.320548
-0.310763
-0.234735
-0.224307
-0.209416
-0.197925
-0.186362
-0.210108
-0.114475
-0.104483
-0.0807297
-0.0758004
-0.0764872
-0.0771565
-0.105681
-0.158285
-0.0968319
-0.0863705
-0.0736919
-0.102524
-0.126324
-0.160608
-0.139789
-0.185978
-0.170602
-0.136671
-0.0484429
-0.0359416
-0.0272083
0.0688619
0.0716569
0.0719207
0.0632995
-0.0634024
-0.0579117
-0.0704008
-0.0643536
0.0869584
0.025045
0.0052621
-0.00185067
-0.0370896
0.116117
0.133824
-0.00283395
-0.000679392
0.0493846
0.0722419
0.0113704
0.0689447
0.0674206
0.00196833
-0.0602496
-0.0582217
-0.0773813
0.0859164
0.111273
0.0452038
-0.0360319
-0.0248474
-0.0369784
-0.0197352
0.100313
0.340344
0.328292
0.500086
0.469165
0.452786
0.419029
0.399588
0.42923
0.434056
0.457973
0.45437
0.478034
0.625439
0.660638
0.662049
0.646982
0.585367
0.595563
0.666546
0.617816
0.682887
0.725739
0.728478
0.689668
0.740477
0.705946
0.664194
0.534691
0.453861
0.428718
0.263604
0.245863
0.235158
0.202409
0.0344391
0.0149966
0.180628
0.106937
0.0558176
0.0395876
0.0489031
0.0788277
-0.0398711
-0.147056
-0.0629417
-0.0789544
-0.12616
-0.17879
-0.200896
-0.230308
-0.118449
-0.153179
-0.168099
-0.179247
-0.229449
-0.246453
-0.37338
-0.369021
-0.374237
-0.35526
-0.388496
-0.458563
-0.467853
-0.539311
-0.541686
-0.597161
-0.484323
-0.402718
-0.431185
-0.43491
-0.307927
