###  Units are X_hat = 1.73cm.
1.10715
1.11449
1.12426
1.13004
1.1403
1.15019
1.1617
1.18115
1.19111
1.20933
1.23022
1.23627
1.25216
1.28047
1.30448
1.32382
1.32842
1.34142
1.33686
1.35175
1.35435
1.36597
1.38312
1.40053
1.41224
1.43133
1.44565
1.47313
1.4944
1.4976
1.49591
1.49163
1.51313
1.51821
1.5417
1.55597
1.55708
1.56404
1.57701
1.59564
1.6138
1.64204
1.66547
1.69993
1.70852
1.69751
1.69143
1.70813
1.73678
1.74038
1.7489
1.76559
1.7753
1.77577
1.77924
1.80501
1.84516
1.86353
1.86394
1.87623
1.88243
1.89078
1.89964
1.9187
1.93666
1.95158
1.96927
1.98204
2.00052
2.00283
2.01464
2.03366
2.03182
2.04787
2.06906
2.05466
2.03918
2.04159
2.02372
2.02903
2.01711
2.00298
1.97794
1.95934
1.95101
1.93068
1.89304
1.89151
1.8724
1.85991
1.85846
1.83688
1.83332
1.83004
1.84292
1.84402
1.84081
1.81894
1.81611
1.80651
1.80007
