###  Units are X_hat = 1.73cm.
0.223607
0.202567
0.186181
0.173307
0.162694
0.15324
0.143978
0.141594
0.137282
0.13279
0.130703
0.129102
0.127773
0.12666
0.125883
0.12543
0.123688
0.122303
0.12217
0.120606
0.121576
0.120753
0.121182
0.120388
0.120045
0.121256
0.120303
0.120282
0.121262
0.120718
0.119718
0.119315
0.122238
0.121265
0.122851
0.12206
0.121828
0.120422
0.118984
0.119729
0.120991
0.122488
0.124607
0.124861
0.126189
0.126239
0.124325
0.124755
0.124838
0.12384
0.124423
0.122532
0.121904
0.123087
0.123261
0.123435
0.123277
0.125253
0.122077
0.12064
0.12169
0.123942
0.123136
0.12347
0.123442
0.122293
0.124204
0.123104
0.123402
0.124349
0.124117
0.123826
0.122571
0.123564
0.122907
0.122334
0.120457
0.11862
0.116117
0.115057
0.114797
0.117009
0.118508
0.117817
0.117742
0.120138
0.12019
0.120392
0.119547
0.120779
0.116741
0.117048
0.115921
0.11705
0.118072
0.118252
0.118135
0.118281
0.117702
0.119249
0.116779
