###  Units are X_hat = 1.73cm.
0.141421
0.148432
0.156776
0.153729
0.150547
0.157578
0.162748
0.168684
0.168489
0.173366
0.175959
0.186141
0.183532
0.189379
0.185671
0.180649
0.183505
0.185582
0.180634
0.185803
0.190855
0.195762
0.197081
0.193702
0.193567
0.200441
0.198696
0.187564
0.185699
0.175313
0.180631
0.184108
0.183705
0.186343
0.163776
0.166151
0.153672
0.160226
0.158739
0.16044
0.166061
0.173851
0.173591
0.174241
0.179505
0.181907
0.195484
0.186607
0.190844
0.19834
0.203651
0.201198
0.189478
0.18273
0.18031
0.184827
0.182854
0.185793
0.190451
0.188772
0.18482
0.187515
0.187983
0.19108
0.184173
0.173937
0.177475
0.172451
0.18
0.182133
0.183631
0.201905
0.20119
0.200078
0.185604
0.182977
0.185922
0.187153
0.19296
0.184744
0.181127
0.184355
0.182314
0.183178
0.183858
0.179571
0.186047
0.187959
0.186941
0.190233
0.190357
0.185608
0.188598
0.18185
0.184907
0.19071
0.197333
0.195956
0.196897
0.195658
0.202876
0.201904
0.198835
0.202591
0.209045
0.210871
0.209281
0.205656
0.200497
0.201245
0.188111
0.193838
0.190372
0.195759
0.195536
0.18818
0.190066
0.200303
0.200451
0.199413
0.198744
0.206224
0.209047
0.204414
0.200983
0.208028
0.195202
0.194547
0.19368
0.198671
0.19491
0.194552
0.194532
0.193223
0.190241
0.177476
0.188067
0.177705
0.178965
0.182033
0.182877
0.18433
0.184626
0.18491
0.190478
0.180585
0.185361
0.187284
0.184264
0.185145
0.186221
0.188815
0.200082
0.196976
0.198231
0.190619
0.197331
0.197472
0.19481
0.194453
0.19747
0.199207
0.201431
0.193701
0.192711
0.185974
0.186129
0.182771
0.187021
0.174281
0.169112
0.189758
0.186495
0.191876
0.198147
0.200848
0.199284
0.196585
0.195401
0.195049
0.19151
0.197834
0.195625
0.194912
0.190095
0.19033
0.186107
0.186612
0.180515
0.189912
0.190314
0.19194
0.191976
0.177913
0.180226
0.179274
0.186171
0.188821
0.197136
0.200502
0.191927
0.180011
0.185798
0.181325
0.178177
0.187712
0.188027
0.183539
0.185089
0.18825
0.188489
0.189294
0.194158
0.192953
0.196476
0.196312
0.197363
0.195833
0.198578
0.196371
0.195766
0.201341
0.204066
0.201715
0.190282
0.195489
0.185151
0.196364
0.207374
0.203432
0.20141
0.200021
0.198225
0.197727
0.196296
0.191816
0.207278
0.196613
0.17776
0.178637
0.180333
0.17898
0.179718
0.196012
0.196068
0.201465
0.186281
0.195634
0.193489
0.192464
0.184848
0.188509
0.196867
0.206021
0.217438
0.216052
0.21405
0.203826
0.199492
0.198186
0.200332
0.197168
0.196026
0.196802
0.202343
0.201841
0.196749
0.198194
0.201002
0.202255
0.200402
0.199824
0.197532
0.198116
0.1979
0.20324
0.191311
0.191405
0.187903
0.190545
0.190875
0.180687
0.180985
0.186943
0.182322
0.175425
0.178431
0.176706
0.178826
0.191
0.190641
0.192736
0.191732
0.193121
0.188917
0.188605
0.203743
0.20389
0.200166
0.199737
0.208987
0.213677
0.217328
0.211487
0.209558
0.213858
0.21011
0.208923
0.204653
0.199589
0.199457
0.198351
0.189691
0.201322
0.198579
0.196252
0.186715
0.195101
0.196825
0.200877
0.182089
0.190277
0.192128
0.198219
0.198345
0.192071
0.192299
0.188823
0.190302
0.181922
0.198484
0.200115
0.189183
0.185665
0.176436
0.181784
0.180943
0.181973
0.190104
0.186672
0.187788
0.197339
0.196982
0.196356
0.196767
0.198611
0.197533
0.193401
0.190957
0.198899
0.197018
0.191789
0.195569
0.196441
0.196476
0.193899
0.192764
0.190584
0.184963
0.186508
0.194434
0.194195
0.194323
0.188801
0.177464
0.181478
0.190952
0.186986
0.18812
0.1903
0.192074
0.191721
0.178561
0.176409
0.180023
0.177538
0.182759
0.197915
0.197897
0.198164
0.199351
0.197712
0.200367
0.215727
0.224551
0.225704
0.224415
0.2061
0.206253
0.206075
0.203586
0.208807
0.216946
0.209537
0.203098
0.201733
0.203726
0.21087
0.206617
0.204398
0.208308
0.198814
0.197391
0.201524
0.192175
0.192823
0.204882
0.200974
0.199713
0.203331
0.22165
0.223513
0.218177
0.212242
0.208476
0.208574
0.204919
0.213501
0.220265
0.208437
0.21129
0.196179
0.196346
0.1936
0.193572
0.198728
0.194183
0.196223
0.180887
0.182155
0.186193
0.19306
0.196371
0.194817
0.1741
0.177204
0.164165
0.172344
0.177016
0.182217
0.185508
0.190087
0.189953
0.1894
0.181309
0.178886
0.18116
0.176492
0.178745
0.193038
0.196494
0.180658
0.176952
0.180058
0.185082
0.181451
0.179335
0.183171
0.18273
0.187256
0.187918
0.177203
0.179896
0.179448
0.176359
0.178099
0.181837
0.194041
0.193009
0.195759
0.195115
0.199153
0.20815
0.200292
0.203158
0.206819
0.204919
0.203797
0.195841
0.195213
0.195557
0.187351
0.187507
0.189311
0.184015
0.192074
0.190419
0.188487
0.186653
0.190104
0.196951
0.191949
0.176988
0.174703
0.171033
0.181191
0.18664
0.190328
0.195077
0.194725
0.195367
0.187351
0.178416
0.169505
0.173216
0.173273
0.172107
0.166879
0.162002
0.167443
0.172328
0.179366
0.1783
0.181959
0.180603
0.185504
0.181567
0.174653
0.182157
0.185536
0.189122
0.195118
0.191077
0.194271
0.192396
0.185277
0.204272
0.195971
0.20493
0.217875
0.213813
0.211608
0.20504
0.212239
0.206994
0.202175
0.197716
0.206785
0.219202
0.218272
0.216926
0.207742
0.198297
0.221541
0.226122
0.224333
0.221689
0.215517
0.21827
0.226515
0.226238
0.220832
0.217701
0.210023
0.208961
0.203041
0.198168
0.195343
0.201023
0.200767
0.193816
0.19257
0.194634
0.194767
0.196929
0.197221
0.180358
0.183034
0.176409
0.182504
0.190327
0.186561
0.19375
0.185311
0.188982
0.189372
0.182481
0.181179
0.18368
0.18305
0.186632
0.192588
0.196137
0.197641
0.197144
0.198522
0.204611
0.19643
0.197518
0.200571
0.193181
0.212338
0.210894
0.201888
0.218322
0.207724
0.196523
0.19769
0.196719
0.206005
0.21519
0.208886
0.211857
0.209401
0.208071
0.204356
0.199476
0.203966
0.196403
0.201577
0.203711
0.202958
0.201845
0.204029
0.202777
0.19708
0.182898
0.183597
0.182663
0.184215
0.198625
0.200593
0.207131
0.196621
0.199399
0.199668
0.200259
0.202003
0.201384
0.189349
0.196077
0.202602
0.214508
0.214802
0.218091
0.211099
0.205643
0.195202
0.199991
0.199602
0.192087
0.191134
0.201876
0.190295
0.197589
0.194615
0.188494
0.185744
0.18728
0.189352
0.183615
0.181227
0.184369
0.198249
0.199956
0.195195
0.192484
0.199045
0.19676
0.195888
0.194004
0.200974
0.203323
0.202234
0.216454
0.215753
0.197709
0.191468
0.19267
0.200677
0.198193
0.201643
0.201535
0.199323
0.204032
0.199366
0.197639
0.200035
0.198563
0.195815
0.190083
0.189551
0.17929
0.188282
0.181161
0.180669
0.181388
0.182054
0.178679
0.178354
0.178405
0.177523
0.183114
0.184281
0.191799
0.196344
0.189193
0.194523
0.192531
0.182777
0.193021
0.19195
0.187996
0.182467
0.182457
0.18167
0.176068
0.171735
0.172087
0.158861
0.157454
0.1625
0.162532
0.167395
0.170824
0.171367
0.178949
0.174456
0.182455
0.194541
0.196414
0.192544
0.188714
0.172222
0.176003
0.17654
0.181194
0.180488
0.179208
0.175796
0.178554
0.18354
0.186787
0.193079
0.1831
0.186602
0.191656
0.191112
0.194363
0.20624
0.205958
0.202745
0.198611
0.197165
0.206444
0.201609
0.198348
0.191658
0.196214
0.18604
0.182466
0.185466
0.187055
0.193353
0.191867
0.192457
0.196938
0.202375
0.202177
0.215966
0.212288
0.207388
0.204853
0.204451
0.202553
0.200317
0.191585
0.208264
0.195543
0.189741
0.188194
0.198178
0.190468
0.175187
0.183276
0.184204
0.187685
0.175499
0.184497
0.186236
0.181522
0.1823
0.18951
0.189979
0.190222
0.187654
0.201281
0.200949
0.201991
0.207623
0.194699
0.197971
0.197763
0.202957
0.198796
0.200247
0.191872
0.2048
0.204199
0.199416
0.202323
0.210219
0.207556
0.205777
0.196065
0.191846
0.194176
0.19968
0.198745
0.202685
0.204372
0.201734
0.201296
0.207721
0.201394
0.198332
0.200313
0.223414
0.216216
0.211115
0.206984
0.204538
0.200049
0.20044
0.200664
0.200831
0.207767
0.218062
0.212917
0.210105
0.196939
0.197563
0.196665
0.195722
0.202149
0.205478
0.19722
0.19513
0.180951
0.19301
0.19308
0.189747
0.190516
0.195347
0.202596
0.201118
0.195295
0.191675
0.191972
0.192502
0.199643
0.204358
0.207774
0.208494
0.194404
0.191786
0.195152
0.196788
0.199558
0.19145
0.199646
0.198835
0.195658
0.200193
0.19782
0.184536
0.186287
0.177627
0.180444
0.188422
0.197007
0.202105
0.185231
0.187731
0.181964
0.179185
0.187248
0.19564
0.188652
0.18982
0.186341
0.179747
0.181459
0.180385
0.177467
0.181837
0.171924
0.168662
0.172043
0.164548
0.177384
0.188937
0.18833
0.172792
0.176541
0.179362
0.180343
0.172651
0.174797
0.169467
0.162775
0.168086
0.172388
0.174749
0.175199
0.176941
0.177457
0.178486
0.194215
0.172958
0.172214
0.175345
0.18415
0.181453
0.188105
0.193017
0.18862
0.180802
0.179881
0.175771
0.175435
0.172963
0.175032
0.177522
0.181219
0.182474
0.184432
0.187937
0.188648
0.188529
0.18479
0.183898
0.185535
0.187228
0.192452
0.183081
0.17023
0.174352
0.180375
0.171304
0.173066
0.181279
0.175502
0.179405
0.189664
0.184727
0.187075
0.189777
0.188777
0.194721
0.18524
0.194668
0.202237
0.202185
0.195264
0.194696
0.186203
0.187384
0.184729
0.187811
0.191484
0.189048
0.189295
0.191867
0.191766
0.189496
0.191755
0.190867
0.200749
0.198989
0.186785
0.185842
0.189404
0.194292
0.196402
0.192878
0.185797
0.189025
0.183528
0.184048
0.180469
0.18221
0.184099
0.185604
0.185175
0.18682
0.198642
0.211744
0.209864
0.206483
0.207665
0.201365
0.203573
0.215019
0.209734
0.208596
0.199712
0.204325
0.202977
0.200361
0.200395
0.194811
0.19885
0.198379
0.196488
0.190676
0.194715
0.193752
0.190799
0.208656
0.198933
0.205331
0.216804
0.217958
0.213339
0.210176
0.211785
0.204694
0.203345
0.205906
0.187522
0.196714
0.199814
0.198333
0.201904
0.194556
0.19653
0.191342
0.184115
0.18516
0.187862
0.186689
0.190241
0.199429
0.190236
0.179919
0.187181
0.181515
0.184595
0.186732
0.188524
0.189197
0.188326
0.172265
0.173148
0.17635
0.179158
0.184395
0.179391
0.17488
0.183713
0.194183
0.193028
0.1883
0.190859
0.19504
0.19339
0.192338
0.186549
0.184848
0.1949
0.203021
0.192581
0.19586
0.196905
0.194384
0.196569
0.192596
0.215152
0.209182
0.204192
0.20009
0.203161
0.201175
0.204815
0.200574
0.191625
0.176099
0.171722
0.171054
0.177946
0.187128
0.178553
0.190836
0.201245
0.19193
0.194005
0.19683
0.197186
0.199802
0.199381
0.203566
0.201585
0.20038
0.198262
0.195106
0.194226
0.194961
0.198556
0.195795
0.196671
0.196914
0.200061
0.195011
0.187405
0.192529
0.194264
0.193677
0.188554
0.191485
0.187835
0.189383
0.199105
0.195888
0.20097
0.19233
0.192835
0.19006
0.182893
0.184517
0.178539
0.176526
0.179412
0.181308
0.183549
0.184772
0.183378
0.175463
0.185387
0.184833
0.18502
0.190659
0.199076
0.202558
0.200955
0.208759
0.204741
0.197378
0.196287
0.191458
0.190887
0.19182
0.196865
0.206403
0.211946
0.207373
0.213371
0.206136
0.19782
0.199987
0.201568
0.193549
0.193458
0.195301
0.195084
0.194024
0.194919
0.198514
0.197099
0.188313
0.187297
0.170607
0.174001
0.181996
0.1872
0.189026
0.198618
0.189999
0.191154
0.192944
0.192913
0.195054
0.183095
0.189151
0.191118
0.18836
0.18858
0.185615
0.187707
0.193239
0.193521
0.191465
0.190469
0.191472
0.1841
0.179714
0.198684
0.209785
0.194386
0.20116
0.196169
0.185424
0.188601
0.186522
0.181757
0.185671
0.171871
0.171712
0.174031
0.172368
0.168086
0.166476
0.172874
0.175394
0.181892
0.174785
0.180992
0.181928
0.186377
0.179096
0.176196
0.178954
0.183081
0.199788
0.186307
0.207069
0.20208
0.198632
0.223911
0.218605
0.224519
0.22058
0.223273
0.220549
0.216199
0.212691
0.211468
0.204728
0.20212
0.201214
0.208617
0.215506
0.210925
0.207652
0.203365
0.202006
0.20002
0.19854
0.210986
0.209514
0.198716
0.189287
0.18603
0.187972
0.188997
0.19281
0.192104
0.189924
0.179231
0.178142
0.178567
0.165164
0.169451
0.170266
0.172482
0.17287
0.175992
0.175224
0.165945
0.176873
0.170645
0.177582
0.180416
0.185128
0.194625
0.192352
0.193909
0.189964
0.186799
0.181346
0.179577
0.189141
0.185196
0.185692
0.187866
0.190565
0.188604
0.188023
0.188938
0.194016
0.193548
0.193565
0.193223
0.193217
0.189383
0.191309
0.194088
0.188368
0.180868
0.19376
0.19246
0.19972
0.197184
0.193503
0.191419
0.197942
0.197911
0.1998
0.197089
0.197344
0.207425
0.206561
0.19421
0.194176
0.197835
0.196033
0.193553
0.191419
0.195974
0.191536
0.191808
0.191049
0.192612
0.183962
0.184597
0.184582
0.180389
0.188738
0.179578
0.179671
0.188594
0.185862
0.185758
0.186358
0.187023
0.188363
0.189775
0.198671
0.197296
0.19822
0.198705
0.194551
0.192739
0.191985
0.198465
0.196947
0.195058
0.188391
0.18571
0.187472
0.191609
0.201453
0.208021
0.201382
0.198738
0.195638
0.203788
0.202063
0.199154
0.196773
0.206175
0.20341
0.199506
0.196793
0.207081
0.202691
0.200128
0.197624
0.199595
0.195499
0.197172
0.193546
0.188175
0.179303
0.171638
0.180501
0.197587
0.205685
0.205566
0.200075
0.198511
0.196718
0.185837
0.192324
0.206477
0.207603
0.198617
0.183799
0.192898
0.192614
0.196272
0.210204
0.202778
0.211273
0.211783
0.210686
0.205938
0.20366
0.20396
0.197107
0.198162
0.196187
0.196786
0.20053
0.193496
0.191087
0.196049
0.212925
0.219352
0.215212
0.204363
0.199511
0.187749
0.201412
0.194053
0.191226
0.17953
0.183049
0.186772
0.19228
0.194987
0.193724
0.198231
0.1963
0.201107
0.196201
0.201103
0.193166
0.206321
0.193957
0.196188
0.204415
0.204041
0.197805
0.195171
0.188215
0.193734
0.188376
0.188312
0.184562
0.186262
0.183526
0.189141
0.189804
0.187146
0.183763
0.194465
0.193715
0.202239
0.200426
0.1953
0.195737
0.200062
0.197644
0.186447
0.186615
0.186828
0.210238
0.216618
0.211819
0.211749
0.205384
0.203507
0.218048
0.208053
0.20089
0.202285
0.195579
0.198346
0.200801
0.19562
0.193936
0.194575
0.19201
0.201615
0.199725
0.197834
0.191818
0.194349
0.20176
0.199393
0.181232
0.181985
0.181926
0.184288
0.196977
0.194881
0.197963
0.203515
0.201069
0.1964
0.193794
0.184011
0.182319
0.190765
0.193064
0.189489
0.189461
0.190715
0.186318
0.18608
0.188741
0.188229
0.189075
0.192257
0.191346
0.18066
0.188348
0.192698
0.193041
0.192239
0.192351
0.183923
0.184861
0.184062
0.192046
0.188377
0.194538
0.204429
0.200749
0.200799
0.193799
0.202429
0.202023
0.198026
0.198358
0.191128
0.185746
0.188414
0.186846
0.197613
0.1962
0.198507
0.193837
0.190893
0.191307
0.192819
0.196308
0.199869
0.197081
0.184032
0.201576
0.194224
0.195033
0.204363
0.215082
0.208355
0.207424
0.211886
0.207745
0.204366
0.211807
0.207893
0.209093
0.20711
0.196663
0.180516
0.182857
0.184638
0.186856
0.194885
0.217507
0.213249
0.21851
0.22122
0.228063
0.223239
0.217339
0.221276
0.224922
0.223415
0.219851
0.215017
0.214339
0.20757
0.201701
0.200641
0.19662
0.197607
0.199032
0.19835
0.197423
0.205153
0.201544
0.20626
0.201229
0.201791
0.199957
0.201932
0.207316
0.208088
0.197001
0.192951
0.191541
0.193297
0.193138
0.183165
0.182686
0.182496
0.184648
0.181916
0.180642
0.183867
0.187976
0.187692
0.186489
0.185336
0.194789
0.194287
0.189724
0.198621
0.193867
0.193028
0.190215
0.186088
0.187534
0.183838
0.169837
0.179534
0.187952
0.176739
0.177131
0.181069
0.181095
0.18353
0.183903
0.182209
0.171881
0.17962
0.196531
0.19875
0.201103
0.199525
0.198384
0.188618
0.185062
0.187447
0.182646
0.187591
0.180662
0.18258
0.183439
0.183182
0.191831
0.187599
0.190602
0.183439
0.18498
0.192932
0.205904
0.203495
0.201605
0.201186
0.19968
0.209102
0.197969
0.188086
0.189268
0.189403
0.191316
0.187045
0.189597
0.186113
0.185956
0.191318
0.183341
0.183655
0.170184
0.175283
0.177658
0.180136
0.183193
0.180121
0.181813
0.189736
0.190957
0.18744
0.17821
0.196158
0.19603
0.206444
0.209577
0.211475
0.207051
0.202131
0.207738
0.206383
0.201253
0.208545
0.204035
0.20199
0.202706
0.199479
0.204233
0.196912
0.203277
0.199939
0.202988
0.206789
0.220093
0.21526
0.207478
0.220467
0.215897
0.205949
0.211185
0.209006
0.207975
0.203717
0.209012
0.204992
0.200057
0.196559
0.197084
0.19775
0.195518
0.19553
0.193018
0.197249
0.190546
0.198364
0.189652
0.189293
0.192952
0.193724
0.194659
0.194167
0.202674
0.202567
0.201336
0.183494
0.181899
0.185976
0.181018
0.185152
0.189717
0.19029
0.19033
0.190366
0.187793
0.185119
0.187539
0.174219
0.176366
0.183321
0.182386
0.180318
0.181757
0.181506
0.180241
0.183677
0.187293
0.188637
0.186742
0.18434
0.189654
0.183902
0.186997
0.187915
0.180909
0.179757
0.17421
0.17447
0.173364
0.181603
0.18861
0.181118
0.178198
0.180492
0.190907
0.191103
0.194429
0.194128
0.194303
0.18874
0.176745
0.182671
0.176209
0.179408
0.184814
0.190441
0.189115
0.185805
0.186474
0.19073
0.191381
0.187612
0.189059
0.193027
0.204323
0.199913
0.204013
0.22062
0.214025
0.197518
0.18615
0.18592
0.184456
0.186216
0.182527
0.190983
0.192612
0.194538
0.194468
0.197052
0.196082
0.20073
0.201619
0.201508
0.202351
0.207546
0.197859
0.198392
0.190854
0.186323
0.195921
0.211164
0.203715
0.195603
0.214807
0.210668
0.206332
0.202291
0.201409
0.197319
0.199009
0.198576
0.192689
0.192921
0.210755
0.205339
0.197903
0.196626
0.198552
0.196514
0.194241
0.198338
0.20722
0.20866
0.20728
0.21453
0.2214
0.229335
0.241158
0.231266
0.223034
0.219705
0.22806
0.22092
0.204588
0.208045
0.204726
0.203112
0.20238
0.207092
0.200951
0.205967
0.19709
0.19481
0.199222
0.196398
0.194155
0.193963
0.184711
0.186567
0.178064
0.182788
0.193968
0.194277
0.189139
0.191461
0.20544
0.211972
0.212707
0.225269
0.217839
0.213273
0.214031
0.215626
0.207898
0.203972
0.211333
0.207136
0.2066
0.212978
0.214651
0.210282
0.205081
0.209217
0.196062
0.195393
0.203396
0.201451
0.201821
0.194873
0.186489
0.178828
0.180838
0.184993
0.185587
0.184153
0.186987
0.198568
0.203661
0.19735
0.196913
0.209467
0.20538
0.206588
0.19847
0.192171
0.198451
0.206686
0.210313
0.198959
0.198194
0.19725
0.196966
0.192363
0.191978
0.193431
0.192336
0.189471
0.190173
0.191107
0.191858
0.189669
0.197253
0.204562
0.214064
0.210361
0.190582
0.191741
0.193283
0.188152
0.19142
0.190601
0.193196
0.195776
0.195635
0.199174
0.200251
0.198555
0.198845
0.198203
0.19217
0.185952
0.186925
0.186284
0.189117
0.187435
0.194435
0.187722
0.187541
0.181966
0.174554
0.169712
0.173367
0.183601
0.185146
0.178508
0.176312
0.180842
0.181007
0.198194
0.186932
0.190921
0.196554
0.202925
0.199233
0.19827
0.190018
0.190422
0.201077
0.205042
0.203138
0.21465
0.206153
0.21154
0.206852
0.217701
0.213433
0.215611
0.212438
0.203868
0.201488
0.205614
0.192245
0.186516
0.188169
0.186964
0.183879
0.187774
0.192901
0.194111
0.203435
0.187511
0.187092
0.188502
0.186494
0.194619
0.198322
0.192186
0.193243
0.197187
0.208354
0.209325
0.211774
0.211097
0.21784
0.223967
0.216832
0.214213
0.204672
0.203215
0.198758
0.19893
0.199836
0.212535
0.214015
0.205496
0.18941
0.203855
0.201262
0.205565
0.204845
0.201875
0.191049
0.190481
0.192044
0.192149
0.197315
0.191976
0.190483
0.183081
0.18397
0.194358
0.191424
0.196603
0.203369
0.205815
0.204295
0.201746
0.199073
0.198354
0.197547
0.195371
0.188127
0.197526
0.195774
0.192218
0.194907
0.197841
0.196097
0.187813
0.181085
0.181802
0.172866
0.1714
0.177029
0.180222
0.192887
0.183618
0.186032
0.182551
0.179403
0.182172
0.187175
0.192763
0.193698
0.198451
0.199296
0.195741
0.193379
0.193191
0.191161
0.194077
0.183246
0.182342
0.184609
0.185368
0.195038
0.19746
0.195319
0.178606
0.183621
0.185767
0.186216
0.191999
0.191815
0.191056
0.191333
0.185876
0.17251
0.182891
0.184792
0.178146
0.167503
0.16664
0.170301
0.172833
0.172124
0.182555
0.192593
0.193705
0.187926
0.188236
0.186509
0.187307
0.188194
0.1932
0.181231
0.18173
0.183999
0.187024
0.197251
0.196731
0.199906
0.198804
0.202998
0.194204
0.200369
0.194251
0.193635
0.200622
0.203193
0.203655
0.200618
0.182932
0.182322
0.179089
0.180817
0.172439
0.175962
0.186436
0.177702
0.182684
0.187084
0.185421
0.204778
0.202387
0.195523
0.199174
0.199304
0.190286
0.196494
0.196651
0.187033
0.190002
0.187122
0.188398
0.185406
0.181477
0.19154
0.185772
0.187969
0.195367
0.193518
0.196075
0.194914
0.190344
0.190581
0.190516
0.184671
0.186168
0.176085
0.174163
0.161444
0.162069
0.179047
0.18133
0.191261
0.188526
0.196683
0.182295
0.19769
0.193211
0.193549
0.194669
0.191694
0.196051
0.196409
0.190816
0.187086
0.187357
0.188853
0.191099
0.190377
0.208144
0.196104
0.193657
0.191448
0.189456
0.186499
0.187292
0.179542
0.183147
0.183965
0.187028
0.187627
0.191261
0.195481
0.192873
0.203889
0.211686
0.208821
0.205407
0.191618
0.191253
0.187995
0.192676
0.194366
0.199553
0.186696
0.17989
0.187672
0.188363
0.188928
0.181465
0.186785
0.188069
0.199982
0.213392
0.209361
0.206443
0.200545
0.204265
0.20918
0.212138
0.206711
0.200032
0.19549
0.199955
0.186081
0.189545
0.196085
0.195217
0.192429
0.191038
0.199769
0.199152
0.193816
0.206134
0.210311
0.217416
0.21954
0.219652
0.217874
0.215148
0.205859
0.205066
0.203074
0.202095
0.199632
0.194457
0.194058
0.199751
0.205476
0.201883
0.199267
0.185626
0.200972
0.199956
0.194371
0.19312
0.192565
0.18747
0.182558
0.189017
0.189158
0.195097
0.188785
0.187281
0.181337
0.191776
0.189103
0.190056
0.201396
0.199771
0.205875
0.20237
0.202663
0.215806
0.211758
0.207974
0.212507
0.208718
0.205793
0.20191
0.205333
0.203953
0.210432
0.214268
0.204211
0.199184
0.197372
0.211236
0.226989
0.230951
0.223532
0.2166
0.210055
0.201615
0.199492
0.200673
0.199006
0.199336
0.198439
0.191482
0.198436
0.216226
0.205022
0.205432
0.190207
0.190359
0.179715
0.178163
0.159614
0.161375
0.155433
0.165512
0.174339
0.176014
0.177414
0.182834
0.177736
0.176443
0.178542
0.181404
0.183014
0.184782
0.193535
0.183191
0.186465
0.191127
0.191286
0.186298
0.186451
0.189817
0.203485
0.199154
0.197714
0.191819
0.196141
0.18835
0.184361
0.188123
0.195276
0.199676
0.201632
0.200737
0.199358
0.197124
0.194294
0.199052
0.199162
0.199155
0.199019
0.197532
0.199661
0.201258
0.19842
0.194914
0.199646
0.186875
0.185881
0.193992
0.185733
0.18752
0.179592
0.182051
0.186767
0.180977
0.181814
0.183149
0.194272
0.193862
0.191669
0.190642
0.193908
0.192691
0.186425
0.195112
0.192241
0.194348
0.190693
0.191348
0.193728
0.207598
0.212442
0.211568
0.20994
0.209595
0.204854
0.190971
0.195034
0.200336
0.193736
0.184132
0.176281
0.18799
0.19108
0.192568
0.190546
0.19622
0.193571
0.194119
0.193576
0.196799
0.190735
0.192339
0.190282
0.187157
0.181444
0.185586
0.187096
0.170974
0.175563
0.178502
0.178783
0.189303
0.180949
0.174372
0.176648
0.184619
0.186078
0.185369
0.195755
0.195988
0.193492
0.189827
0.187003
0.190699
0.198214
0.203307
0.19941
0.186749
0.187921
0.187594
0.188601
0.182173
0.186991
0.197048
0.196268
0.201203
0.198146
0.196729
0.189468
0.19013
0.198401
0.181493
0.186004
0.186492
0.193028
0.191327
0.191984
0.190133
0.199717
0.208823
0.19769
0.19782
0.18582
0.187347
0.187745
0.188048
0.189232
0.183747
0.186301
0.18858
0.178577
0.172525
0.175416
0.171934
0.175716
0.181419
0.178283
0.184385
0.188812
0.187397
0.188918
0.18791
0.190007
0.191961
0.192864
0.19655
0.196497
0.19316
0.197237
0.193778
0.195886
0.194929
0.194221
0.174858
0.173371
0.172531
0.174736
0.17286
0.183706
0.184667
0.183206
0.177884
0.181027
0.184278
0.187054
0.185983
0.197047
0.193482
0.196812
0.195176
0.184519
0.17303
0.171485
0.175803
0.178365
0.177037
0.18659
0.194999
0.191575
0.200468
0.180709
0.188711
0.183653
0.190716
0.192566
0.193807
0.186302
0.186125
0.193967
0.188259
0.181212
0.185351
0.192736
0.200762
0.200667
0.198102
0.196425
0.195105
0.189522
0.178759
0.176706
0.181041
0.182258
0.171373
0.171926
0.174808
0.177331
0.174648
0.171072
0.173828
0.168972
0.183279
0.184561
0.190039
0.190611
0.183878
0.18
0.186887
0.186695
0.186333
0.194379
0.204734
0.203801
0.197497
0.190388
0.192849
0.177996
0.178253
0.176812
0.18464
0.193124
0.190539
0.195888
0.192909
0.189336
0.191585
0.190833
0.19078
0.191888
0.194839
0.182522
0.187562
0.187973
0.186627
0.181931
0.182162
0.18804
0.193011
0.200725
0.204763
0.205352
0.20191
0.192543
0.194462
0.193839
0.198049
0.198314
0.200444
0.198987
0.192727
0.184901
0.186008
0.186973
0.187003
0.183082
0.186148
0.191123
0.203326
0.205135
0.189361
0.189454
0.178018
0.192622
0.179208
0.173967
0.189836
0.180247
0.178015
0.17361
0.17531
0.177435
0.183561
0.171878
0.158766
0.168512
0.17165
0.182265
0.196969
0.203231
0.201559
0.207811
0.205418
0.202348
0.194707
0.199426
0.199343
0.206797
0.20395
0.207012
0.215278
0.209864
0.205898
0.196152
0.196682
0.195514
0.187547
0.185807
0.178728
0.187174
0.192676
0.184677
0.19064
0.194486
0.192584
0.200622
0.198554
0.194372
0.184539
0.185914
0.192273
0.188993
0.188667
0.193979
0.193868
0.193527
0.192719
0.189705
0.184295
0.190249
0.189577
0.195676
0.197387
0.194259
0.189511
0.189956
0.18854
0.183996
0.17888
0.183506
0.173522
0.171468
0.171049
0.175965
0.178163
0.174412
0.177653
0.180921
0.182764
0.18267
0.191164
0.191036
0.192077
0.183547
0.179441
0.181712
0.183761
0.182363
0.183619
0.190668
0.190647
0.190887
0.191707
0.191113
0.181652
0.191354
0.194626
0.189568
0.190126
0.193601
0.207141
0.199775
0.190928
0.192705
0.192281
0.187508
0.196444
0.200263
0.192887
0.185796
0.182035
0.183402
0.184448
0.183918
0.188882
0.19127
0.191615
0.185021
0.186183
0.186912
0.188602
0.188013
0.184435
0.190793
0.190067
0.178457
0.182829
0.186393
0.190263
0.179762
0.174958
0.179139
0.175481
0.178545
0.183774
0.180041
0.182285
0.184991
0.184777
0.181955
0.191187
0.195643
0.194165
0.193666
0.193374
0.208961
0.194318
0.18404
0.18977
0.195745
0.195403
0.17281
0.175492
0.172497
0.170057
0.168649
0.176547
0.173341
0.177653
0.169874
0.186537
0.188823
0.187947
0.196245
0.196202
0.19239
0.181181
0.181522
0.180101
0.19787
0.196558
0.195796
0.198168
0.200973
0.200081
0.194954
0.189392
0.193561
0.188502
0.189307
0.191008
0.196496
0.188876
0.188371
0.196313
0.193433
0.19591
0.201842
0.200877
0.189821
0.18865
0.189476
0.184986
0.186011
0.188875
0.20277
0.208545
0.207679
0.20789
0.210524
0.229001
0.217057
0.213094
0.209356
0.197927
0.199236
0.212136
0.213132
0.20718
0.205536
0.202126
0.203914
0.207583
0.208538
0.203235
0.203562
0.199516
0.199967
0.187808
0.190995
0.184815
0.184673
0.184488
0.189993
0.190564
0.185107
0.182404
0.18578
0.186246
0.185879
0.183945
0.194892
0.194205
0.198411
0.198094
0.19655
0.183284
0.203688
0.201445
0.191809
0.188001
0.182738
0.178904
0.185269
0.192072
0.191914
0.196238
0.201094
0.198619
0.208244
0.203472
0.202064
0.198146
0.199352
0.195907
0.185988
0.180419
0.167636
0.165101
0.168863
0.157762
0.162796
0.158185
0.163489
0.168264
0.168743
0.172925
0.16611
0.166187
0.16928
0.179127
0.18414
0.186042
0.191893
0.18212
0.177347
0.181468
0.164477
0.166189
0.173814
0.180821
0.196427
0.199889
0.195838
0.20321
0.200151
0.198105
0.19057
0.185156
0.186857
0.189001
0.192593
0.19384
0.202609
0.18946
0.188454
0.190035
0.195739
0.194778
0.193433
0.205815
0.200385
0.212048
0.204919
0.201219
0.202673
0.199975
0.210229
0.206178
0.20201
0.185117
0.194268
0.196067
0.196135
0.195754
0.20788
0.207744
0.211
0.202957
0.191385
0.192318
0.191594
0.187906
0.186638
0.1919
0.183537
0.184863
0.185518
0.184362
0.175995
0.180983
0.167789
0.171264
0.18113
0.182141
0.175736
0.177483
0.184488
0.197567
0.190624
0.194652
0.192316
0.192782
0.192134
0.191263
0.199364
0.198889
0.188445
0.192704
0.190548
0.189632
0.188585
0.190432
0.189263
0.206551
0.198935
0.197735
0.196027
0.195064
0.193701
0.19286
0.187957
0.190746
0.191291
0.189695
0.198087
0.206114
0.199381
0.19859
0.204506
0.19319
0.191911
0.190291
0.200869
0.215417
0.217389
0.213229
0.208968
0.208077
0.203494
0.207202
0.206005
0.20147
0.199156
0.207705
0.204371
0.197914
0.1999
0.197227
0.195854
0.194559
0.199256
0.198808
0.19782
0.200528
0.198554
0.205682
0.204548
0.199256
0.197242
0.205298
0.19594
0.19453
0.193792
0.200031
0.201824
0.206145
0.204793
0.207805
0.204503
0.19115
0.190213
0.189823
0.187715
0.184654
0.185187
0.18837
0.186917
0.177315
0.183268
0.188701
0.186851
0.190556
0.189249
0.194271
0.193928
0.189821
0.191981
0.192356
0.190746
0.201324
0.19414
0.18793
0.191013
0.186423
0.185584
0.19413
0.19451
0.191884
0.185728
0.189018
0.183109
0.178562
0.179711
0.183166
0.184756
0.185098
0.177637
0.180167
0.178991
0.17575
0.184765
0.185315
0.182975
0.186854
0.193384
0.184949
0.197707
0.199139
0.197855
0.195356
0.206227
0.197098
0.18995
0.176188
0.183487
0.185757
0.173129
0.173785
0.172124
0.170232
0.173415
0.177217
0.191944
0.194119
0.198143
0.198128
0.192852
0.191881
0.188287
0.185312
0.1992
0.196373
0.194347
0.197229
0.191464
0.189007
0.187905
0.197931
0.196845
0.193691
0.194575
0.194043
0.192276
0.202097
0.190878
0.203074
0.193956
0.183011
0.18394
0.190292
0.20416
0.207826
0.194994
0.19478
0.198003
0.198177
0.196439
0.185955
0.181109
0.181664
0.186646
0.187504
0.186055
0.191075
0.193112
0.196486
0.210845
0.207984
0.201828
0.197126
0.204626
0.203946
0.197655
0.198038
0.194515
0.190764
0.192414
0.208146
0.199397
0.204271
0.198028
0.19654
0.197023
0.194349
0.212648
0.211306
0.205803
0.199823
0.189061
0.188689
0.186277
0.181491
0.17246
0.174328
0.177756
0.186494
0.196572
0.193994
0.196028
0.194873
0.197256
0.194083
0.191745
0.191507
0.185628
0.182502
0.180535
0.177881
0.180075
0.181788
0.188554
0.178939
0.172918
0.17694
0.179256
0.177439
0.182018
0.185578
0.186404
0.196788
0.195495
0.194272
0.192846
0.19423
0.190535
0.190763
0.209406
0.212486
0.209859
0.219225
0.214683
0.213863
0.20388
0.20102
0.195657
0.196346
0.194003
0.194275
0.179886
0.186454
0.188091
0.190266
0.19281
0.194529
0.198976
0.192275
0.190644
0.187478
0.184197
0.179111
0.181097
0.184571
0.185168
0.18822
0.186594
0.190601
0.199695
0.186192
0.17188
0.169761
0.172463
0.180583
0.183867
0.205589
0.212043
0.211176
0.206695
0.202612
0.199702
0.195972
0.196412
0.189288
0.190459
0.188784
0.193192
0.193613
0.191272
0.195797
0.182983
0.184183
0.188661
0.175107
0.176995
0.177634
0.165134
0.166323
0.168543
0.176461
0.178319
0.177113
0.176426
0.1815
0.178186
0.173687
0.179047
0.182792
0.18278
0.192195
0.204737
0.200183
0.198749
0.196867
0.20235
0.199621
0.19964
0.196643
0.197208
0.194
0.20236
0.198673
0.195737
0.195236
0.194684
0.196143
0.195445
0.192431
0.185187
0.192536
0.194504
0.191592
0.1922
0.192662
0.194067
0.196333
0.203691
0.202446
0.209803
0.214998
0.221552
0.216315
0.21156
0.205565
0.193454
0.190045
0.194903
0.190089
0.19001
0.194237
0.19171
0.190255
0.190923
0.198762
0.195843
0.193386
0.193772
0.204246
0.201612
0.182978
0.187738
0.18908
0.188908
0.187609
0.185764
0.194626
0.186606
0.186704
0.184993
0.184202
0.193508
0.177442
0.17785
0.174834
0.17848
0.177711
0.190748
0.189134
0.183576
0.185005
0.184175
0.179234
0.182426
0.181694
0.182963
0.183723
0.176303
0.17777
0.180281
0.191829
0.192399
0.206592
0.19946
0.19589
0.189164
0.185646
0.186288
0.188749
0.185237
0.187449
0.184751
0.185124
0.187729
0.182009
0.185871
0.187043
0.186791
0.194422
0.193717
0.195228
0.193906
0.192371
0.191356
0.194075
0.191076
0.17753
0.202149
0.201626
0.203561
0.192402
0.194456
0.192704
0.192128
0.190542
0.187293
0.188236
0.17662
0.179149
0.185855
0.186617
0.186714
0.187485
0.189049
0.186771
0.185535
0.186773
0.187593
0.1945
0.194256
0.19478
0.186182
0.186786
0.188292
0.188364
0.190184
0.198087
0.198741
0.202939
0.201514
0.2004
0.20135
0.209926
0.208142
0.213139
0.210997
0.222733
0.21473
0.212584
0.216192
0.20812
0.215146
0.21108
0.201689
0.201513
0.205199
0.195457
0.210234
0.209746
0.207016
0.212562
0.201771
0.200105
0.1987
0.194348
0.191309
0.203314
0.208602
0.199059
0.195824
0.182682
0.179952
0.176772
0.175884
0.180406
0.170901
0.173808
0.174076
0.181491
0.169875
0.183776
0.184131
0.172969
0.175716
0.174268
0.176954
0.188303
0.196178
0.209802
0.211415
0.207592
0.215969
0.221014
0.218426
0.214639
0.214704
0.19595
0.201888
0.1999
0.198291
0.192752
0.190259
0.189881
0.195524
0.204539
0.194671
0.195469
0.196259
0.19594
0.19514
0.193381
0.196364
0.196011
0.210736
0.21318
0.206048
0.203199
0.201901
0.211419
0.210586
0.205644
0.204744
0.189738
0.196588
0.199086
0.1996
0.197532
0.200174
0.201658
0.200698
0.199143
0.199207
0.194239
0.197435
0.190046
0.201493
0.195929
0.190158
0.191036
0.186516
0.183022
0.184022
0.191735
0.183578
0.187796
0.195805
0.197492
0.197223
0.195959
0.192423
0.202271
0.196435
0.1889
0.192623
0.179705
0.181178
0.18119
0.18237
0.192969
0.192774
0.182218
0.186525
0.185821
0.172154
0.173936
0.16556
0.16904
0.186427
0.189236
0.1894
0.20073
0.202188
0.187563
0.190659
0.1834
0.183409
0.180962
0.198809
0.190617
0.192778
0.196898
0.194779
0.19499
0.187815
0.188249
0.191502
0.191614
0.181522
0.185366
0.183827
0.192204
0.188829
0.18937
0.189955
0.184078
0.187203
0.187324
0.188965
0.166276
0.168761
0.171865
0.171934
0.172269
0.162815
0.152751
0.156404
0.162364
0.164301
0.178068
0.178622
0.175757
0.177865
0.172792
0.174384
0.172987
0.176435
0.175858
0.181904
0.186132
0.186036
0.203222
0.208185
0.204857
0.201511
0.199446
0.199495
0.199573
0.193341
0.193354
0.193902
0.193721
0.190246
0.187748
0.183959
0.181074
0.183222
0.182646
0.187983
0.183991
0.185442
0.187482
0.19972
0.20208
0.196634
0.194007
0.194203
0.200402
0.198378
0.200215
0.213032
0.209724
0.212829
0.205185
0.202991
0.20192
0.198085
0.206449
0.202054
0.199768
0.204474
0.207515
0.210162
0.207431
0.209243
0.196673
0.202531
0.201458
0.202949
0.195717
0.1962
0.195316
0.198262
0.192601
0.184195
0.176394
0.168113
0.177276
0.178196
0.181104
0.179837
0.176545
0.166687
0.169217
0.177713
0.184727
0.195712
0.201071
0.204037
0.202203
0.200703
0.19889
0.191495
0.191343
0.187165
0.201423
0.196563
0.193243
0.19385
0.183826
0.179402
0.181703
0.185384
0.182058
0.186875
0.189797
0.174259
0.173387
0.178187
0.186336
0.185197
0.190715
0.185794
0.182383
0.186422
0.192521
0.193331
0.199454
0.209977
0.202135
0.196371
0.198134
0.198137
0.201271
0.207925
0.205102
0.202874
0.204439
0.208131
0.209098
0.205538
0.192856
0.192146
0.185977
0.190362
0.182771
0.182686
0.187143
0.191479
0.187939
0.188203
0.192158
0.181375
0.175076
0.179483
0.180506
0.189949
0.174298
0.163172
0.158997
0.165494
0.179758
0.182154
0.18409
0.196943
0.200948
0.196466
0.206719
0.196278
0.195117
0.19455
0.205094
0.202604
0.191348
0.197804
0.19691
0.192646
0.191008
0.187952
0.195548
0.194321
0.199402
0.196555
0.187503
0.187544
0.198306
0.192577
0.185865
0.187056
0.193467
0.195855
0.211298
0.209783
0.206362
0.204901
0.203083
0.213404
0.206096
0.217317
0.214927
0.201144
0.206028
0.20993
0.200742
0.200353
0.183971
0.190096
0.185972
0.186684
0.186692
0.189126
0.190782
0.191572
0.193342
0.19035
0.190538
0.190119
0.182482
0.185105
0.182863
0.188239
0.191174
0.182792
0.182479
0.178327
0.185041
0.196718
0.192773
0.210379
0.207296
0.216831
0.217093
0.204611
0.205012
0.199459
0.191424
0.198054
0.200942
0.204581
0.204048
0.20956
0.207242
0.202861
0.196821
0.195405
0.189386
0.189566
0.209641
0.207899
0.209202
0.214162
0.207291
0.202177
0.198181
0.19314
0.185486
0.188501
0.184467
0.189086
0.189145
0.189383
0.185983
0.195468
0.201678
0.202779
0.211114
0.215032
0.209106
0.211867
0.201671
0.195069
0.198822
0.202088
0.200555
0.198766
0.190501
0.194347
0.19624
0.195317
0.19592
0.199442
0.197013
0.1911
0.19033
0.211111
0.20682
0.202749
0.205456
0.192009
0.191674
0.187684
0.187693
0.189169
0.203423
0.211406
0.207998
0.208944
0.203843
0.199916
0.198307
0.197352
0.198199
0.20576
0.20405
0.199191
0.202398
0.201153
0.197215
0.194486
0.187374
0.200339
0.195532
0.192989
0.198489
0.206615
0.191945
0.185718
0.186746
0.197563
0.197319
0.187565
0.190756
0.189716
0.190712
0.200381
0.203269
0.21193
0.208043
0.198479
0.196585
0.186708
0.191934
0.191799
0.195378
0.198121
0.21468
0.213505
0.195669
0.191014
0.18634
0.199147
0.206513
0.195803
0.195484
0.192176
0.188069
0.187969
0.194142
0.191812
0.183749
0.178939
0.180986
0.183678
0.184832
0.186976
0.188088
0.188806
0.191685
0.192097
0.191891
0.188807
0.184661
0.179058
0.178223
0.183725
0.170808
0.170461
0.169013
0.167508
0.165908
0.161213
0.168151
0.165197
0.175388
0.181428
0.184187
0.184254
0.184156
0.185826
0.183137
0.172028
0.183829
0.187083
0.197327
0.193469
0.204565
0.202731
0.202033
0.20096
0.197382
0.196199
0.201286
0.2009
0.19603
0.20213
0.199225
0.197562
0.208379
0.197397
0.200146
0.198755
0.201748
0.201167
0.198781
0.201097
0.20268
0.204823
0.205816
0.213663
0.213659
0.217844
0.224433
0.219717
0.220921
0.211179
0.208625
0.206994
0.202992
0.203342
0.21047
0.204911
0.20837
0.205297
0.203263
0.199156
0.200227
0.204772
0.21128
0.213088
0.20009
0.205924
0.201175
0.222329
0.21665
0.214738
0.209117
0.207602
0.198266
0.194209
0.1944
0.200795
0.201641
0.193253
0.188669
0.195615
0.183825
0.195911
0.199306
0.197935
0.198235
0.182895
0.189247
0.191144
0.191948
0.199321
0.197385
0.197962
0.197541
0.193261
0.197535
0.198954
0.19654
0.19762
0.198885
0.198402
0.199665
0.204138
0.194273
0.193588
0.192316
0.195596
0.206441
0.203812
0.203025
0.210805
0.204767
0.203389
0.202736
0.20266
0.206786
0.204889
0.207661
0.208659
0.206045
0.204993
0.181046
0.177929
0.174082
0.175496
0.17619
0.174708
0.172183
0.174463
0.177161
0.178577
0.169406
0.172324
0.164166
0.165711
0.16197
0.15901
0.163738
0.166707
0.169617
0.175032
0.178177
0.179299
0.178776
0.183102
0.180537
0.163399
0.161298
0.171318
0.183927
0.182069
0.18904
0.192861
0.192329
0.191488
0.190707
0.185929
0.185298
0.188183
0.184427
0.187635
0.198086
0.19838
0.190187
0.189582
0.187373
0.181791
0.182506
0.184387
0.18886
0.196326
0.195536
0.200336
0.199506
0.196988
0.206907
0.203888
0.197452
0.194898
0.193123
0.196637
0.204316
0.195877
0.188526
0.197515
0.195206
0.193021
0.194189
0.201966
0.188368
0.196316
0.200502
0.197293
0.19413
0.185079
0.184607
0.170794
0.176221
0.189055
0.187733
0.180119
0.190054
0.193421
0.211209
0.210077
0.194781
0.198395
0.194787
0.191399
0.180826
0.17996
0.182522
0.186616
0.17228
0.172225
0.175525
0.171989
0.174846
0.175832
0.18454
0.187043
0.188829
0.198023
0.20443
0.204058
0.193775
0.171568
0.171787
0.176595
0.194214
0.187024
0.182732
0.191896
0.194614
0.189422
0.164143
0.168786
0.180115
0.172685
0.175611
0.171222
0.171068
0.174027
0.172706
0.175417
0.178534
0.180149
0.18256
0.189239
0.190438
0.187869
0.189673
0.19269
0.197212
0.200714
0.199575
0.20892
0.225132
0.220279
0.214942
0.207224
0.204143
0.198447
0.196232
0.19631
0.202538
0.200752
0.199105
0.196453
0.197021
0.183815
0.188491
0.201584
0.200977
0.207429
0.203209
0.195711
0.195589
0.199554
0.199315
0.201826
0.205368
0.208961
0.205392
0.212689
0.209017
0.196443
0.210052
0.207823
0.206276
0.201838
0.199526
0.201403
0.195561
0.195824
0.196893
0.178794
0.178356
0.181165
0.175238
0.179043
0.181474
0.191139
0.195434
0.209417
0.212971
0.209083
0.214043
0.212791
0.205672
0.204063
0.201089
0.193877
0.19817
0.196761
0.193582
0.191173
0.181196
0.179617
0.186441
0.187306
0.193032
0.188805
0.188064
0.188201
0.191581
0.192848
0.194279
0.193859
0.191992
0.191557
0.196794
0.199177
0.197062
0.1972
0.194581
0.180036
0.189684
0.195708
0.196446
0.19976
0.191294
0.187301
0.188275
0.189953
0.19875
0.19758
0.194763
0.188294
0.190634
0.188252
0.190636
0.193691
0.193297
0.196965
0.19662
0.200006
0.190787
0.210836
0.201816
0.202048
0.210469
0.197115
0.200279
0.205213
0.208458
0.202747
0.19777
0.188591
0.188947
0.183145
0.183564
0.183864
0.162936
0.166137
0.169187
0.178691
0.18494
0.191751
0.2015
0.205713
0.205022
0.204622
0.194976
0.198893
0.193984
0.194942
0.194869
0.198571
0.194101
0.189233
0.1893
0.186992
0.196469
0.19169
0.18318
0.183377
0.183265
0.181987
0.170485
0.167386
0.176739
0.177685
0.177338
0.185401
0.186427
0.18457
0.175619
0.179003
0.180469
0.17473
0.16897
0.166294
0.176096
0.186682
0.185401
0.18627
0.190692
0.189941
0.188166
0.178206
0.171054
0.17205
0.175346
0.192796
0.18278
0.172905
0.175758
0.178755
0.190547
0.190797
0.191214
0.201821
0.201106
0.206756
0.202244
0.210784
0.223499
0.203458
0.20118
0.195505
0.196064
0.212266
0.204813
0.205137
0.207919
0.205551
0.205095
0.225478
0.215428
0.205299
0.200348
0.199206
0.195457
0.196452
0.189725
0.206103
0.213603
0.202894
0.205397
0.203356
0.196476
0.192689
0.196045
0.195872
0.195329
0.193659
0.185925
0.19024
0.197932
0.204669
0.199233
0.204827
0.200247
0.204719
0.204771
0.201249
0.194966
0.202932
0.201402
0.214883
0.209159
0.206939
0.20018
0.198303
0.21479
0.210785
0.195819
0.197839
0.199107
0.208586
0.20526
0.20431
0.202533
0.197773
0.196454
0.191665
0.192113
0.198785
0.204906
0.200587
0.20907
0.216022
0.207447
0.207075
0.202501
0.200252
0.198816
0.191577
0.208485
0.213391
0.206156
0.2165
0.202298
0.203077
0.210093
0.206082
0.204398
0.190961
0.190623
0.1892
0.178752
0.187361
0.185668
0.191808
0.187659
0.187948
0.183777
0.183485
0.192322
0.186797
0.185646
0.187575
0.191281
0.185954
0.175524
0.177025
0.173486
0.169536
0.165081
0.175245
0.177131
0.176204
0.169982
0.173767
0.171791
0.176884
0.179403
0.175427
0.176281
0.185101
0.183281
0.184235
0.181911
0.178491
0.175536
0.186281
0.184369
0.188333
0.187525
0.18416
0.190927
0.188587
0.192369
0.193423
0.172522
0.179913
0.180581
0.180118
0.188158
0.18433
0.186097
0.171096
0.173417
0.175338
0.180854
0.16931
0.174898
0.179262
0.18111
0.178066
0.184965
0.199535
0.201206
0.20048
0.192531
0.187246
0.184081
0.181861
0.17665
0.167809
0.174565
0.177732
0.185693
0.197956
0.190888
0.190298
0.195811
0.19692
0.200024
0.204187
0.186677
0.188847
0.193678
0.189673
0.186679
0.18995
0.187207
0.18556
0.183482
0.183236
0.183857
0.192268
0.199829
0.194499
0.190199
0.191314
0.189907
0.189704
0.192101
0.191834
0.19208
0.186529
0.184415
0.186879
0.198278
0.196319
0.190051
0.175766
0.180773
0.169606
0.17092
0.178616
0.179902
0.182172
0.180263
0.187614
0.188154
0.200396
0.19285
0.203605
0.202552
0.195889
0.195157
0.190066
0.192612
0.193269
0.187518
0.207846
0.20515
0.204222
0.194046
0.181048
0.185008
0.184019
0.180621
0.182535
0.179845
0.177474
0.174977
0.178843
0.174641
0.183912
0.18746
0.187327
0.198565
0.205944
0.201932
0.205654
0.201203
0.203981
0.199057
0.191932
0.20118
0.205849
0.208711
0.20217
0.200593
0.200229
0.203321
0.196431
0.199041
0.186317
0.187288
0.182416
0.181644
0.180819
0.191875
0.191136
0.193355
0.208753
0.218043
0.212522
0.205576
0.197548
0.199352
0.199514
0.198999
0.206282
0.206813
0.20422
0.212184
0.209522
0.200475
0.211661
0.205268
0.202825
0.200256
0.200143
0.202268
0.20267
0.200405
0.201656
0.20185
0.206009
0.202423
0.202752
0.20588
0.197667
0.196474
0.193666
0.202623
0.20025
0.197267
0.197499
0.19906
0.191296
0.192499
0.204631
0.198946
0.203227
0.193637
0.194888
0.19859
0.205242
0.200122
0.201805
0.191043
0.181039
0.1662
0.176624
0.182424
0.183871
0.184953
0.189394
0.189373
0.192171
0.200427
0.196346
0.194997
0.196367
0.182277
0.183989
0.185585
0.186329
0.185427
0.187092
0.183731
0.185472
0.182999
0.199875
0.205601
0.205383
0.212589
0.202426
0.20099
0.198473
0.208707
0.21491
0.200329
0.198183
0.195516
0.183597
0.186573
0.178939
0.178942
0.18169
0.190002
0.188228
0.188543
0.192589
0.195155
0.197915
0.19728
0.196228
0.191104
0.190077
0.191005
0.189188
0.186077
0.163901
0.168054
0.173093
0.179794
0.17932
0.17886
0.178383
0.178131
0.173478
0.175821
0.17002
0.168396
0.16725
0.163379
0.179594
0.18071
0.181181
0.181242
0.185038
0.183266
0.180442
0.181543
0.190956
0.189279
0.187145
0.203797
0.210449
0.207102
0.207413
0.200415
0.20164
0.206706
0.209079
0.213352
0.194868
0.192229
0.192923
0.19159
0.196098
0.193643
0.205404
0.204847
0.203653
0.203992
0.199097
0.202955
0.200114
0.200187
0.197553
0.197841
0.181235
0.173159
0.182909
0.183901
0.176219
0.175183
0.184087
0.169407
0.175914
0.171827
0.174525
0.170642
0.18561
0.173691
0.187651
0.185911
0.190359
0.193938
0.182804
0.193996
0.198102
0.195838
0.205936
0.19799
0.201229
0.197527
0.187152
0.186977
0.188194
0.188984
0.191594
0.182104
0.184386
0.177312
0.184052
0.179229
0.180153
0.180562
0.17929
0.180877
0.184635
0.190541
0.201331
0.198166
0.183512
0.18122
0.183721
0.183063
0.183476
0.182134
0.185842
0.187451
0.182246
0.202195
0.201184
0.195216
0.200335
0.197913
0.1927
0.192153
0.191203
0.207691
0.20528
0.179635
0.187699
0.184535
0.179958
0.18238
0.179716
0.182123
0.18462
0.195181
0.199799
0.199567
0.197897
0.204157
0.202154
0.201008
0.195228
0.196068
0.194904
0.203892
0.200115
0.195695
0.195002
0.194317
0.196002
0.185702
0.191641
0.193644
0.189511
0.195147
0.194776
0.195688
0.192503
0.201756
0.200238
0.201885
0.193712
0.199656
0.202429
0.201994
0.202091
0.200791
0.188809
0.175754
0.170676
0.181043
0.188733
0.189896
0.188434
0.182218
0.193846
0.18925
0.194415
0.190324
0.183324
0.188709
0.190569
0.189898
0.18851
0.191145
0.190656
0.192182
0.185032
0.188823
0.189522
0.189872
0.187888
0.199255
0.203181
0.21253
0.1986
0.198251
0.197692
0.210802
0.207097
0.206071
0.194999
0.194273
0.20753
0.205298
0.193576
0.192699
0.195581
0.194757
0.193373
0.190641
0.191908
0.187012
0.190979
0.193784
0.194768
0.193886
0.188279
0.191039
0.182164
0.187284
0.18209
0.188999
0.183524
0.186311
0.184735
0.201775
0.200095
0.190339
0.192632
0.194554
0.193762
0.196567
0.195851
0.204356
0.19903
0.203435
0.202097
0.201948
0.202686
0.202085
0.197285
0.19623
0.190141
0.189494
0.191137
0.18804
0.18588
0.192301
0.191835
0.191651
0.192058
0.193334
0.203154
0.207009
0.205193
0.214144
0.208559
0.207766
0.204661
0.203929
0.196621
0.196742
0.200525
0.200013
0.20224
0.211038
0.201547
0.205596
0.203391
0.198598
0.191467
0.191466
0.196656
0.192699
0.188527
0.187326
0.187573
0.182189
0.179695
0.182544
0.186304
0.189305
0.190259
0.198078
0.192979
0.186079
0.190514
0.17946
0.174346
0.177606
0.183381
0.182877
0.175744
0.178024
0.178591
0.182749
0.193072
0.192247
0.198278
0.194057
0.192612
0.195753
0.189162
0.189776
0.178972
0.179362
0.174135
0.172036
0.173179
0.174168
0.193662
0.201248
0.206647
0.202579
0.196036
0.193415
0.200158
0.208972
0.211164
0.205182
0.201064
0.194405
0.185928
0.184664
0.177019
0.17489
0.175889
0.179718
0.178067
0.182957
0.182769
0.18234
0.184637
0.179633
0.178462
0.183553
0.194381
0.193312
0.183764
0.184857
0.184574
0.174548
0.171045
0.169204
0.171999
0.174397
0.174276
0.175124
0.183393
0.184386
0.187121
0.187403
0.183007
0.18145
0.184132
0.191651
0.194785
0.195165
0.190222
0.191299
0.188814
0.18025
0.180359
0.172137
0.182778
0.184221
0.194136
0.184398
0.183313
0.192149
0.194831
0.192326
0.190238
0.187598
0.190874
0.203145
0.20023
0.212181
0.207464
0.200255
0.195808
0.191628
0.190846
0.18729
0.186636
0.199968
0.198624
0.196906
0.194865
0.205238
0.198646
0.198377
0.195732
0.187267
0.180143
0.181911
0.180718
0.185409
0.189986
0.196369
0.198052
0.202242
0.192364
0.184923
0.178425
0.179967
0.180758
0.182159
0.178879
0.180696
0.182265
0.185507
0.185114
0.192658
0.191368
0.192381
0.190697
0.192526
0.192074
0.182455
0.177867
0.157848
0.178926
0.193706
0.193589
0.200571
0.208799
0.210933
0.205463
0.195041
0.198945
0.19805
0.19639
0.200952
0.200262
0.198933
0.202231
0.195521
0.194205
0.193958
0.200868
0.19976
0.206442
0.205257
0.197139
0.196599
0.197573
0.201505
0.201052
0.206904
0.208636
0.211942
0.210607
0.207511
0.207343
0.20165
0.207128
0.206019
0.203247
0.201755
0.201246
0.198642
0.199814
0.201806
0.198704
0.198107
0.200585
0.202129
0.206268
0.189965
0.190364
0.192103
0.192896
0.192399
0.207141
0.208556
0.205562
0.202479
0.212085
0.209894
0.199744
0.198353
0.181514
0.1859
0.191429
0.19079
0.19539
0.201962
0.199465
0.197376
0.189405
0.195371
0.202045
0.206488
0.20237
0.194842
0.190847
0.190635
0.191086
0.193802
0.197942
0.196344
0.195801
0.190648
0.199596
0.205836
0.196451
0.190922
0.191703
0.193324
0.190483
0.195121
0.19513
0.196079
0.193842
0.195268
0.19537
0.204927
0.198741
0.20362
0.200461
0.198801
0.199631
0.191394
0.188391
0.192429
0.192407
0.188459
0.189356
0.175032
0.180651
0.179923
0.178585
0.182435
0.179145
0.179347
0.19077
0.184955
0.192241
0.185202
0.198971
0.199644
0.199518
0.193375
0.194001
0.195017
0.187512
0.192735
0.191812
0.19345
0.192342
0.188557
0.18979
0.191268
0.198064
0.197549
0.195716
0.197785
0.200561
0.194564
0.19952
0.194282
0.195975
0.19899
0.197867
0.197413
0.195735
0.202222
0.199527
0.199941
0.199338
0.203726
0.203009
0.197392
0.198376
0.212845
0.213562
0.217572
0.212739
0.209315
0.207251
0.192723
0.21234
0.212646
0.209309
0.206929
0.201664
0.209733
0.20703
0.209714
0.213625
0.21017
0.196568
0.191208
0.196522
0.198096
0.205326
0.201642
0.199316
0.200196
0.197484
0.191347
0.189585
0.189624
0.188706
0.188578
0.185148
0.180786
0.186956
0.200851
0.197051
0.201228
0.196219
0.198082
0.188067
0.18959
0.189945
0.190193
0.181197
0.180967
0.182761
0.185888
0.180262
0.189771
0.189895
0.184739
0.18874
0.187968
0.187832
0.19549
0.192229
0.187556
0.192821
0.186901
0.182204
0.176174
0.187426
0.200597
0.203371
0.19957
0.19846
0.196978
0.202942
0.193521
0.192612
0.195591
0.190636
0.186552
0.187361
0.18866
0.191636
0.203429
0.200685
0.190997
0.196188
0.193236
0.189011
0.187311
0.187979
0.192862
0.191704
0.191024
0.188286
0.189071
0.188679
0.181353
0.183305
0.174173
0.180849
0.184241
0.181407
0.183534
0.172168
0.177507
0.177775
0.182392
0.185176
0.176588
0.177874
0.182285
0.184764
0.1786
0.178972
0.182049
0.173261
0.180417
0.180716
0.187277
0.185304
0.185236
0.176303
0.183802
0.196765
0.195136
0.198648
0.199781
0.20211
0.204296
0.202683
0.211794
0.208574
0.200876
0.199564
0.204651
0.202851
0.208665
0.209137
0.204975
0.197039
0.196605
0.189467
0.198549
0.197895
0.194611
0.193323
0.200776
0.199331
0.196582
0.194367
0.188553
0.19075
0.189874
0.198005
0.1956
0.203088
0.202389
0.204141
0.209226
0.205701
0.203288
0.202505
0.205397
0.202457
0.207898
0.206056
0.212902
0.214393
0.213475
0.206771
0.206893
0.203677
0.202487
0.191462
0.189865
0.190047
0.19289
0.181893
0.169661
0.174585
0.177852
0.180282
0.175694
0.183192
0.187954
0.184705
0.188425
0.185099
0.17143
0.1731
0.174802
0.172365
0.169957
0.188175
0.195463
0.195543
0.195483
0.191522
0.183833
0.177921
0.184223
0.1869
0.188337
0.181297
0.182839
0.172131
0.174985
0.17657
0.177831
0.16244
0.165928
0.166987
0.16459
0.16581
0.167862
0.162517
0.166251
0.169569
0.169159
0.177213
0.178502
0.180622
0.171293
0.167354
0.170957
0.173215
0.174525
0.18456
0.184362
0.187977
0.204073
0.202614
0.193394
0.192431
0.172551
0.175127
0.163643
0.168332
0.174912
0.14597
0.152925
0.151853
0.142436
0.144277
0.151053
0.156914
0.167426
0.162924
0.1717
0.174345
0.181177
0.188728
0.189008
0.184732
0.182018
0.18722
0.191089
0.184539
0.19107
0.196264
0.194993
0.18698
0.198514
0.188769
0.190851
0.189607
0.19224
0.191049
0.195708
0.186449
0.189179
0.191883
0.191176
0.189385
0.187826
0.190452
0.1894
0.194662
0.187512
0.181172
0.18265
0.182437
0.18019
0.181495
0.18447
0.197988
0.198313
0.197923
0.191995
0.200725
0.20131
0.193447
0.190493
0.19459
0.195818
0.197458
0.197273
0.212553
0.207683
0.212855
0.212189
0.210861
0.198643
0.189821
0.166854
0.160743
0.171679
0.174779
0.177301
0.18501
0.181443
0.1916
0.190742
0.190108
0.189964
0.199426
0.198718
0.19295
0.191365
0.194238
0.187521
0.188916
0.189618
0.192603
0.196099
0.203061
0.195227
0.189462
0.186916
0.194639
0.19724
0.194565
0.196432
0.200508
0.199327
0.194409
0.198205
0.188375
0.189152
0.189364
0.195982
0.189248
0.191713
0.19038
0.195762
0.19335
0.196244
0.198155
0.201709
0.196878
0.192937
0.199156
0.196563
0.199291
0.206752
0.204373
0.200293
0.199961
0.207314
0.192122
0.191141
0.183777
0.191474
0.19136
0.192945
0.200565
0.199431
0.186021
0.184506
0.18663
0.184706
0.183902
0.190633
0.183357
0.189258
0.19321
0.191748
0.188618
0.193113
0.188129
0.19255
0.18201
0.190354
0.189125
0.186488
0.186991
0.18354
0.179657
0.186395
0.169364
0.164402
0.170326
0.184219
0.18917
0.188977
0.191745
0.189871
0.192916
0.192293
0.204681
0.190897
0.187424
0.190227
0.185772
0.170592
0.179217
0.190355
0.190316
0.195168
0.194376
0.183567
0.184565
0.18568
0.177317
0.183586
0.195008
0.203454
0.196661
0.191806
0.191899
0.202059
0.201431
0.211963
0.193417
0.193301
0.196364
0.198507
0.205921
0.206433
0.216297
0.209949
0.210813
0.21296
0.206499
0.200703
0.197127
0.184346
0.18115
0.186046
0.194931
0.190011
0.197493
0.197099
0.203058
0.201344
0.211167
0.210183
0.212077
0.203834
0.199493
0.193564
0.198959
0.189541
0.190469
0.183124
0.190223
0.194115
0.195302
0.193877
0.194963
0.192622
0.19834
0.198543
0.195786
0.196415
0.190377
0.173905
0.175696
0.183341
0.181085
0.178561
0.170228
0.171809
0.174455
0.174141
0.174696
0.178156
0.1786
0.173505
0.166632
0.166189
0.169542
0.174335
0.181499
0.181739
0.181861
0.184542
0.186823
0.201886
0.204394
0.20766
0.212683
0.195062
0.195639
0.176401
0.177157
0.175409
0.181223
0.182707
0.183083
0.182282
0.183286
0.177245
0.178757
0.182393
0.183698
0.193725
0.196143
0.199322
0.197984
0.194034
0.19426
0.194335
0.190579
0.189984
0.189512
0.185018
0.194283
0.205136
0.195201
0.192787
0.191094
0.196089
0.197495
0.195458
0.192221
0.191599
0.192051
0.187844
0.189005
0.188154
0.187792
0.187055
0.193643
0.187297
0.185549
0.184706
0.185303
0.18193
0.17522
0.177393
0.179706
0.180198
0.187902
0.189375
0.188249
0.190113
0.184505
0.176318
0.178472
0.180175
0.18008
0.188468
0.188991
0.192329
0.191955
0.191246
0.186142
0.190107
0.186561
0.18559
0.175919
0.17844
0.186036
0.189888
0.173523
0.180762
0.184697
0.183401
0.184672
0.186142
0.181615
0.182619
0.184104
0.188533
0.190751
0.192763
0.192984
0.196359
0.198009
0.202319
0.202628
0.204961
0.20515
0.210728
0.197013
0.197855
0.200516
0.20041
0.189372
0.181313
0.180234
0.190604
0.190136
0.192324
0.197585
0.199956
0.196848
0.198875
0.19632
0.193712
0.195466
0.190982
0.193086
0.191122
0.193148
0.194283
0.194872
0.195913
0.203902
0.196845
0.199262
0.19201
0.187414
0.191533
0.192209
0.183131
0.185023
0.190604
0.191086
0.185301
0.187546
0.187394
0.187078
0.202147
0.194617
0.18554
0.18917
0.189208
0.192252
0.189502
0.18477
0.189703
0.188503
0.18497
0.185428
0.180601
0.186617
0.180298
0.169085
0.177964
0.175606
0.176268
0.177503
0.179433
0.169559
0.177712
0.188928
0.181707
0.194937
0.190898
0.187174
0.192222
0.201756
0.198082
0.194679
0.193751
0.192167
0.196958
0.193173
0.186153
0.184405
0.196265
0.187124
0.201551
0.195494
0.194047
0.19677
0.198567
0.190806
0.190142
0.197867
0.200424
0.207767
0.204949
0.203956
0.196595
0.193267
0.1989
0.196221
0.187921
0.187862
0.1849
0.190388
0.198433
0.213477
0.207517
0.203426
0.201182
0.203759
0.198753
0.190019
0.187309
0.165686
0.169438
0.156791
0.161822
0.168541
0.164422
0.171302
0.197274
0.191285
0.1957
0.195027
0.201153
0.198784
0.187051
0.187434
0.184671
0.18001
0.18408
0.187946
0.191309
0.197118
0.199317
0.196026
0.1974
0.19521
0.205925
0.201201
0.214811
0.210847
0.215141
0.212687
0.215087
0.217863
0.216307
0.205287
0.199378
0.197723
0.197515
0.202058
0.196943
0.197458
0.195266
0.183054
0.194962
0.195182
0.194259
0.192665
0.198088
0.203059
0.207421
0.204279
0.205861
0.196396
0.204804
0.190238
0.184482
0.186042
0.184153
0.183239
0.18455
0.190219
0.19287
0.184729
0.191208
0.189431
0.188843
0.190214
0.193909
0.205449
0.200959
0.186005
0.204305
0.194336
0.191927
0.194134
0.192247
0.18741
0.189011
0.177379
0.179937
0.177119
0.178112
0.174667
0.177158
0.167275
0.18119
0.178059
0.18077
0.183358
0.18275
0.183363
0.198049
0.194083
0.185356
0.186188
0.1848
0.185909
0.182666
0.187418
0.185254
0.179017
0.18081
0.186232
0.191413
0.193935
0.206449
0.205495
0.199788
0.199725
0.199177
0.195716
0.187439
0.196532
0.194282
0.19817
0.1953
0.196868
0.202947
0.2019
0.201592
0.201159
0.204654
0.202642
0.195011
0.192812
0.182729
0.187051
0.200075
0.193665
0.202509
0.203374
0.204666
0.19989
0.201304
0.192968
0.201387
0.205137
0.213721
0.211833
0.202578
0.193275
0.19192
0.188983
0.204278
0.207957
0.206097
0.207643
0.204701
0.188767
0.190038
0.189898
0.194981
0.198013
0.19665
0.193894
0.193003
0.194754
0.184665
0.186845
0.188533
0.204407
0.196646
0.213402
0.209728
0.210727
0.208045
0.208248
0.206469
0.203632
0.20216
0.197515
0.193649
0.190638
0.189545
0.181452
0.190447
0.199949
0.204157
0.204825
0.200897
0.196337
0.193131
0.187426
0.186054
0.184505
0.188356
0.204663
0.202728
0.201022
0.198539
0.199313
0.201495
0.198387
0.195473
0.195425
0.188633
0.188372
0.181898
0.19239
0.196506
0.19665
0.179072
0.186717
0.182068
0.18276
0.181513
0.180622
0.174029
0.175451
0.173874
0.177137
0.178653
0.172416
0.164785
0.176472
0.162834
0.165303
0.172035
0.172173
0.16845
0.165361
0.169103
0.169998
0.170711
0.175744
0.184156
0.17335
0.177439
0.180158
0.178361
0.16993
0.175466
0.177996
0.176692
0.184605
0.184181
0.185312
0.185656
0.187074
0.18676
0.188912
0.185723
0.186098
0.18305
0.181666
0.181855
0.182303
0.177196
0.184068
0.173719
0.18175
0.188403
0.1915
0.189758
0.184982
0.172054
0.173147
0.169674
0.182679
0.186734
0.189192
0.178449
0.181334
0.1716
0.171205
0.173898
0.177298
0.171971
0.175046
0.173197
0.16724
0.171563
0.17374
0.177081
0.171757
0.171915
0.174333
0.175873
0.178365
0.17733
0.179746
0.178074
0.179769
0.18017
0.184626
0.185512
0.179064
0.181709
0.184222
0.181985
0.185835
0.18636
0.186236
0.188326
0.182256
0.182811
0.182938
0.183535
0.188158
0.18572
0.194612
0.193032
0.188773
0.19365
0.19256
0.191908
0.188154
0.193105
0.192506
0.196008
0.188651
0.195641
0.191382
0.198966
0.201328
0.203923
0.196326
0.19073
0.192498
0.183461
0.18447
0.184398
0.181955
0.188607
0.194263
0.188893
0.179085
0.179536
0.181077
0.183457
0.175711
0.181965
0.182228
0.179003
0.179934
0.181023
0.175742
0.178986
0.187246
0.189512
0.18583
0.184311
0.192595
0.196312
0.19379
0.200476
0.201588
0.199685
0.215114
0.210932
0.213233
0.208507
0.205585
0.210737
0.206784
0.205387
0.20327
0.200707
0.200144
0.197268
0.196367
0.19077
0.202143
0.200158
0.194892
0.194357
0.201973
0.198723
0.202456
0.187097
0.188584
0.190789
0.199102
0.196687
0.209022
0.205818
0.207957
0.201512
0.195569
0.193018
0.197741
0.205182
0.209174
0.20449
0.200353
0.197276
0.195348
0.194129
0.191521
0.203242
0.206683
0.205552
0.201941
0.201744
0.18763
0.182889
0.183503
0.185138
0.189129
0.191219
0.199441
0.214738
0.210947
0.206918
0.205832
0.202076
0.19062
0.190926
0.195276
0.197268
0.207581
0.196219
0.198294
0.18949
0.195682
0.192345
0.194325
0.195031
0.194428
0.192134
0.190878
0.17972
0.181489
0.200743
0.198975
0.201336
0.196204
0.184079
0.18909
0.197538
0.194372
0.195042
0.196496
0.197486
0.186949
0.200003
0.201281
0.197312
0.208939
0.207443
0.211337
0.211885
0.209409
0.215978
0.215624
0.222359
0.210579
0.20376
0.200123
0.193679
0.204555
0.212334
0.218272
0.224511
0.218969
0.21024
0.197716
0.197949
0.199769
0.197091
0.198466
0.197193
0.195572
0.183981
0.191439
0.190516
0.19299
0.196067
0.191375
0.196393
0.194707
0.184419
0.188186
0.196647
0.19621
0.198976
0.201444
0.20034
0.200118
0.197906
0.197268
0.192331
0.185218
0.202419
0.202726
0.196159
0.200386
0.185646
0.172002
0.16519
0.164815
0.171594
0.174917
0.177897
0.190717
0.176238
0.176743
0.182867
0.169167
0.169891
0.177136
0.170746
0.179807
0.179928
0.174985
0.171941
0.179537
0.193641
0.194233
0.187469
0.187507
0.189479
0.196739
0.196071
0.198181
0.196768
0.193534
0.192051
0.181484
0.19958
0.195021
0.198661
0.200202
0.199233
0.187863
0.184976
0.190668
0.190577
0.188935
0.195823
0.190902
0.190097
0.1884
0.181988
0.185017
0.18535
0.179547
0.188911
0.189022
0.210559
0.19938
0.197453
0.1952
0.194234
0.193231
0.203597
0.21293
0.206944
0.204739
0.198189
0.197889
0.197432
0.194251
0.194785
0.195479
0.207231
0.198781
0.20149
0.215569
0.213968
0.210349
0.215684
0.215508
0.211672
0.207467
0.197901
0.192742
0.185826
0.190852
0.181051
0.188575
0.184626
0.184524
0.187448
0.188011
0.194306
0.191207
0.189955
0.194742
0.191612
0.19379
0.191789
0.200945
0.189096
0.188604
0.196009
0.192643
0.188289
0.181524
0.178345
0.185592
0.184105
0.181542
0.177113
0.178303
0.183515
0.187223
0.179447
0.181033
0.178151
0.179908
0.171039
0.172907
0.180665
0.183074
0.181854
0.180694
0.182581
0.166083
0.168344
0.171692
0.173532
0.176059
0.170768
0.173313
0.176558
0.179243
0.176739
0.1742
0.176279
0.177615
0.177795
0.180451
0.174783
0.186303
0.183612
0.185181
0.187603
0.189105
0.189891
0.184002
0.180332
0.192404
0.202874
0.184289
0.185575
0.188195
0.204616
0.210912
0.199682
0.198574
0.196196
0.201746
0.199842
0.202618
0.201621
0.199245
0.194974
0.183662
0.194888
0.203307
0.211424
0.211608
0.225029
0.222061
0.2152
0.217477
0.222792
0.204399
0.196131
0.198696
0.202185
0.200296
0.204004
0.201236
0.200057
0.189703
0.19679
0.200586
0.202973
0.204863
0.206309
0.202488
0.202491
0.208904
0.204403
0.203564
0.194273
0.190638
0.19131
0.196906
0.194944
0.192216
0.195239
0.190858
0.200475
0.185212
0.173901
0.176957
0.169591
0.16989
0.179856
0.177755
0.18867
0.195335
0.213482
0.212448
0.200806
0.187914
0.191729
0.200785
0.198533
0.203388
0.204927
0.203044
0.211688
0.209103
0.211335
0.205246
0.203966
0.1975
0.193889
0.198213
0.198465
0.190586
0.199374
0.200521
0.201341
0.201976
0.201352
0.19788
0.195471
0.201384
0.197134
0.196856
0.195957
0.199454
0.191763
0.188812
0.187354
0.189793
0.199107
0.20938
0.204287
0.200757
0.198675
0.199498
0.203427
0.205912
0.199713
0.206356
0.206436
0.205333
0.204569
0.192232
0.200917
0.197163
0.200639
0.211
0.205262
0.21006
0.202239
0.211808
0.207409
0.193812
0.18981
0.188552
0.175648
0.176766
0.173486
0.174702
0.187144
0.193836
0.191984
0.204966
0.204377
0.203994
0.200217
0.193151
0.171007
0.172589
0.174887
0.175348
0.173589
0.174562
0.179515
0.177951
0.176815
0.179263
0.179628
0.192147
0.188235
0.186642
0.187586
0.186594
0.187642
0.186798
0.18252
0.191054
0.188293
0.182873
0.190119
0.198659
0.190411
0.191398
0.185938
0.1858
0.191908
0.199228
0.204927
0.202988
0.201574
0.197913
0.199485
0.197654
0.198957
0.201748
0.197356
0.195279
0.194372
0.190007
0.189702
0.189054
0.186854
0.180149
0.180371
0.186964
0.197319
0.200578
0.199077
0.195317
0.18914
0.188342
0.170726
0.164452
0.173697
0.170879
0.187734
0.188761
0.185736
0.188229
0.185998
0.186357
0.18401
0.179552
0.18491
0.184058
0.174628
0.181962
0.186393
0.182041
0.185024
0.184962
0.174528
0.175877
0.167578
0.170591
0.166242
0.170186
0.170214
0.178074
0.190445
0.188957
0.186841
0.184993
0.181806
0.182083
0.178357
0.180137
0.192544
0.190185
0.185504
0.183873
0.188244
0.196612
0.195669
0.171784
0.170579
0.172089
0.175768
0.17741
0.179345
0.17601
0.166513
0.170862
0.173004
0.176694
0.177486
0.179041
0.17643
0.174811
0.18027
0.178417
0.187948
0.190346
0.193864
0.191663
0.190655
0.189836
0.189224
0.188445
0.19223
0.191041
0.192119
0.201346
0.198818
0.196838
0.196944
0.196078
0.191082
0.190097
0.189717
0.196344
0.193455
0.186755
0.186742
0.187904
0.187565
0.187653
0.181614
0.182395
0.184595
0.171114
0.172888
0.170284
0.165559
0.17223
0.170563
0.17106
0.177654
0.190516
0.178842
0.174405
0.17837
0.179984
0.172173
0.173455
0.177873
0.178653
0.176511
0.1763
0.181492
0.181954
0.183624
0.178149
0.177013
0.165426
0.169598
0.175902
0.190818
0.190666
0.190347
0.197742
0.206929
0.202881
0.193773
0.19701
0.198581
0.201716
0.200027
0.190987
0.19106
0.191371
0.192249
0.191082
0.190716
0.186999
0.181662
0.185862
0.189124
0.189393
0.188989
0.192264
0.184681
0.186095
0.18932
0.182267
0.169264
0.173719
0.171574
0.171639
0.167083
0.173088
0.17555
0.181103
0.173761
0.174265
0.17061
0.172999
0.179787
0.189247
0.191478
0.185072
0.184576
0.184972
0.186379
0.186966
0.192853
0.185358
0.179303
0.18355
0.191082
0.188186
0.193125
0.1828
0.184583
0.186479
0.207262
0.205641
0.204233
0.202348
0.210521
0.20696
0.214196
0.210455
0.205415
0.203012
0.190796
0.191194
0.176749
0.178255
0.18051
0.180039
0.182271
0.186392
0.192181
0.190094
0.193845
0.199517
0.204171
0.20151
0.199592
0.19524
0.201158
0.187487
0.181918
0.18292
0.182382
0.188286
0.181461
0.177389
0.179449
0.177319
0.180388
0.180255
0.182741
0.186637
0.179797
0.187286
0.184127
0.185823
0.187964
0.205513
0.19141
0.190476
0.181724
0.185477
0.186074
0.188302
0.182851
0.187255
0.188725
0.193898
0.190267
0.187882
0.182056
0.177909
0.175063
0.168697
0.170143
0.176328
0.184801
