###  Units are X_hat = 1.73cm.
0	0
0.05	0.0175809
0.1	0.0337538
0.15	0.0488008
0.2	0.062948
0.25	0.0763761
0.3	0.0892299
0.35	0.101625
0.4	0.113654
0.45	0.125391
0.5	0.136896
0.55	0.148216
0.6	0.159388
0.65	0.170444
0.7	0.181407
0.75	0.192298
0.8	0.203131
0.85	0.213918
0.9	0.224671
0.95	0.235397
1	0.246102
1.05	0.256791
1.1	0.267469
1.15	0.278138
1.2	0.288802
1.25	0.299461
1.3	0.310119
1.35	0.320776
1.4	0.331433
1.45	0.342091
1.5	0.35275
1.55	0.363412
1.6	0.374076
1.65	0.384743
1.7	0.395413
1.75	0.406087
1.8	0.416763
1.85	0.427443
1.9	0.438127
1.95	0.448814
2	0.459505
2.05	0.470199
2.1	0.480897
2.15	0.491599
2.2	0.502304
2.25	0.513012
2.3	0.523724
2.35	0.53445
2.4	0.545188
2.45	0.555936
2.5	0.566692
2.55	0.577456
2.6	0.588227
2.65	0.599004
2.7	0.609786
2.75	0.620572
2.8	0.631363
2.85	0.642158
2.9	0.652957
2.95	0.663759
3	0.674565
3.05	0.685374
3.1	0.696186
3.15	0.707001
3.2	0.717819
3.25	0.728639
3.3	0.739462
3.35	0.750288
3.4	0.761116
3.45	0.771946
3.5	0.782779
3.55	0.793615
3.6	0.804452
3.65	0.815292
3.7	0.826134
3.75	0.836979
3.8	0.847825
3.85	0.858673
3.9	0.869524
3.95	0.880376
4	0.891132
4.05	0.901811
4.1	0.91243
4.15	0.923003
4.2	0.933539
4.25	0.944046
4.3	0.954532
4.35	0.965002
4.4	0.97546
4.45	0.985909
4.5	0.996352
4.55	1.00679
4.6	1.01723
4.65	1.02767
4.7	1.03811
4.75	1.04855
4.8	1.059
4.85	1.06947
4.9	1.07994
4.95	1.09043
5	1.10092
5.05	1.11143
5.1	1.12194
5.15	1.13245
5.2	1.14298
5.25	1.1535
5.3	1.16404
5.35	1.17458
5.4	1.18512
5.45	1.19567
5.5	1.20623
5.55	1.21679
5.6	1.22735
5.65	1.23792
5.7	1.24849
5.75	1.25907
5.8	1.26965
5.85	1.28024
5.9	1.29083
5.95	1.30142
6	1.31202
6.05	1.32262
6.1	1.33322
6.15	1.34383
6.2	1.35445
6.25	1.36506
6.3	1.37569
6.35	1.38631
6.4	1.39694
6.45	1.40757
6.5	1.41821
6.55	1.42885
6.6	1.43949
6.65	1.45013
6.7	1.46078
6.75	1.47143
6.8	1.48209
6.85	1.49275
6.9	1.50341
6.95	1.51408
7	1.52474
7.05	1.53542
7.1	1.54609
7.15	1.55677
7.2	1.56745
7.25	1.57815
7.3	1.58884
7.35	1.59955
7.4	1.61026
7.45	1.62097
7.5	1.63167
7.55	1.64237
7.6	1.65306
7.65	1.66376
7.7	1.67446
7.75	1.68516
7.8	1.69586
7.85	1.70656
7.9	1.71727
7.95	1.72798
8	1.73869
8.05	1.7494
8.1	1.76012
8.15	1.77084
8.2	1.78157
8.25	1.7923
8.3	1.80303
8.35	1.81376
8.4	1.8245
8.45	1.83525
8.5	1.84599
8.55	1.85674
8.6	1.86749
8.65	1.87825
8.7	1.88901
8.75	1.89977
8.8	1.91054
8.85	1.92131
8.9	1.93209
8.95	1.94286
9	1.95364
9.05	1.96443
9.1	1.97522
9.15	1.98601
9.2	1.9968
9.25	2.0076
9.3	2.0184
9.35	2.02921
9.4	2.04001
9.45	2.05082
9.5	2.06164
9.55	2.07246
9.6	2.08328
9.65	2.0941
9.7	2.10493
9.75	2.11576
9.8	2.12659
9.85	2.13743
9.9	2.14827
9.95	2.15911
10	2.16996
10.05	2.18081
10.1	2.19166
10.15	2.20252
10.2	2.21337
10.25	2.22423
10.3	2.23509
10.35	2.24596
10.4	2.25683
10.45	2.2677
10.5	2.27857
10.55	2.28944
10.6	2.30032
10.65	2.3112
10.7	2.322
10.75	2.33274
10.8	2.34343
10.85	2.35409
10.9	2.36472
10.95	2.37532
11	2.38591
11.05	2.39648
11.1	2.40705
11.15	2.41761
11.2	2.42817
11.25	2.43872
11.3	2.44927
11.35	2.45983
11.4	2.47038
11.45	2.48094
11.5	2.49149
11.55	2.50205
11.6	2.51262
11.65	2.52319
11.7	2.53376
11.75	2.54433
11.8	2.55491
11.85	2.5655
11.9	2.57608
11.95	2.58668
12	2.59727
12.05	2.60786
12.1	2.61846
12.15	2.62906
12.2	2.63967
12.25	2.65028
12.3	2.66089
12.35	2.6715
12.4	2.68212
12.45	2.69275
12.5	2.70338
12.55	2.71401
12.6	2.72465
12.65	2.73529
12.7	2.74594
12.75	2.75659
12.8	2.76725
12.85	2.77791
12.9	2.78858
12.95	2.79925
13	2.80992
13.05	2.8206
13.1	2.83129
13.15	2.84197
13.2	2.85267
13.25	2.86336
13.3	2.87406
13.35	2.88477
13.4	2.89548
13.45	2.90618
13.5	2.91689
13.55	2.9276
13.6	2.93832
13.65	2.94903
13.7	2.95975
13.75	2.97047
13.8	2.98119
13.85	2.99192
13.9	3.00265
13.95	3.01338
14	3.02411
14.05	3.03485
14.1	3.04559
14.15	3.05633
14.2	3.06708
14.25	3.07783
14.3	3.08858
14.35	3.09933
14.4	3.11009
14.45	3.12085
14.5	3.13161
14.55	3.14237
14.6	3.15314
14.65	3.16391
14.7	3.17468
14.75	3.18545
14.8	3.19623
14.85	3.20701
14.9	3.21779
14.95	3.22857
15	3.23936
15.05	3.25015
15.1	3.26094
15.15	3.27173
15.2	3.28253
15.25	3.29333
15.3	3.30413
15.35	3.31493
15.4	3.32574
15.45	3.33654
15.5	3.34735
15.55	3.35817
15.6	3.36898
15.65	3.3798
15.7	3.39062
15.75	3.40144
15.8	3.41226
15.85	3.42309
15.9	3.43392
15.95	3.44475
16	3.45558
16.05	3.46642
16.1	3.47726
16.15	3.4881
16.2	3.49894
16.25	3.50978
16.3	3.52063
16.35	3.53148
16.4	3.54233
16.45	3.55318
16.5	3.56403
16.55	3.57489
16.6	3.58575
16.65	3.59661
16.7	3.60738
16.75	3.61808
16.8	3.62872
16.85	3.63932
16.9	3.64988
16.95	3.66041
17	3.67092
17.05	3.68142
17.1	3.69191
17.15	3.70239
17.2	3.71287
17.25	3.72335
17.3	3.73383
17.35	3.74431
17.4	3.7548
17.45	3.76529
17.5	3.77579
17.55	3.78629
17.6	3.7968
17.65	3.80732
17.7	3.81784
17.75	3.82837
17.8	3.83891
17.85	3.84946
17.9	3.86001
17.95	3.87057
18	3.88114
18.05	3.89172
18.1	3.9023
18.15	3.91289
18.2	3.92349
18.25	3.9341
18.3	3.94471
18.35	3.95534
18.4	3.96596
18.45	3.9766
18.5	3.98724
18.55	3.99789
18.6	4.00855
18.65	4.01922
18.7	4.0299
18.75	4.04058
18.8	4.05127
18.85	4.06197
18.9	4.07267
18.95	4.08338
19	4.09408
19.05	4.1048
19.1	4.11551
19.15	4.12623
19.2	4.13694
19.25	4.14766
19.3	4.15837
19.35	4.16909
19.4	4.1798
19.45	4.19052
19.5	4.20124
19.55	4.21196
19.6	4.22268
19.65	4.23341
19.7	4.24413
19.75	4.25486
19.8	4.26559
19.85	4.27632
19.9	4.28705
19.95	4.29778
20	4.30852
20.05	4.31926
20.1	4.33
20.15	4.34074
20.2	4.35148
20.25	4.36223
20.3	4.37298
20.35	4.38373
20.4	4.39448
20.45	4.40523
20.5	4.41599
20.55	4.42674
20.6	4.4375
20.65	4.44826
20.7	4.45903
20.75	4.46979
20.8	4.48056
20.85	4.49133
20.9	4.5021
20.95	4.51288
21	4.52365
21.05	4.53443
21.1	4.54521
21.15	4.55599
21.2	4.56677
21.25	4.57756
21.3	4.58835
21.35	4.59914
21.4	4.60993
21.45	4.62072
21.5	4.63151
21.55	4.64229
21.6	4.65307
21.65	4.66385
21.7	4.67462
21.75	4.6854
21.8	4.69617
21.85	4.70695
21.9	4.71773
21.95	4.7285
22	4.73928
22.05	4.75006
22.1	4.76084
22.15	4.77163
22.2	4.78241
22.25	4.7932
22.3	4.80387
22.35	4.81445
22.4	4.82497
22.45	4.83544
22.5	4.84586
22.55	4.85626
22.6	4.86664
22.65	4.877
22.7	4.88736
22.75	4.89771
22.8	4.90806
22.85	4.91841
22.9	4.92877
22.95	4.93914
23	4.94951
23.05	4.95989
23.1	4.97028
23.15	4.98067
23.2	4.99108
23.25	5.0015
23.3	5.01193
23.35	5.02238
23.4	5.03283
23.45	5.0433
23.5	5.05377
23.55	5.06426
23.6	5.07476
23.65	5.08527
23.7	5.09579
23.75	5.10632
23.8	5.11687
23.85	5.12742
23.9	5.13797
23.95	5.14852
24	5.15908
24.05	5.16964
24.1	5.18021
24.15	5.19078
24.2	5.20135
24.25	5.21193
24.3	5.22251
24.35	5.23309
24.4	5.24367
24.45	5.25426
24.5	5.26485
24.55	5.27544
24.6	5.28603
24.65	5.29662
24.7	5.30722
24.75	5.31782
24.8	5.32842
24.85	5.33902
24.9	5.34963
24.95	5.36023
25	5.37084
25.05	5.38145
25.1	5.39206
25.15	5.40268
25.2	5.41329
25.25	5.42391
25.3	5.43453
25.35	5.44515
25.4	5.45578
25.45	5.46641
25.5	5.47703
25.55	5.48766
25.6	5.4983
25.65	5.50893
25.7	5.51957
25.75	5.53021
25.8	5.54085
25.85	5.55149
25.9	5.56214
25.95	5.57279
26	5.58344
26.05	5.59409
26.1	5.60475
26.15	5.6154
26.2	5.62606
26.25	5.63672
26.3	5.64737
26.35	5.658
26.4	5.66861
26.45	5.67922
26.5	5.68983
26.55	5.70043
26.6	5.71102
26.65	5.72162
26.7	5.73221
26.75	5.74281
26.8	5.7534
26.85	5.764
26.9	5.7746
26.95	5.7852
27	5.7958
27.05	5.8064
27.1	5.81701
27.15	5.82762
27.2	5.83823
27.25	5.84884
27.3	5.85946
27.35	5.87008
27.4	5.8807
27.45	5.89133
27.5	5.90196
27.55	5.91259
27.6	5.92322
27.65	5.9337
27.7	5.94407
27.75	5.95434
27.8	5.96454
27.85	5.97469
27.9	5.9848
27.95	5.99487
28	6.00493
28.05	6.01498
28.1	6.02502
28.15	6.03506
28.2	6.0451
28.25	6.05514
28.3	6.06519
28.35	6.07525
28.4	6.08532
28.45	6.09541
28.5	6.1055
28.55	6.11561
28.6	6.12573
28.65	6.13586
28.7	6.14601
28.75	6.15618
28.8	6.1663
28.85	6.1764
28.9	6.18648
28.95	6.19655
29	6.20662
29.05	6.21668
29.1	6.22674
29.15	6.23681
29.2	6.24689
29.25	6.25698
29.3	6.26708
29.35	6.27719
29.4	6.28733
29.45	6.2975
29.5	6.30769
29.55	6.3179
29.6	6.32812
29.65	6.33836
29.7	6.3486
29.75	6.35886
29.8	6.36912
29.85	6.37938
29.9	6.38965
29.95	6.39993
30	6.41021
30.05	6.4205
30.1	6.43078
30.15	6.44107
30.2	6.45137
30.25	6.46166
30.3	6.47196
30.35	6.48226
30.4	6.49256
30.45	6.50287
30.5	6.51318
30.55	6.52349
30.6	6.5338
30.65	6.54412
30.7	6.55443
30.75	6.56476
30.8	6.57508
30.85	6.5854
30.9	6.59573
30.95	6.60606
31	6.6164
31.05	6.62673
31.1	6.63707
31.15	6.64741
31.2	6.65776
31.25	6.6681
31.3	6.6784
31.35	6.68866
31.4	6.69888
31.45	6.70908
31.5	6.71927
31.55	6.72944
31.6	6.7396
31.65	6.74975
31.7	6.7599
31.75	6.77004
31.8	6.78018
31.85	6.79032
31.9	6.80047
31.95	6.81061
32	6.82075
32.05	6.8309
32.1	6.84105
32.15	6.8512
32.2	6.86136
32.25	6.87152
32.3	6.88169
32.35	6.89185
32.4	6.90203
32.45	6.9122
32.5	6.92239
32.55	6.93257
32.6	6.94276
32.65	6.95296
32.7	6.96316
32.75	6.97337
32.8	6.98358
32.85	6.99379
32.9	7.00401
32.95	7.01424
33	7.02447
33.05	7.03471
33.1	7.04495
33.15	7.0552
33.2	7.06545
33.25	7.07571
33.3	7.08597
33.35	7.09624
33.4	7.10651
33.45	7.11654
33.5	7.12636
33.55	7.13603
33.6	7.14558
33.65	7.15503
33.7	7.16441
33.75	7.17373
33.8	7.18302
33.85	7.19227
33.9	7.20137
33.95	7.21036
34	7.21925
34.05	7.22807
34.1	7.23685
34.15	7.24558
34.2	7.25429
34.25	7.26299
34.3	7.27167
34.35	7.28035
34.4	7.28904
34.45	7.29773
34.5	7.30643
34.55	7.31515
34.6	7.32387
34.65	7.33262
34.7	7.34138
34.75	7.35016
34.8	7.35896
34.85	7.36778
34.9	7.37663
34.95	7.38549
35	7.39438
35.05	7.40329
35.1	7.41222
35.15	7.42117
35.2	7.43015
35.25	7.43915
35.3	7.44817
35.35	7.45722
35.4	7.46629
35.45	7.47538
35.5	7.48449
35.55	7.49363
35.6	7.50279
35.65	7.51197
35.7	7.52117
35.75	7.5304
35.8	7.53969
35.85	7.54903
35.9	7.55841
35.95	7.56783
36	7.57727
36.05	7.58674
36.1	7.59623
36.15	7.60573
36.2	7.61524
36.25	7.62476
36.3	7.63429
36.35	7.64383
36.4	7.65337
36.45	7.66291
36.5	7.67246
36.55	7.68202
36.6	7.69158
36.65	7.70114
36.7	7.7107
36.75	7.72026
36.8	7.72972
36.85	7.73909
36.9	7.7484
36.95	7.75766
37	7.76687
37.05	7.77605
37.1	7.7852
37.15	7.79433
37.2	7.80345
37.25	7.81255
37.3	7.82165
37.35	7.83073
37.4	7.83982
37.45	7.8489
37.5	7.85798
37.55	7.86705
37.6	7.87613
37.65	7.88521
37.7	7.89428
37.75	7.90336
37.8	7.91245
37.85	7.92153
37.9	7.93062
37.95	7.9397
38	7.9488
38.05	7.95789
38.1	7.96699
38.15	7.97609
38.2	7.9852
38.25	7.9943
38.3	8.00342
38.35	8.01253
38.4	8.02165
38.45	8.03078
38.5	8.0399
38.55	8.04904
38.6	8.05817
38.65	8.06731
38.7	8.07646
38.75	8.08561
38.8	8.09476
38.85	8.10392
38.9	8.11309
38.95	8.12226
39	8.13143
39.05	8.14061
39.1	8.14979
39.15	8.15898
39.2	8.16818
39.25	8.17738
39.3	8.18658
39.35	8.1958
39.4	8.20501
39.45	8.21424
39.5	8.22346
39.55	8.2327
39.6	8.24185
39.65	8.25095
39.7	8.25999
39.75	8.269
39.8	8.27798
39.85	8.28693
39.9	8.29587
39.95	8.3048
40	8.31372
40.05	8.32263
40.1	8.33154
40.15	8.34045
40.2	8.34936
40.25	8.35827
40.3	8.36719
40.35	8.3761
40.4	8.38502
40.45	8.39395
40.5	8.40287
40.55	8.41181
40.6	8.42074
40.65	8.42969
40.7	8.43864
40.75	8.44759
40.8	8.45655
40.85	8.46551
40.9	8.47448
40.95	8.48346
41	8.49244
41.05	8.50143
41.1	8.51042
41.15	8.51942
41.2	8.52843
41.25	8.53744
41.3	8.54645
41.35	8.55547
41.4	8.5645
41.45	8.57353
41.5	8.58257
41.55	8.59162
41.6	8.60067
41.65	8.60972
41.7	8.61878
41.75	8.62785
41.8	8.63692
41.85	8.64599
41.9	8.65508
41.95	8.66416
42	8.67325
42.05	8.68193
42.1	8.69027
42.15	8.69836
42.2	8.70623
42.25	8.71394
42.3	8.72152
42.35	8.729
42.4	8.7364
42.45	8.74374
42.5	8.75104
42.55	8.7583
42.6	8.76553
42.65	8.77275
42.7	8.77996
42.75	8.78716
42.8	8.79438
42.85	8.80162
42.9	8.80887
42.95	8.81614
43	8.82343
43.05	8.83073
43.1	8.83805
43.15	8.84538
43.2	8.85272
43.25	8.86008
43.3	8.86745
43.35	8.87484
43.4	8.88224
43.45	8.88966
43.5	8.89709
43.55	8.90453
43.6	8.91199
43.65	8.91946
43.7	8.92694
43.75	8.93444
43.8	8.94195
43.85	8.94947
43.9	8.95701
43.95	8.96456
44	8.97212
44.05	8.9797
44.1	8.98729
44.15	8.99489
44.2	9.00251
44.25	9.01013
44.3	9.01777
44.35	9.02542
44.4	9.03308
44.45	9.04076
44.5	9.04844
44.55	9.05614
44.6	9.06385
44.65	9.07157
44.7	9.0793
44.75	9.08704
44.8	9.0948
44.85	9.10256
44.9	9.11034
44.95	9.11812
45	9.12592
45.05	9.13372
45.1	9.14153
45.15	9.14936
45.2	9.15719
45.25	9.16504
45.3	9.17289
45.35	9.18075
45.4	9.18862
45.45	9.1965
45.5	9.20439
45.55	9.21228
45.6	9.22019
45.65	9.2281
45.7	9.23602
45.75	9.24395
45.8	9.25189
45.85	9.25983
45.9	9.26778
45.95	9.27574
46	9.28371
46.05	9.29168
46.1	9.29966
46.15	9.30765
46.2	9.31564
46.25	9.32372
46.3	9.33187
46.35	9.34007
46.4	9.34832
46.45	9.3566
46.5	9.36498
46.55	9.37343
46.6	9.38195
46.65	9.39051
46.7	9.39912
46.75	9.40777
46.8	9.41644
46.85	9.42514
46.9	9.43386
46.95	9.4426
47	9.45136
47.05	9.46014
47.1	9.46893
47.15	9.47773
47.2	9.48654
47.25	9.49536
47.3	9.50419
47.35	9.51304
47.4	9.52189
47.45	9.53075
47.5	9.53961
47.55	9.54849
47.6	9.55738
47.65	9.56627
47.7	9.57517
47.75	9.58407
47.8	9.59299
47.85	9.60191
47.9	9.61084
47.95	9.61977
48	9.62872
48.05	9.63766
48.1	9.64662
48.15	9.65558
48.2	9.66455
48.25	9.67353
48.3	9.68251
48.35	9.69149
48.4	9.70049
48.45	9.70949
48.5	9.71849
48.55	9.7275
48.6	9.73652
48.65	9.74554
48.7	9.75457
48.75	9.76361
48.8	9.77265
48.85	9.78169
48.9	9.79074
48.95	9.7998
49	9.80886
49.05	9.81792
49.1	9.82699
49.15	9.83607
49.2	9.84523
49.25	9.85447
49.3	9.86376
49.35	9.8731
49.4	9.88247
49.45	9.89188
49.5	9.90132
49.55	9.91077
49.6	9.92025
49.65	9.92974
49.7	9.93924
49.75	9.94875
49.8	9.95827
49.85	9.9678
49.9	9.97734
49.95	9.98689
50	9.99644
