###  Units are X_hat = 1.73cm.
-5	0
-4.99458	0.00526387
-4.9888	0.0106972
-4.98274	0.0160531
-4.9775	0.0214435
-4.97154	0.0270197
-4.96528	0.0327593
-4.95818	0.0384214
-4.95062	0.0439027
-4.94415	0.0492498
-4.93729	0.0547772
-4.93067	0.060531
-4.92372	0.066671
-4.91685	0.0738269
-4.91002	0.0811319
-4.90298	0.0882379
-4.89611	0.0948187
-4.88944	0.101285
-4.88111	0.108414
-4.8734	0.115779
-4.86599	0.122803
-4.85857	0.130234
-4.85101	0.13622
-4.8431	0.142333
-4.83596	0.148624
-4.82735	0.155249
-4.81887	0.161491
-4.81106	0.16729
-4.80387	0.171893
-4.79624	0.176947
-4.78847	0.181414
-4.78058	0.185972
-4.77281	0.19147
-4.76488	0.196887
-4.75542	0.202837
-4.74654	0.208591
-4.73771	0.214166
-4.72968	0.219345
-4.72164	0.224474
-4.71328	0.229128
-4.70478	0.233772
-4.69665	0.239412
-4.68844	0.243545
-4.67959	0.247367
-4.66946	0.250197
-4.65882	0.252824
-4.64799	0.255685
-4.6376	0.257771
-4.62722	0.259483
-4.61704	0.261023
-4.60832	0.262586
-4.59914	0.265047
-4.59103	0.266197
-4.58264	0.267066
-4.5736	0.269447
-4.56458	0.271585
-4.55527	0.274561
-4.54608	0.277526
-4.53719	0.280226
-4.52892	0.283416
-4.52002	0.287535
-4.51004	0.291257
-4.50021	0.293435
-4.49037	0.295593
-4.48099	0.29813
-4.47213	0.300668
-4.46246	0.302643
-4.45273	0.30495
-4.44308	0.30651
-4.4337	0.30692
-4.42422	0.307011
-4.41489	0.307887
-4.4053	0.308574
-4.3958	0.309637
-4.38606	0.309817
-4.37531	0.310154
-4.36501	0.310129
-4.35488	0.308742
-4.34557	0.307355
-4.33624	0.306746
-4.32705	0.305932
-4.3178	0.305074
-4.30873	0.30398
-4.29986	0.302955
-4.29138	0.301237
-4.28321	0.300078
-4.27473	0.29883
-4.26461	0.297705
-4.25488	0.295541
-4.24589	0.294334
-4.23715	0.293622
-4.22798	0.293144
-4.21833	0.29335
-4.20785	0.295264
-4.19724	0.297016
-4.18675	0.29776
-4.17556	0.297419
-4.16461	0.297263
-4.15415	0.296736
-4.14328	0.296753
-4.13333	0.296781
-4.12348	0.296618
-4.11335	0.296211
-4.10298	0.294997
-4.09251	0.293792
-4.08205	0.291899
-4.07157	0.290145
-4.06104	0.288749
-4.05044	0.287675
-4.0401	0.285934
-4.02864	0.284671
-4.01681	0.282681
-4.00435	0.280842
-3.99221	0.279135
-3.98059	0.277871
-3.96957	0.276749
-3.95878	0.274815
-3.94747	0.272387
-3.93673	0.270098
-3.92638	0.268297
-3.91533	0.2664
-3.90507	0.265414
-3.89586	0.264883
-3.88698	0.264695
-3.87737	0.264289
-3.86606	0.264064
-3.85468	0.263615
-3.84358	0.263108
-3.83217	0.26157
-3.82118	0.260715
-3.81024	0.260665
-3.79938	0.26078
-3.78821	0.260668
-3.77745	0.26058
-3.76677	0.261432
-3.7563	0.26232
-3.74594	0.26283
-3.73502	0.262185
-3.72442	0.261628
-3.71454	0.261501
-3.70473	0.26157
-3.69601	0.262309
-3.68774	0.263137
-3.67888	0.263014
-3.66983	0.262768
-3.66089	0.262805
-3.65115	0.261612
-3.64252	0.26025
-3.63356	0.259128
-3.62336	0.257265
-3.61319	0.255503
-3.60311	0.25372
-3.59259	0.252523
-3.58325	0.249792
-3.57383	0.247667
-3.56423	0.245506
-3.55483	0.243152
-3.54696	0.240555
-3.53887	0.237943
-3.53049	0.236146
-3.52196	0.234241
-3.51322	0.232312
-3.50606	0.232073
-3.499	0.231695
-3.49145	0.231373
-3.48397	0.230908
-3.47581	0.229565
-3.46859	0.228063
-3.46046	0.226955
-3.45237	0.227192
-3.44404	0.227404
-3.43396	0.227343
-3.4239	0.227144
-3.41389	0.227094
-3.40436	0.226929
-3.39451	0.227088
-3.38568	0.227584
-3.37731	0.228458
-3.36975	0.229078
-3.36201	0.229452
-3.35354	0.229296
-3.34508	0.230977
-3.33582	0.231878
-3.32617	0.232867
-3.31534	0.232727
-3.30429	0.232226
-3.29337	0.231645
-3.2826	0.231874
-3.27263	0.232031
-3.26223	0.232107
-3.25192	0.232505
-3.24141	0.232941
-3.23109	0.233319
-3.22083	0.233545
-3.21052	0.232866
-3.20041	0.233058
-3.18953	0.233
-3.17845	0.233336
-3.16748	0.233292
-3.15682	0.233066
-3.14571	0.233254
-3.13645	0.233044
-3.1269	0.232562
-3.11782	0.231554
-3.10905	0.230987
-3.1001	0.230374
-3.09151	0.229857
-3.08335	0.228764
-3.07497	0.227636
-3.06615	0.226958
-3.05726	0.226892
-3.0482	0.22657
-3.03865	0.225812
-3.02868	0.225251
-3.01873	0.224698
-3.00882	0.223912
-2.99859	0.224126
-2.98852	0.22416
-2.9783	0.224318
-2.96867	0.225586
-2.95857	0.225898
-2.94825	0.226202
-2.93816	0.226719
-2.92807	0.226792
-2.91743	0.225465
-2.90702	0.224069
-2.89693	0.222781
-2.88694	0.221399
-2.87619	0.221326
-2.86645	0.221963
-2.85776	0.222554
-2.84887	0.223257
-2.83989	0.223925
-2.83007	0.224638
-2.82057	0.225001
-2.80945	0.22644
-2.80001	0.229169
-2.79071	0.231779
-2.78153	0.234732
-2.77228	0.23822
-2.76337	0.241972
-2.75363	0.24506
-2.74296	0.24893
-2.73273	0.252083
-2.72256	0.2542
-2.71243	0.256313
-2.70202	0.25855
-2.69147	0.260835
-2.68104	0.263041
-2.66903	0.266277
-2.65783	0.269344
-2.64701	0.272246
-2.6373	0.274276
-2.62763	0.276309
-2.61742	0.278628
-2.60761	0.281661
-2.59866	0.285086
-2.59134	0.28799
-2.5831	0.289068
-2.57397	0.290193
-2.56463	0.291228
-2.55549	0.292206
-2.54583	0.293089
-2.53507	0.294647
-2.5244	0.295625
-2.51428	0.294409
-2.50288	0.292897
-2.49144	0.292011
-2.47982	0.289839
-2.46879	0.286076
-2.45797	0.282474
-2.44755	0.279508
-2.43728	0.277051
-2.42776	0.275239
-2.41821	0.273425
-2.40863	0.271157
-2.39862	0.268953
-2.38857	0.268364
-2.37824	0.268271
-2.3697	0.269331
-2.36117	0.270831
-2.35096	0.272679
-2.34118	0.274489
-2.33105	0.276555
-2.32028	0.277666
-2.31197	0.277699
-2.30371	0.2775
-2.2955	0.277037
-2.28637	0.275997
-2.27706	0.275217
-2.26764	0.27473
-2.25785	0.273985
-2.24785	0.271011
-2.23786	0.26798
-2.2288	0.264411
-2.21952	0.260749
-2.20979	0.257238
-2.20023	0.253616
-2.19096	0.249634
-2.18239	0.24606
-2.17261	0.242909
-2.16213	0.240056
-2.15144	0.237454
-2.14063	0.234941
-2.1288	0.232893
-2.11834	0.230094
-2.10818	0.227704
-2.09785	0.225797
-2.08789	0.222944
-2.07808	0.220894
-2.06779	0.21931
-2.0578	0.217812
-2.04753	0.216443
-2.03691	0.21481
-2.02621	0.2121
-2.01627	0.209439
-2.00634	0.206409
-1.99639	0.20335
-1.9864	0.200346
-1.97656	0.197284
-1.96566	0.193693
-1.95347	0.191692
-1.94217	0.18962
-1.93136	0.188518
-1.92083	0.187367
-1.91117	0.186397
-1.90168	0.185645
-1.89263	0.184678
-1.88361	0.184352
-1.87438	0.184061
-1.86443	0.183466
-1.85427	0.183478
-1.8439	0.183144
-1.8334	0.182616
-1.82257	0.181788
-1.81239	0.180851
-1.80225	0.179977
-1.79209	0.179138
-1.78196	0.178087
-1.7728	0.177032
-1.76404	0.175947
-1.75537	0.175221
-1.74635	0.175436
-1.73749	0.175808
-1.72779	0.176221
-1.71821	0.176728
-1.70835	0.176739
-1.69923	0.17644
-1.69118	0.17622
-1.68258	0.176912
-1.67377	0.177398
-1.66483	0.177909
-1.65535	0.177963
-1.64524	0.179077
-1.63515	0.180101
-1.62396	0.180765
-1.61257	0.18138
-1.60143	0.182259
-1.58988	0.18373
-1.57735	0.184556
-1.56471	0.185274
-1.55301	0.185712
-1.54161	0.185886
-1.53073	0.186427
-1.52046	0.187417
-1.51107	0.188848
-1.50172	0.190243
-1.49258	0.19269
-1.48285	0.195394
-1.47339	0.198737
-1.46357	0.201365
-1.45357	0.204386
-1.44355	0.207279
-1.43346	0.210068
-1.4235	0.212927
-1.41337	0.215596
-1.4033	0.218164
-1.39374	0.220963
-1.38447	0.223452
-1.37685	0.225777
-1.36888	0.227219
-1.36004	0.228389
-1.35068	0.229238
-1.34097	0.229826
-1.33055	0.230237
-1.32101	0.230123
-1.31155	0.230185
-1.30206	0.2299
-1.29337	0.22839
-1.28478	0.226519
-1.27542	0.224725
-1.26656	0.222411
-1.25809	0.220084
-1.24889	0.218309
-1.23905	0.215812
-1.22913	0.213465
-1.21896	0.211138
-1.20905	0.209105
-1.19906	0.207288
-1.18871	0.205944
-1.17841	0.205003
-1.16809	0.203741
-1.15892	0.203045
-1.14975	0.202326
-1.13963	0.200045
-1.13079	0.198773
-1.12134	0.197558
-1.11169	0.198261
-1.1014	0.198601
-1.09047	0.198692
-1.07984	0.198866
-1.06917	0.198018
-1.05791	0.196996
-1.0462	0.195929
-1.03437	0.195319
-1.02381	0.194746
-1.01379	0.193578
-1.00393	0.192619
-0.994075	0.191766
-0.983719	0.192061
-0.973333	0.191982
-0.963981	0.191862
-0.954072	0.191923
-0.944223	0.192072
-0.934157	0.192791
-0.923882	0.192213
-0.913321	0.191642
-0.902758	0.191203
-0.891884	0.190932
-0.881201	0.191024
-0.871469	0.191727
-0.860637	0.192168
-0.848448	0.191855
-0.836495	0.191524
-0.82545	0.191072
-0.815183	0.190613
-0.803905	0.188573
-0.793737	0.186746
-0.78396	0.185112
-0.775078	0.183653
-0.765188	0.182713
-0.756151	0.181857
-0.746969	0.180978
-0.738058	0.18081
-0.728986	0.180642
-0.719714	0.180446
-0.710031	0.179821
-0.700098	0.178845
-0.689661	0.177987
-0.679766	0.177121
-0.670525	0.17648
-0.660742	0.176622
-0.650772	0.176733
-0.640715	0.176678
-0.630401	0.17551
-0.620436	0.173673
-0.610959	0.171916
-0.601494	0.169964
-0.593368	0.16829
-0.585711	0.166818
-0.577492	0.165174
-0.56955	0.163451
-0.561295	0.161992
-0.553372	0.161182
-0.544842	0.159905
-0.536854	0.158716
-0.528122	0.157565
-0.519542	0.155999
-0.510172	0.155399
-0.501044	0.155243
-0.491436	0.1561
-0.481263	0.156684
-0.471578	0.157443
-0.461896	0.158274
-0.452134	0.158342
-0.442263	0.158544
-0.433265	0.15895
-0.425071	0.161759
-0.416322	0.164918
-0.408368	0.167951
-0.399718	0.169729
-0.39118	0.171424
-0.382535	0.17344
-0.374043	0.176325
-0.364515	0.178852
-0.357267	0.183029
-0.349814	0.187309
-0.342917	0.191795
-0.335818	0.194952
-0.32822	0.197974
-0.32049	0.200984
-0.312691	0.204097
-0.305362	0.207845
-0.297696	0.211791
-0.288505	0.216658
-0.278233	0.221031
-0.268442	0.225852
-0.258652	0.23033
-0.248317	0.23431
-0.238966	0.238705
-0.229499	0.243822
-0.219829	0.249171
-0.209145	0.254626
-0.198289	0.259713
-0.18739	0.265117
-0.176621	0.270135
-0.165436	0.275231
-0.154349	0.279699
-0.143744	0.284743
-0.132937	0.288233
-0.120957	0.291921
-0.109811	0.295882
-0.0989806	0.299691
-0.0883993	0.303408
-0.0776249	0.306638
-0.0681165	0.309542
-0.0584328	0.312666
-0.0487782	0.315752
-0.0389338	0.31834
-0.0286189	0.32212
-0.0192914	0.326102
-0.0093989	0.329979
0.000158729	0.333848
0.00980087	0.337631
0.0191855	0.342045
0.0282695	0.346493
0.035985	0.350149
0.04387	0.353787
0.0519374	0.35746
0.0589766	0.3621
0.0658238	0.366501
0.0728474	0.370999
0.0801447	0.376052
0.0871804	0.381338
0.0944946	0.386594
0.10156	0.392736
0.108508	0.398978
0.115079	0.405079
0.122986	0.411455
0.131654	0.417544
0.139976	0.42301
0.147943	0.428294
0.155931	0.433027
0.163582	0.437332
0.170816	0.44188
0.178082	0.446544
0.185574	0.452777
0.192843	0.458592
0.200031	0.464899
0.207636	0.470979
0.215343	0.477025
0.222061	0.482866
0.228634	0.488753
0.235609	0.495271
0.241769	0.501612
0.248424	0.508216
0.256073	0.515291
0.263938	0.522534
0.271493	0.529665
0.279114	0.536268
0.286984	0.542966
0.295324	0.549591
0.303302	0.556429
0.311124	0.562762
0.318691	0.569428
0.325533	0.575005
0.332308	0.579515
0.340194	0.584649
0.347823	0.590374
0.355236	0.597265
0.362691	0.603149
0.370048	0.609383
0.376759	0.614514
0.383873	0.619588
0.390533	0.624536
0.397368	0.629343
0.404301	0.632405
0.411386	0.635702
0.418641	0.63921
0.427746	0.642011
0.436861	0.645882
0.446005	0.649383
0.454344	0.65424
0.462868	0.659077
0.471485	0.664737
0.479998	0.670378
0.488339	0.675847
0.49699	0.681853
0.506007	0.687967
0.514763	0.694091
0.523191	0.700419
0.531434	0.706904
0.538486	0.712436
0.545208	0.718291
0.551684	0.723103
0.558962	0.728656
0.56603	0.734526
0.572589	0.74095
0.579059	0.747715
0.585819	0.755156
0.592707	0.763218
0.59857	0.771796
0.605466	0.779263
0.610796	0.786878
0.616819	0.794974
0.622585	0.802961
0.628314	0.810968
0.634923	0.819958
0.640935	0.828146
0.646928	0.835613
0.653415	0.842427
0.659517	0.849336
0.665364	0.856342
0.671705	0.864436
0.677937	0.872641
0.683745	0.880615
0.689847	0.888644
0.696009	0.895882
0.701534	0.903632
0.705828	0.91061
0.710135	0.917711
0.714592	0.925643
0.719458	0.933636
0.724253	0.941685
0.729	0.950078
0.733872	0.958387
0.738248	0.967336
0.742654	0.975991
0.746461	0.983669
0.751436	0.991631
0.756109	0.998591
0.760806	1.0058
0.76538	1.01336
0.768934	1.02144
0.772467	1.02967
0.775742	1.03815
0.779279	1.0463
0.782608	1.05406
0.785655	1.06214
0.78857	1.07112
0.791262	1.08022
0.794268	1.08895
0.796598	1.09734
0.798523	1.1064
0.800622	1.11646
0.802367	1.12627
0.804047	1.13606
0.806136	1.14606
0.808866	1.15445
0.811634	1.16261
0.814395	1.17079
0.81681	1.17856
0.818992	1.18688
0.820977	1.19588
0.822777	1.20488
0.82448	1.21392
0.825506	1.22229
0.82678	1.23072
0.827946	1.23932
0.828907	1.24727
0.830237	1.25511
0.831207	1.26329
0.831997	1.27141
0.831407	1.27953
0.830933	1.28785
0.829623	1.29644
0.827777	1.3049
0.825466	1.31302
0.822706	1.32133
0.820343	1.32988
0.81846	1.33787
0.816427	1.34605
0.814219	1.35442
0.811902	1.36323
0.809532	1.37241
0.807124	1.38134
0.804053	1.39125
0.800266	1.40183
0.795561	1.41176
0.789371	1.42016
0.783548	1.42839
0.777017	1.43537
0.769738	1.44155
0.762462	1.44815
0.755214	1.45469
0.748601	1.46127
0.741612	1.46842
0.733934	1.4758
0.726666	1.48257
0.71955	1.48846
0.711387	1.49363
0.702982	1.49932
0.695345	1.50361
0.687467	1.50778
0.679453	1.51159
0.671586	1.51489
0.66361	1.51876
0.655885	1.52365
0.647892	1.52826
0.639207	1.53119
0.630234	1.53488
0.622347	1.53844
0.614176	1.54193
0.605571	1.54601
0.596987	1.55184
0.586601	1.55766
0.577293	1.56397
0.567136	1.56997
0.557295	1.57563
0.54758	1.58114
0.537168	1.58678
0.527193	1.59158
0.517742	1.59607
0.508055	1.60052
0.498098	1.60498
0.488811	1.60778
0.47989	1.61137
0.470973	1.61493
0.461767	1.61874
0.452217	1.6227
0.444271	1.62674
0.437378	1.63046
0.429883	1.63303
0.42246	1.6355
0.414342	1.63923
0.406061	1.64303
0.397722	1.64671
0.389193	1.65059
0.379249	1.65598
0.36993	1.66088
0.36121	1.66588
0.351951	1.67053
0.342809	1.67495
0.333898	1.67934
0.325161	1.68343
0.316272	1.68753
0.307365	1.6916
0.29836	1.69591
0.28995	1.70071
0.279908	1.70505
0.269023	1.70894
0.258876	1.71307
0.249425	1.71728
0.239753	1.72168
0.231134	1.72592
0.223388	1.73022
0.21322	1.73401
0.20321	1.73771
0.193433	1.74087
0.183879	1.74474
0.174595	1.74873
0.164679	1.75312
0.155247	1.75669
0.147417	1.76079
0.139342	1.76507
0.131575	1.76867
0.124335	1.77394
0.117587	1.77854
0.111111	1.78456
0.104702	1.791
0.0981747	1.79781
0.0915283	1.80431
0.0850922	1.8112
0.0785533	1.8178
0.0721834	1.82484
0.0654847	1.83062
0.0599209	1.83597
0.0543058	1.84155
0.0483548	1.84736
0.0422238	1.85297
0.0358197	1.85874
0.0298413	1.86554
0.0234909	1.87229
0.0174769	1.87915
0.0112391	1.8861
0.0040224	1.8941
-0.00428305	1.90178
-0.0119268	1.91016
-0.0209749	1.91966
-0.0296471	1.92904
-0.0379665	1.93783
-0.0446748	1.94652
-0.050402	1.95452
-0.0559658	1.96297
-0.0609322	1.97111
-0.066199	1.9787
-0.0712263	1.9865
-0.0764237	1.99504
-0.0813945	2.00364
-0.0864114	2.01157
-0.0901834	2.01899
-0.0935948	2.02619
-0.096726	2.0333
-0.0990659	2.04174
-0.101929	2.04995
-0.105744	2.05846
-0.108691	2.0662
-0.111702	2.07434
-0.114555	2.08267
-0.116903	2.09028
-0.11919	2.09749
-0.121876	2.10466
-0.12522	2.1123
-0.127022	2.12059
-0.12801	2.12921
-0.12846	2.13837
-0.128727	2.14751
-0.128648	2.1568
-0.128161	2.16601
-0.127504	2.17523
-0.126036	2.1842
-0.124777	2.1933
-0.123688	2.20328
-0.121916	2.21366
-0.118971	2.22352
-0.115025	2.23547
-0.110707	2.2472
-0.105696	2.25726
-0.10206	2.26846
-0.0983823	2.27924
-0.0939809	2.28961
-0.0900749	2.29964
-0.0865378	2.30946
-0.0825017	2.3193
-0.0778407	2.32979
-0.0736917	2.34072
-0.0697189	2.35215
-0.0652884	2.36272
-0.0609109	2.37297
-0.0567943	2.38298
-0.0531564	2.39268
-0.0503363	2.40114
-0.0480655	2.40938
-0.0456134	2.41794
-0.0430397	2.42615
-0.0403419	2.43384
-0.0375587	2.442
-0.0352124	2.44973
-0.0338595	2.45789
-0.0321346	2.46549
-0.0297832	2.47328
-0.0265334	2.4816
-0.0233553	2.48987
-0.0202352	2.49836
-0.017369	2.50713
-0.0143255	2.51552
-0.0110951	2.52397
-0.00743436	2.53251
-0.00360051	2.54118
0.000316941	2.54975
0.00405519	2.55975
0.00728688	2.57006
0.0112054	2.58078
0.0149419	2.59125
0.0189281	2.60172
0.0228487	2.61271
0.0273316	2.62272
0.0319165	2.63298
0.0358613	2.64183
0.0396539	2.6504
0.0436609	2.65811
0.0475956	2.66608
0.0509942	2.67379
0.0543282	2.68169
0.0574492	2.69029
0.0602889	2.69884
0.0642023	2.70775
0.0679204	2.7169
0.0723617	2.72666
0.0765841	2.73636
0.079673	2.74671
0.0819295	2.75615
0.0843713	2.76569
0.0866734	2.77475
0.0884075	2.78292
0.0894408	2.7914
0.0915126	2.80057
0.0933921	2.80892
0.0953438	2.81701
0.0974415	2.82558
0.0993248	2.8348
0.100793	2.84405
0.101237	2.85302
0.101916	2.86317
0.102892	2.8737
0.103996	2.88311
0.105107	2.89232
0.106077	2.90175
0.106904	2.91073
0.107972	2.9197
0.10938	2.92863
0.112298	2.93885
0.115667	2.94859
0.119056	2.95762
0.12278	2.9668
0.126226	2.97562
0.129641	2.98464
0.133111	2.99372
0.136979	3.00168
0.140232	3.01019
0.142934	3.01988
0.1461	3.02963
0.148967	3.04061
0.15073	3.05083
0.15159	3.06022
0.152178	3.06978
0.152478	3.07938
0.152124	3.08901
0.151449	3.09842
0.150513	3.1071
0.147972	3.11645
0.145214	3.12582
0.142256	3.13461
0.139888	3.1426
0.137931	3.15032
0.13613	3.15772
0.134167	3.16524
0.132338	3.17306
0.130221	3.18021
0.127382	3.18797
0.124271	3.19597
0.120819	3.20477
0.116681	3.21322
0.110678	3.22173
0.10484	3.22793
0.0987278	3.23453
0.093055	3.24144
0.0880857	3.24826
0.082997	3.25514
0.0778572	3.26215
0.0726392	3.26966
0.0673103	3.27682
0.0619476	3.28401
0.0566696	3.29162
0.051117	3.29901
0.046008	3.30643
0.0406958	3.31401
0.0354837	3.3221
0.0304043	3.32966
0.0257926	3.33661
0.0210291	3.34367
0.0160327	3.35073
0.00940741	3.35736
0.00269369	3.36398
-0.00466843	3.36952
-0.0146712	3.37471
-0.02425	3.37984
-0.0337689	3.38668
-0.0433138	3.39279
-0.0512864	3.39885
-0.0587035	3.40535
-0.0662079	3.41135
-0.0735954	3.4174
-0.080758	3.42312
-0.0878936	3.42835
-0.095067	3.43373
-0.102206	3.43923
-0.110078	3.44536
-0.117971	3.4519
-0.124792	3.45782
-0.131565	3.46385
-0.136966	3.46916
-0.142421	3.47467
-0.148153	3.48046
-0.154691	3.48688
-0.1611	3.49335
-0.167462	3.5
-0.172059	3.50592
-0.176987	3.51128
-0.18219	3.51743
-0.18815	3.52404
-0.193419	3.53074
-0.19785	3.53669
-0.202306	3.54293
-0.206687	3.54952
-0.210714	3.55642
-0.215708	3.56364
-0.221133	3.57108
-0.227042	3.57826
-0.232343	3.5854
-0.237693	3.59265
-0.243033	3.60085
-0.246833	3.6091
-0.250228	3.6182
-0.252833	3.62745
-0.25511	3.63672
-0.257995	3.64535
-0.260643	3.65435
-0.263656	3.66301
-0.265039	3.67243
-0.266355	3.68185
-0.266967	3.69079
-0.266782	3.70134
-0.266453	3.71176
-0.265749	3.72202
-0.266668	3.73224
-0.26744	3.74231
-0.26789	3.75174
-0.268244	3.76114
-0.268405	3.76893
-0.268674	3.77698
-0.26872	3.7841
-0.26907	3.79187
-0.268587	3.79943
-0.267481	3.80774
-0.265363	3.81591
-0.262596	3.82418
-0.2585	3.83331
-0.253905	3.84276
-0.249223	3.85206
-0.244474	3.86068
-0.2383	3.8694
-0.2323	3.87877
-0.22629	3.88772
-0.220094	3.89649
-0.213543	3.90477
-0.206736	3.91311
-0.200478	3.9209
-0.194145	3.92877
-0.187917	3.93633
-0.180953	3.94381
-0.172988	3.95091
-0.164853	3.9572
-0.157296	3.96277
-0.149496	3.96893
-0.141853	3.97514
-0.134129	3.98116
-0.126281	3.98681
-0.11772	3.99189
-0.108408	3.99782
-0.0986842	4.00382
-0.0879435	4.00989
-0.0792592	4.01539
-0.0708416	4.02193
-0.0624821	4.02829
-0.0541016	4.035
-0.0457541	4.0415
-0.0373684	4.04823
-0.0290121	4.05467
-0.0215982	4.06138
-0.0137168	4.06687
-0.00521154	4.07229
0.00370265	4.07722
0.0124691	4.08206
0.0213287	4.08708
0.0300011	4.09162
0.0383711	4.09486
0.0455829	4.09716
0.053996	4.09999
0.0620389	4.10254
0.0701831	4.10542
0.0783057	4.10785
0.0850541	4.10976
0.0925318	4.11191
0.0995777	4.11441
0.106762	4.11746
0.113332	4.1208
0.120402	4.12417
0.128854	4.12655
0.136874	4.13009
0.144483	4.13373
0.151334	4.13849
0.157631	4.1425
0.164584	4.14738
0.1711	4.15232
0.177591	4.1571
0.184952	4.1622
0.19189	4.16771
0.199457	4.17365
0.206965	4.17977
0.214223	4.18622
0.221769	4.19366
0.228189	4.20163
0.234354	4.20988
0.239746	4.21876
0.245947	4.22732
0.252076	4.23628
0.258886	4.24583
0.265369	4.2551
0.271671	4.26397
0.277441	4.27208
0.282442	4.2806
0.28727	4.28878
0.291772	4.29942
0.296061	4.30972
0.299909	4.32043
0.30353	4.33086
0.307104	4.34206
0.31087	4.35249
0.314322	4.36256
0.317853	4.37303
0.321232	4.38377
0.324505	4.39438
0.328293	4.40528
0.331665	4.4158
0.335852	4.42592
0.338961	4.43523
0.341931	4.44453
0.344549	4.45446
0.346854	4.46421
0.348669	4.47382
0.350239	4.48323
0.351809	4.49359
0.353253	4.50385
0.354347	4.51431
0.355338	4.52437
0.356125	4.53422
0.356792	4.54389
0.357609	4.55338
0.358861	4.5637
0.357807	4.57288
0.356436	4.58242
0.354932	4.59192
0.354514	4.60143
0.353718	4.61184
0.354115	4.62287
0.354435	4.63359
0.353628	4.64248
0.352698	4.65115
0.351744	4.65982
0.349538	4.66753
0.347163	4.67545
0.344448	4.68479
0.341686	4.69385
0.338026	4.70254
0.335743	4.71183
0.333601	4.72115
0.331339	4.73043
0.32984	4.73938
0.329003	4.74868
0.329772	4.75739
0.329792	4.76491
0.32959	4.77255
0.328371	4.78042
0.325799	4.78815
0.323942	4.79484
0.322164	4.8023
0.320202	4.81023
0.318048	4.8184
0.316058	4.8264
0.313202	4.83486
0.309839	4.84301
0.305781	4.85122
0.301504	4.85948
0.297489	4.86692
0.293661	4.87683
0.288959	4.88693
0.283236	4.8969
0.277411	4.9068
0.272085	4.91468
0.26676	4.92124
0.262904	4.9279
0.259043	4.93427
0.254585	4.94165
0.249981	4.94915
0.245161	4.95682
0.240138	4.96568
0.234947	4.97446
0.229164	4.98378
0.22331	4.99291
0.21754	5.00185
0.210812	5.01041
0.202915	5.01698
0.196354	5.02269
0.190314	5.02894
0.184821	5.03485
0.177674	5.04107
0.170962	5.04691
0.164509	5.05244
0.157683	5.05732
0.150573	5.06226
0.142847	5.06709
0.134251	5.07311
0.125604	5.07844
0.117124	5.08374
0.10941	5.08866
0.103479	5.09324
0.0970655	5.09824
0.0907226	5.1031
0.0834443	5.10793
0.0760377	5.11282
0.0694927	5.11807
0.0629849	5.12397
0.056336	5.13
0.0498508	5.13457
0.0424791	5.14017
0.033563	5.1463
0.02488	5.15222
0.0162227	5.15822
0.0074192	5.16381
-0.00101344	5.16958
-0.00964982	5.17516
-0.0194277	5.18197
-0.0283937	5.18872
-0.0373898	5.1944
-0.0466873	5.20071
-0.055674	5.20668
-0.064231	5.21268
-0.0735131	5.21875
-0.0820906	5.22472
-0.0905596	5.23063
-0.100252	5.2372
-0.109857	5.24302
-0.119859	5.24858
-0.130906	5.25417
-0.141337	5.25956
-0.151394	5.26483
-0.161165	5.26998
-0.170312	5.27531
-0.179161	5.27981
-0.186326	5.28391
-0.193571	5.28817
-0.200851	5.29263
-0.207669	5.29795
-0.214823	5.30345
-0.221127	5.3085
-0.227678	5.31319
-0.234847	5.31849
-0.24164	5.32419
-0.249751	5.33091
-0.257767	5.33828
-0.265477	5.34522
-0.27349	5.3524
-0.281912	5.35956
-0.290543	5.36474
-0.298619	5.36803
-0.30661	5.37227
-0.314542	5.37473
-0.322561	5.37737
-0.330718	5.38012
-0.33906	5.38243
-0.347069	5.38563
-0.355137	5.38865
-0.364237	5.39155
-0.37312	5.39431
-0.381956	5.39712
-0.391578	5.40021
-0.401101	5.40309
-0.410003	5.40654
-0.418176	5.40983
-0.426644	5.41358
-0.43518	5.41683
-0.443874	5.42009
-0.452529	5.42336
-0.461385	5.42675
-0.470484	5.43043
-0.479469	5.43443
-0.488395	5.43782
-0.496741	5.44124
-0.504399	5.44511
-0.511404	5.44885
-0.518336	5.45273
-0.525444	5.45698
-0.533347	5.46053
-0.541269	5.46427
-0.549028	5.46854
-0.558594	5.4727
-0.56758	5.47698
-0.576403	5.48129
-0.584893	5.48554
-0.593538	5.4902
-0.602407	5.4948
-0.611186	5.49946
-0.620216	5.50358
-0.629259	5.508
-0.640167	5.51108
-0.65072	5.51411
-0.661062	5.51678
-0.670944	5.52019
-0.680513	5.52332
-0.691489	5.52678
-0.701589	5.53059
-0.71117	5.53315
-0.720495	5.53575
-0.73013	5.53836
-0.739669	5.54099
-0.749071	5.54364
-0.75746	5.54587
-0.764606	5.54816
-0.771809	5.55119
-0.779216	5.55338
-0.787383	5.55527
-0.795647	5.55737
-0.804065	5.56042
-0.812077	5.56289
-0.820348	5.56472
-0.828045	5.56616
-0.835961	5.56765
-0.843574	5.56967
-0.851678	5.57251
-0.859635	5.57575
-0.86764	5.57914
-0.87577	5.58303
-0.883948	5.58789
-0.891984	5.59292
-0.900266	5.59729
-0.908615	5.60299
-0.916671	5.61003
-0.924841	5.61682
-0.932753	5.62357
-0.940334	5.62997
-0.947586	5.63719
-0.955666	5.64618
-0.963372	5.65589
-0.971507	5.66524
-0.9795	5.67475
-0.98765	5.68377
-0.995428	5.69235
-1.00282	5.70121
-1.01021	5.70959
-1.0163	5.71805
-1.02201	5.72716
-1.02746	5.73616
-1.0326	5.74427
-1.03788	5.7523
-1.04317	5.76066
-1.0491	5.76906
-1.05409	5.77763
-1.05859	5.78591
-1.06236	5.79421
-1.06603	5.80075
-1.06935	5.80732
-1.07248	5.81438
-1.07674	5.82072
-1.08101	5.82702
-1.08513	5.83386
-1.08914	5.84153
-1.09236	5.84945
-1.09533	5.8584
-1.09827	5.86763
-1.10087	5.87609
-1.10255	5.88407
-1.10382	5.89087
-1.10496	5.89804
-1.10612	5.9056
-1.10769	5.91277
-1.10977	5.92067
-1.11154	5.92741
-1.11545	5.93449
-1.11881	5.94237
-1.12222	5.95081
-1.12562	5.95946
-1.12843	5.96851
-1.13133	5.97697
-1.13432	5.98512
-1.13735	5.99383
-1.14044	6.00267
-1.14325	6.01122
-1.14612	6.01989
-1.14888	6.02857
-1.15175	6.03701
-1.15446	6.04543
-1.15715	6.05432
-1.15964	6.06323
-1.16241	6.07098
-1.16509	6.07898
-1.16746	6.08619
-1.16894	6.09477
-1.17026	6.1035
-1.17169	6.11362
-1.17408	6.12406
-1.17742	6.13517
-1.18058	6.14579
-1.18359	6.15657
-1.18697	6.16629
-1.19028	6.17541
-1.19343	6.18463
-1.19722	6.19399
-1.20115	6.20361
-1.20583	6.21129
-1.21123	6.21867
-1.21463	6.22496
-1.21795	6.23206
-1.22123	6.23949
-1.22424	6.24713
-1.22717	6.2551
-1.22986	6.26346
-1.23242	6.27121
-1.23504	6.27923
-1.23762	6.2875
-1.23912	6.29758
-1.23938	6.30716
-1.2384	6.31794
-1.23693	6.3283
-1.23597	6.33887
-1.23507	6.34866
-1.23409	6.35893
-1.23238	6.36907
-1.23038	6.37951
-1.22864	6.38993
-1.22698	6.40021
-1.22551	6.41026
-1.22419	6.42073
-1.22192	6.43034
-1.21928	6.44085
-1.2172	6.45021
-1.2149	6.45936
-1.21262	6.46841
-1.21044	6.47794
-1.20755	6.48758
-1.2037	6.49694
-1.19998	6.50574
-1.19635	6.51444
-1.19248	6.52324
-1.18846	6.53161
-1.1842	6.53997
-1.17963	6.54787
-1.17347	6.55633
-1.16731	6.56458
-1.16112	6.57262
-1.15393	6.5821
-1.14825	6.59046
-1.14274	6.59916
-1.13767	6.60748
-1.13247	6.61551
-1.12694	6.62296
-1.12129	6.6304
-1.11567	6.6374
-1.10905	6.64445
-1.10252	6.65173
-1.09611	6.6598
-1.0895	6.66812
-1.08368	6.67528
-1.07768	6.68253
-1.07204	6.69044
-1.06616	6.69817
-1.06018	6.70541
-1.05369	6.71268
-1.04701	6.71925
-1.04032	6.72595
-1.03277	6.73167
-1.02487	6.73857
-1.01745	6.74553
-1.01	6.75235
-1.00277	6.75898
-0.995667	6.76527
-0.988473	6.77165
-0.980363	6.77801
-0.972715	6.78464
-0.964274	6.79118
-0.95701	6.79731
-0.949644	6.80314
-0.941356	6.8096
-0.932967	6.81613
-0.925236	6.82262
-0.917501	6.82904
-0.910017	6.83535
-0.902828	6.84131
-0.895491	6.84671
-0.887497	6.85121
-0.879494	6.85494
-0.871349	6.85788
-0.863569	6.86045
-0.855524	6.8627
-0.847467	6.86433
-0.838734	6.86634
-0.830342	6.86802
-0.822416	6.8689
-0.814301	6.86959
-0.805917	6.871
-0.796568	6.87149
-0.787141	6.87198
-0.777751	6.87262
-0.768274	6.87324
-0.759231	6.87466
-0.750018	6.87568
-0.74011	6.87642
-0.731767	6.87642
-0.72295	6.87671
-0.713883	6.87675
-0.705787	6.87624
-0.697031	6.87579
-0.687868	6.87461
-0.678269	6.87337
-0.66891	6.87136
-0.65882	6.87004
-0.649099	6.86867
-0.639588	6.86672
-0.629801	6.86496
-0.620284	6.86348
-0.610659	6.8615
-0.600452	6.85891
-0.590357	6.85531
-0.580385	6.85159
-0.570277	6.84838
-0.560129	6.84522
-0.550254	6.84241
-0.541274	6.83967
-0.532188	6.83687
-0.524425	6.83447
-0.516029	6.8318
-0.507873	6.82933
-0.4996	6.82746
-0.490477	6.82607
-0.482881	6.82351
-0.473339	6.82186
-0.46268	6.81979
-0.451505	6.81757
-0.440006	6.81608
-0.427968	6.81474
-0.416428	6.81342
-0.405056	6.81245
-0.394317	6.81156
-0.383773	6.81053
-0.3727	6.81
-0.361664	6.80981
-0.351211	6.80953
-0.340436	6.81033
-0.329863	6.81118
-0.319394	6.81215
-0.30888	6.81257
-0.298623	6.81237
-0.28834	6.81203
-0.278922	6.8123
-0.268749	6.81234
-0.258661	6.81212
-0.249458	6.81249
-0.240184	6.81288
-0.231676	6.81318
-0.222718	6.815
-0.214429	6.81679
-0.204588	6.81954
-0.194566	6.82241
-0.184571	6.82476
-0.174417	6.82611
-0.165293	6.82753
-0.155166	6.82884
-0.146536	6.83005
-0.138069	6.83138
-0.128952	6.8332
-0.119166	6.83543
-0.109504	6.83749
-0.0997353	6.84054
-0.089861	6.8444
-0.0787641	6.8477
-0.0692772	6.85168
-0.0596759	6.85595
-0.0500711	6.86047
-0.0392293	6.86404
-0.0285999	6.868
-0.0183154	6.87206
-0.0085974	6.87617
0.000981378	6.88079
0.0099682	6.88464
0.0178431	6.88894
0.0256403	6.89413
0.0336215	6.89922
0.0416678	6.90483
0.0485683	6.90997
0.0558608	6.91545
0.063096	6.92082
0.0702929	6.92635
0.0775269	6.93187
0.0848208	6.93698
0.0920457	6.9423
0.0995672	6.94792
0.106997	6.95405
0.11324	6.95888
0.120018	6.96234
0.127061	6.9663
0.133261	6.97001
0.140117	6.97369
0.147242	6.97732
0.154523	6.98042
0.161167	6.98314
0.168107	6.98565
0.175385	6.98898
0.183834	6.99203
0.191364	6.99548
0.199006	6.99898
0.2065	7.00276
0.214158	7.00621
0.221804	7.01027
0.229325	7.01416
0.237139	7.01831
0.244892	7.02262
0.252846	7.02698
0.260705	7.03195
0.268946	7.03697
0.276798	7.04392
0.28415	7.05108
0.29126	7.05866
0.298778	7.06633
0.306487	7.07415
0.313866	7.08147
0.320601	7.08978
0.327108	7.09788
0.333547	7.106
0.340189	7.11466
0.346599	7.12269
0.353681	7.13004
0.360327	7.13725
0.366157	7.14414
0.371787	7.15256
0.376448	7.15994
0.38193	7.16694
0.386967	7.17414
0.392017	7.18162
0.397752	7.189
0.403759	7.19644
0.409516	7.20413
0.415454	7.21206
0.422096	7.22
0.428472	7.22801
0.435106	7.23601
0.442726	7.24299
0.450189	7.24994
0.457594	7.25697
0.464656	7.26454
0.470744	7.27186
0.476527	7.27902
0.481912	7.28556
0.487247	7.29227
0.492725	7.29849
0.498339	7.30478
0.504256	7.31134
0.510224	7.3182
0.516267	7.32529
0.52202	7.33318
0.528714	7.34137
0.535195	7.34916
0.541498	7.35727
0.546598	7.36555
0.551042	7.37312
0.556477	7.38127
0.561758	7.38944
0.566881	7.39768
0.571203	7.40668
0.575041	7.41474
0.579251	7.42252
0.583842	7.43083
0.588324	7.4392
0.592781	7.44696
0.598073	7.45487
0.603289	7.4629
0.609041	7.47098
0.6154	7.47863
0.621767	7.48589
0.62858	7.4931
0.63548	7.49935
0.642146	7.50581
0.648765	7.51216
0.656656	7.51864
0.664991	7.52617
0.672354	7.5353
0.679549	7.54459
0.686236	7.55254
0.692778	7.56011
0.699061	7.56764
0.70523	7.57512
0.710649	7.58405
0.715264	7.5944
0.719634	7.60444
0.724411	7.6152
0.728833	7.62579
0.732822	7.63673
0.73616	7.64723
0.73879	7.65737
0.740841	7.66756
0.742232	7.67788
0.743664	7.68877
0.744961	7.69946
0.743825	7.71046
0.743318	7.7222
0.741847	7.73383
0.741665	7.7439
0.741138	7.7538
0.739954	7.76329
0.738598	7.77274
0.737915	7.78207
0.737065	7.79237
0.73624	7.80163
0.735274	7.81102
0.73364	7.82025
0.731876	7.82952
0.730041	7.83874
0.727762	7.84858
0.72377	7.85939
0.719494	7.87098
0.71605	7.88288
0.712712	7.89336
0.709222	7.90345
0.705676	7.9141
0.702172	7.92444
0.698595	7.93456
0.695593	7.9439
0.691864	7.9534
0.687958	7.96276
0.683979	7.97194
0.678736	7.98134
0.673576	7.99008
0.667666	7.99851
0.661656	8.00567
0.656469	8.01265
0.650299	8.02003
0.644438	8.0271
0.637118	8.03489
0.629893	8.04222
0.622676	8.04944
0.615497	8.05543
0.607642	8.06244
0.599824	8.07008
0.592341	8.07852
0.584764	8.0851
0.578319	8.09188
0.571285	8.09903
0.563717	8.10704
0.555626	8.1149
0.549286	8.12307
0.543679	8.13187
0.536962	8.14001
0.530365	8.14739
0.524484	8.1558
0.519138	8.1636
0.514203	8.17096
0.509429	8.17849
0.504531	8.18674
0.498882	8.19512
0.493044	8.20251
0.485903	8.21037
0.479243	8.21845
0.472157	8.22626
0.465682	8.23385
0.458984	8.24159
0.452181	8.24916
0.445662	8.25654
0.438732	8.26376
0.431866	8.27072
0.42414	8.27775
0.415319	8.28358
0.406384	8.2893
0.398062	8.29587
0.39014	8.30181
0.381871	8.30703
0.373153	8.3117
0.363722	8.31716
0.354377	8.32278
0.344578	8.32869
0.334999	8.33443
0.325778	8.33952
0.315581	8.34417
0.306858	8.34916
0.298162	8.35395
0.288946	8.35781
0.279345	8.36128
0.269981	8.36457
0.260811	8.36805
0.252604	8.37181
0.243415	8.37639
0.234278	8.38071
0.225204	8.38496
0.214129	8.38973
0.203399	8.39447
0.191941	8.39845
0.18062	8.40159
0.169	8.4053
0.158132	8.40797
0.147686	8.41085
0.137473	8.41407
0.12665	8.41813
0.116381	8.422
0.105404	8.42509
0.0945942	8.42823
0.0850266	8.43187
0.074837	8.43426
0.0650099	8.43692
0.0553651	8.43954
0.0465876	8.44158
0.0383014	8.44369
0.0295343	8.44585
0.0204851	8.44786
0.0107867	8.45004
0.00198375	8.45238
-0.00647201	8.45503
-0.0139361	8.4584
-0.0214068	8.46021
-0.0293965	8.46211
-0.0378281	8.46471
-0.0456697	8.46817
-0.054145	8.47129
-0.0633753	8.47393
-0.0731322	8.47615
-0.0824247	8.47956
-0.0911466	8.48214
-0.0998083	8.48459
-0.108784	8.48666
-0.117791	8.48874
-0.127313	8.49074
-0.136419	8.49333
-0.144744	8.49557
-0.153099	8.49801
-0.160912	8.50028
-0.168913	8.50234
-0.177037	8.50472
-0.185098	8.50718
-0.193782	8.50904
-0.202525	8.51095
-0.211077	8.51287
-0.219412	8.51523
-0.227784	8.51772
-0.236317	8.52033
-0.245166	8.52286
-0.254403	8.52531
-0.263834	8.52735
-0.273215	8.5295
-0.282242	8.53198
-0.290564	8.53495
-0.29749	8.53797
-0.304623	8.54119
-0.31137	8.54272
-0.318432	8.54425
-0.327224	8.54528
-0.336538	8.54714
-0.345085	8.54869
-0.354099	8.55016
-0.363332	8.55144
-0.373304	8.55171
-0.382925	8.55111
-0.392414	8.55049
-0.400915	8.54997
-0.40955	8.54934
-0.417781	8.54928
-0.42617	8.54922
-0.433727	8.54918
-0.441953	8.5509
-0.450144	8.55315
-0.458256	8.55592
-0.466424	8.55874
-0.475407	8.56061
-0.484384	8.56226
-0.493408	8.56465
-0.501892	8.56732
-0.510206	8.57028
-0.518506	8.57326
-0.526326	8.57648
-0.5333	8.57888
-0.539413	8.5809
-0.545925	8.58295
-0.554162	8.58553
-0.56247	8.58823
-0.570921	8.59134
-0.579818	8.59482
-0.590475	8.59886
-0.600821	8.60292
-0.610998	8.60706
-0.620826	8.61112
-0.630279	8.61505
-0.639162	8.61863
-0.648458	8.62201
-0.657617	8.62541
-0.667538	8.62927
-0.676888	8.63381
-0.685994	8.63825
-0.694929	8.64207
-0.703392	8.64631
-0.711634	8.65061
-0.719585	8.65487
-0.727748	8.65794
-0.736262	8.6612
-0.74492	8.66454
-0.75408	8.66768
-0.763636	8.67129
-0.772734	8.67579
-0.781557	8.68035
-0.789	8.68366
-0.79659	8.68676
-0.805326	8.68876
-0.814466	8.69056
-0.823674	8.69236
-0.832699	8.69395
-0.841064	8.69534
-0.849467	8.69665
-0.857436	8.69839
-0.864616	8.70023
-0.872542	8.70212
-0.881362	8.70251
-0.890476	8.70339
-0.898788	8.70331
-0.906401	8.70293
-0.915964	8.70135
-0.925362	8.69945
-0.934722	8.69586
-0.942258	8.69276
-0.949036	8.68929
-0.956091	8.68561
-0.963081	8.68206
-0.971071	8.67731
-0.978503	8.67222
-0.986637	8.66677
-0.994999	8.66156
-1.00361	8.6562
-1.01168	8.65021
-1.01785	8.64517
-1.02411	8.64001
-1.02992	8.63357
-1.03621	8.62695
-1.04388	8.61921
-1.05136	8.61167
-1.05902	8.6036
-1.06704	8.59376
-1.07468	8.58452
-1.08157	8.57589
-1.08814	8.56784
-1.09379	8.55891
-1.09868	8.55095
-1.10395	8.54303
-1.10936	8.53531
-1.1138	8.52709
-1.11858	8.51875
-1.12336	8.51
-1.12767	8.50145
-1.13223	8.49288
-1.13633	8.48462
-1.14058	8.47581
-1.14528	8.46674
-1.1494	8.458
-1.15354	8.44875
-1.15668	8.43969
-1.15944	8.43042
-1.1619	8.42131
-1.16396	8.41181
-1.16609	8.40196
-1.16847	8.39321
-1.17043	8.383
-1.17215	8.37415
-1.17306	8.36624
-1.17394	8.35799
-1.17489	8.34935
-1.17525	8.34119
-1.17534	8.33291
-1.175	8.32454
-1.1742	8.31621
-1.17394	8.30691
-1.17384	8.29752
-1.17338	8.2882
-1.17242	8.27864
-1.17134	8.26978
-1.17252	8.2618
-1.1747	8.2529
-1.1777	8.24428
-1.18068	8.23655
-1.18356	8.22856
-1.18658	8.22043
-1.18951	8.21127
-1.19248	8.20261
-1.19605	8.19356
-1.19892	8.18544
-1.20133	8.1761
-1.20349	8.16664
-1.20599	8.1587
-1.20846	8.15007
-1.21058	8.14099
-1.21279	8.13213
-1.21501	8.12271
-1.21681	8.11326
-1.21668	8.10394
-1.21642	8.0946
-1.2167	8.08395
-1.21653	8.07405
-1.2162	8.06448
-1.21604	8.05424
-1.21609	8.0442
-1.21681	8.0333
-1.21741	8.02264
-1.21892	8.01286
-1.2207	8.00383
-1.22259	7.99431
-1.22424	7.98501
-1.22536	7.97587
-1.22602	7.96588
-1.22681	7.95536
-1.22655	7.94444
-1.22522	7.93361
-1.22337	7.92246
-1.22192	7.91132
-1.22025	7.90011
-1.2183	7.88929
-1.21607	7.87835
-1.21371	7.86721
-1.21122	7.85647
-1.20851	7.84611
-1.20589	7.83571
-1.20502	7.82662
-1.20392	7.81771
-1.20197	7.8087
-1.19935	7.79921
-1.19723	7.79009
-1.19539	7.78084
-1.19549	7.77305
-1.19541	7.765
-1.19507	7.75737
-1.19447	7.74919
-1.19395	7.74072
-1.19342	7.73241
-1.19191	7.72305
-1.1911	7.71393
-1.19006	7.70443
-1.18883	7.69495
-1.1873	7.68377
-1.18569	7.6729
-1.18389	7.66285
-1.18195	7.65292
-1.17942	7.64374
-1.17666	7.63421
-1.17518	7.62458
-1.17277	7.61517
-1.17021	7.60509
-1.16791	7.59498
-1.16537	7.58422
-1.16174	7.57396
-1.15839	7.5635
-1.1559	7.55282
-1.15346	7.54252
-1.15074	7.53241
-1.14768	7.52165
-1.14413	7.5127
-1.1404	7.50387
-1.13623	7.49488
-1.1319	7.48576
-1.1283	7.47668
-1.12482	7.4676
-1.12147	7.45788
-1.11802	7.44816
-1.11403	7.43824
-1.11005	7.42845
-1.10618	7.41935
-1.10175	7.4102
-1.09593	7.40103
-1.09024	7.39247
-1.0847	7.38407
-1.07736	7.37513
-1.06996	7.36641
-1.06298	7.35774
-1.05611	7.34931
-1.04928	7.34111
-1.04202	7.33381
-1.03408	7.32691
-1.02601	7.32034
-1.01775	7.31399
-1.01065	7.30864
-1.00345	7.30336
-0.995323	7.29772
-0.987396	7.29174
-0.979925	7.28548
-0.97236	7.27925
-0.96387	7.27312
-0.955538	7.2668
-0.94762	7.26055
-0.938177	7.25558
-0.928743	7.25091
-0.919398	7.24652
-0.910283	7.24199
-0.901375	7.23745
-0.892556	7.23295
-0.882723	7.2273
-0.873591	7.22155
-0.86453	7.21587
-0.855002	7.21162
-0.845636	7.20744
-0.836204	7.20323
-0.826367	7.19923
-0.816762	7.19474
-0.807157	7.19122
-0.797428	7.18746
-0.78749	7.18439
-0.777214	7.1811
-0.766801	7.17729
-0.756375	7.17364
-0.7456	7.17016
-0.735104	7.16637
-0.724638	7.16272
-0.71473	7.15897
-0.704859	7.15525
-0.695003	7.15145
-0.685011	7.14775
-0.676292	7.14221
-0.668243	7.1362
-0.660183	7.13028
-0.651076	7.12522
-0.641708	7.1186
-0.632315	7.11218
-0.622892	7.10577
-0.613189	7.09903
-0.603737	7.09251
-0.59374	7.08684
-0.583174	7.08146
-0.572583	7.07652
-0.563291	7.07176
-0.554138	7.0664
-0.544971	7.06127
-0.535656	7.05593
-0.52626	7.05055
-0.516762	7.04428
-0.507215	7.03872
-0.497568	7.03382
-0.487785	7.02999
-0.478048	7.02631
-0.468273	7.0222
-0.458234	7.01912
-0.44816	7.01757
-0.438596	7.01648
-0.429459	7.01664
-0.419647	7.0163
-0.410179	7.01672
-0.40054	7.01709
-0.390208	7.01674
-0.380334	7.01628
-0.371152	7.0158
-0.362135	7.01521
-0.353202	7.01503
-0.343854	7.01423
-0.33468	7.01332
-0.325333	7.01272
-0.315002	7.01123
-0.305377	7.00992
-0.295343	7.00875
-0.285282	7.00795
-0.274666	7.00797
-0.264247	7.00778
-0.253806	7.00765
-0.243818	7.00831
-0.234325	7.00879
-0.22463	7.00944
-0.214831	7.01013
-0.20536	7.01041
-0.195964	7.00992
-0.185697	7.00936
-0.175935	7.00869
-0.167119	7.00772
-0.156959	7.00667
-0.147045	7.00661
-0.136573	7.00627
-0.126005	7.00606
-0.116563	7.00668
-0.107052	7.0082
-0.0972381	7.01177
-0.0873835	7.01652
-0.0779496	7.02163
-0.0685597	7.0266
-0.0594493	7.03113
-0.0487873	7.03631
-0.0374041	7.04168
-0.0267476	7.04736
-0.0159981	7.05246
-0.00537618	7.05765
0.00427513	7.06197
0.0134274	7.06563
0.0225405	7.069
0.0315926	7.07305
0.0408908	7.07706
0.0509719	7.08034
0.0595586	7.08379
0.0682964	7.08705
0.077709	7.08964
0.0861254	7.09195
0.0943935	7.09438
0.102037	7.09709
0.109515	7.1007
0.117166	7.10487
0.124848	7.10915
0.133152	7.11448
0.141013	7.11989
0.148741	7.12538
0.156789	7.1306
0.164565	7.13545
0.172112	7.13962
0.179368	7.14412
0.187371	7.14941
0.195881	7.1555
0.204319	7.16169
0.212941	7.16692
0.220412	7.17187
0.228289	7.17706
0.236444	7.1817
0.245271	7.1863
0.254038	7.19086
0.262245	7.1944
0.271193	7.19834
0.280324	7.20199
0.289395	7.20508
0.298544	7.20779
0.306828	7.20964
0.315218	7.21211
0.323908	7.2133
0.33299	7.21353
0.342585	7.21374
0.350989	7.21393
0.35985	7.21316
0.369055	7.21268
0.377624	7.21148
0.387146	7.20971
0.396542	7.20743
0.405604	7.20607
0.414036	7.20483
0.421677	7.20463
0.42959	7.20452
0.436819	7.20504
0.444881	7.20594
0.452994	7.20694
0.461471	7.20821
0.469937	7.20947
0.478782	7.21064
0.487957	7.212
0.496924	7.21327
0.505115	7.21443
0.51299	7.2158
0.52091	7.21838
0.529011	7.22144
0.537279	7.22474
0.546295	7.22781
0.555339	7.23091
0.564435	7.23426
0.573332	7.23805
0.582085	7.24192
0.592535	7.24537
0.602086	7.24775
0.611178	7.25005
0.620264	7.25204
0.629333	7.25574
0.63788	7.25926
0.646632	7.26265
0.655279	7.26651
0.66368	7.27093
0.672149	7.27536
0.680518	7.28032
0.688176	7.28486
0.695784	7.28935
0.703103	7.29367
0.71	7.29836
0.71762	7.30287
0.726037	7.30635
0.734346	7.30989
0.742725	7.31353
0.751084	7.31717
0.759512	7.32095
0.768625	7.32554
0.778677	7.33109
0.788361	7.33703
0.798391	7.34215
0.807153	7.3479
0.81489	7.35251
0.822753	7.35779
0.830754	7.363
0.838749	7.36901
0.84598	7.37441
0.85325	7.37957
0.860527	7.38485
0.868474	7.38997
0.876502	7.39505
0.884007	7.3997
0.891004	7.40485
0.896547	7.4106
0.901193	7.41678
0.905534	7.42198
0.909565	7.42785
0.912631	7.43385
0.915396	7.44041
0.918498	7.44807
0.921468	7.45576
0.923646	7.46244
0.925503	7.46961
0.927708	7.47623
0.929501	7.4833
0.931204	7.49064
0.933171	7.49727
0.935464	7.50409
0.935693	7.51123
0.93577	7.51912
0.937296	7.52783
0.939706	7.53565
0.941942	7.54311
0.943725	7.55075
0.945339	7.5586
0.947122	7.5675
0.949606	7.57648
0.951888	7.58545
0.954701	7.59417
0.956811	7.60134
0.959411	7.60929
0.961779	7.61776
0.963861	7.62664
0.96533	7.63456
0.966747	7.64291
0.967616	7.65203
0.968511	7.66148
0.969119	7.67011
0.970182	7.67938
0.970994	7.68857
0.971419	7.69905
0.971339	7.70962
0.971459	7.7202
0.971607	7.73069
0.971206	7.74214
0.969869	7.75486
0.968459	7.76704
0.967849	7.77863
0.966883	7.79028
0.96585	7.80133
0.965014	7.81186
0.965277	7.82121
0.96497	7.83035
0.964732	7.84031
0.964876	7.85031
0.964696	7.86073
0.964378	7.87102
0.963284	7.88101
0.962032	7.89111
0.960632	7.90155
0.959435	7.91041
0.957947	7.91924
0.956616	7.92895
0.955152	7.93862
0.953766	7.94836
0.952466	7.95741
0.950473	7.96781
0.947787	7.97832
0.944911	7.9877
0.940642	7.99759
0.935442	8.00782
0.930242	8.01758
0.924954	8.02711
0.919862	8.03623
0.914989	8.04484
0.91047	8.05301
0.905819	8.06118
0.899905	8.07051
0.89402	8.0796
0.887674	8.0887
0.881006	8.09807
0.874979	8.10681
0.868224	8.11555
0.861513	8.12396
0.853174	8.13277
0.845086	8.14122
0.83687	8.14879
0.829447	8.15623
0.821508	8.16315
0.813862	8.17003
0.805481	8.17693
0.795609	8.18281
0.785837	8.18805
0.776044	8.19272
0.766238	8.19771
0.756548	8.20236
0.748127	8.20606
0.739865	8.20964
0.731507	8.21327
0.724317	8.21653
0.718241	8.21937
0.711608	8.22231
0.704684	8.22499
0.69715	8.22754
0.68951	8.22977
0.681179	8.23259
0.672249	8.23501
0.663515	8.23734
0.654377	8.23922
0.645064	8.24112
0.634627	8.24282
0.623935	8.24445
0.613292	8.24576
0.602869	8.24699
0.592211	8.2473
0.582025	8.24754
0.572013	8.24774
0.561587	8.24866
0.551158	8.2496
0.541745	8.24917
0.532571	8.24927
0.523429	8.24914
0.514182	8.24901
0.505126	8.24877
0.495877	8.2484
0.486071	8.24735
0.476271	8.24632
0.466394	8.24552
0.456098	8.24533
0.445961	8.2451
0.434594	8.24485
0.424394	8.24505
0.413227	8.24616
0.401285	8.24742
0.391672	8.24704
0.382589	8.24676
0.373739	8.24671
0.364259	8.24619
0.354451	8.24453
0.344296	8.24281
0.334714	8.24252
0.326162	8.24354
0.317224	8.24478
0.30736	8.24637
0.297058	8.24773
0.286976	8.24904
0.276881	8.25036
0.265915	8.25157
0.255142	8.25269
0.244185	8.25383
0.233214	8.25487
0.221733	8.25631
0.210458	8.25769
0.20021	8.25898
0.190378	8.26018
0.180149	8.26142
0.168723	8.26366
0.157705	8.2667
0.146934	8.26959
0.136869	8.27242
0.127186	8.27576
0.117697	8.27912
0.108046	8.28252
0.0993717	8.28634
0.0901049	8.2895
0.0804691	8.29226
0.0709283	8.29496
0.0633663	8.29854
0.0558705	8.30213
0.0473209	8.30509
0.0382638	8.30727
0.0290673	8.30965
0.0199638	8.31104
0.010309	8.31258
-0.000627237	8.31335
-0.0110748	8.31499
-0.0212598	8.31686
-0.0311837	8.31875
-0.0400665	8.32018
-0.0489771	8.32169
-0.0578655	8.32331
-0.0667441	8.32497
-0.0756526	8.32741
-0.0848784	8.32964
-0.094954	8.33168
-0.104788	8.33317
-0.115233	8.33366
-0.125239	8.33562
-0.134808	8.33756
-0.1448	8.33865
-0.153451	8.33878
-0.163148	8.33786
-0.172331	8.33787
-0.181555	8.33791
-0.190899	8.33815
-0.199469	8.33762
-0.20926	8.33705
-0.218814	8.33639
-0.228075	8.33536
-0.23716	8.33282
-0.245971	8.3303
-0.254836	8.32702
-0.263114	8.32333
-0.271967	8.31956
-0.280526	8.31569
-0.288094	8.31211
-0.2956	8.3079
-0.303018	8.30316
-0.309673	8.29804
-0.316007	8.29172
-0.322192	8.28525
-0.328866	8.27893
-0.334584	8.27199
-0.340012	8.26448
-0.344917	8.25613
-0.350164	8.24864
-0.35652	8.23987
-0.36266	8.23121
-0.369084	8.22205
-0.374186	8.21384
-0.379212	8.20484
-0.384057	8.19585
-0.389458	8.18747
-0.395113	8.17904
-0.400734	8.17057
-0.405884	8.1623
-0.410319	8.15282
-0.414157	8.1432
-0.416012	8.13363
-0.418147	8.12423
-0.420264	8.11472
-0.422058	8.106
-0.423757	8.09654
-0.426023	8.08713
-0.427529	8.07736
-0.428971	8.06844
-0.429661	8.05871
-0.430739	8.0488
-0.432993	8.03906
-0.435012	8.02907
-0.43779	8.01982
-0.440662	8.0107
-0.442653	8.00185
-0.444418	7.99275
-0.445913	7.98533
-0.447309	7.97675
-0.448121	7.96854
-0.44865	7.96012
-0.447746	7.95139
-0.446766	7.94145
-0.445765	7.9318
-0.445109	7.92112
-0.444317	7.91064
-0.443738	7.89986
-0.44339	7.88909
-0.444143	7.87883
-0.444574	7.86794
-0.445086	7.8585
-0.445829	7.84841
-0.446608	7.83851
-0.448518	7.82952
-0.449879	7.82124
-0.449155	7.81338
-0.448499	7.80668
-0.447759	7.79946
-0.447294	7.79343
-0.447041	7.78636
-0.446331	7.7791
-0.445405	7.77157
-0.444882	7.76444
-0.444262	7.75705
-0.443002	7.74836
-0.441771	7.73932
-0.440304	7.72976
-0.438764	7.71969
-0.436742	7.70989
-0.436464	7.70097
-0.435925	7.69145
-0.435452	7.68305
-0.434936	7.67407
-0.434245	7.66517
-0.432845	7.65646
-0.431984	7.64607
-0.431482	7.63601
-0.43064	7.62596
-0.429768	7.61621
-0.428597	7.60635
-0.427167	7.59669
-0.425325	7.58738
-0.423597	7.57807
-0.420779	7.56868
-0.418174	7.55962
-0.416081	7.55116
-0.414039	7.54335
-0.411502	7.53478
-0.408754	7.52617
-0.407349	7.51757
-0.405797	7.50868
-0.404685	7.49896
-0.403415	7.48906
-0.401641	7.4794
-0.398853	7.4698
-0.395991	7.46047
-0.39264	7.45161
-0.389809	7.44198
-0.386853	7.43242
-0.383738	7.42365
-0.380633	7.41484
-0.377341	7.40603
-0.373975	7.39701
-0.370805	7.38786
-0.367523	7.37872
-0.362741	7.36945
-0.357373	7.35998
-0.353077	7.35056
-0.347646	7.34094
-0.340858	7.33101
-0.33469	7.32177
-0.328547	7.31278
-0.322354	7.30393
-0.316504	7.29699
-0.309262	7.29021
-0.301457	7.28387
-0.293702	7.27765
-0.286603	7.27142
-0.279952	7.2651
-0.273576	7.25893
-0.2671	7.25217
-0.260649	7.24541
-0.254575	7.23964
-0.248265	7.2338
-0.242091	7.22744
-0.235081	7.22085
-0.229668	7.21443
-0.22327	7.20696
-0.217454	7.19957
-0.211888	7.19389
-0.205376	7.18806
-0.197938	7.18215
-0.190064	7.17705
-0.183458	7.1722
-0.176482	7.16708
-0.169748	7.16195
-0.164142	7.15762
-0.158451	7.1539
-0.151948	7.15117
-0.14457	7.14832
-0.136126	7.14538
-0.127277	7.14256
-0.118718	7.13974
-0.10997	7.13696
-0.101154	7.13418
-0.0928265	7.13171
-0.0847561	7.12918
-0.0765108	7.12658
-0.067827	7.12449
-0.0589099	7.12258
-0.0500643	7.12043
-0.0414776	7.11864
-0.0338801	7.11677
-0.0258234	7.11479
-0.0167961	7.1125
-0.00787459	7.10897
-3.24736e-05	7.10538
0.00771945	7.10119
0.0160831	7.09764
0.0242277	7.09488
0.0326777	7.09158
0.0409264	7.08762
0.0492857	7.08397
0.0575239	7.08035
0.0643724	7.07758
0.0709656	7.07473
0.077211	7.0733
0.0837773	7.07107
0.0906029	7.06897
0.097626	7.06678
0.105735	7.06383
0.11396	7.06077
0.120769	7.05717
0.127322	7.05314
0.132618	7.0485
0.138889	7.04324
0.145476	7.03778
0.152299	7.03275
0.159339	7.02768
0.166629	7.02282
0.174854	7.01762
0.182713	7.0127
0.19091	7.00808
0.200075	7.00252
0.209075	6.9964
0.217795	6.99154
0.225945	6.98598
0.234212	6.98069
0.242528	6.9761
0.250304	6.97125
0.257698	6.96635
0.265336	6.96175
0.275208	6.95687
0.284407	6.95223
0.293169	6.94657
0.300458	6.94264
0.308142	6.93796
0.315688	6.93371
0.323519	6.92957
0.331628	6.92473
0.340242	6.91868
0.348794	6.91245
0.35714	6.90613
0.36687	6.90023
0.375534	6.89426
0.383572	6.88799
0.391228	6.88187
0.397124	6.87565
0.403105	6.86942
0.408211	6.86346
0.413877	6.85718
0.419631	6.85061
0.426125	6.84458
0.432774	6.83853
0.438959	6.83202
0.445359	6.82539
0.451491	6.818
0.457278	6.80996
0.463154	6.80182
0.468156	6.79348
0.472381	6.7848
0.477311	6.77673
0.482374	6.76891
0.488148	6.7613
0.493576	6.75394
0.498047	6.74597
0.504064	6.73957
0.509395	6.7331
0.514651	6.72687
0.520453	6.72103
0.526251	6.7151
0.531993	6.70907
0.537759	6.70307
0.543556	6.69712
0.549701	6.69015
0.556281	6.68259
0.562608	6.67503
0.568328	6.66867
0.573044	6.66291
0.577709	6.65674
0.583312	6.6501
0.589208	6.64242
0.595078	6.63423
0.599335	6.62508
0.602546	6.61655
0.606253	6.60813
0.61031	6.60022
0.614766	6.59049
0.619358	6.5799
0.62363	6.56959
0.627429	6.55943
0.631388	6.55022
0.63478	6.54128
0.638347	6.53231
0.642433	6.52407
0.646123	6.51498
0.649112	6.50637
0.651023	6.49774
0.653355	6.48909
0.655064	6.48065
0.656606	6.47263
0.658652	6.46525
0.660721	6.45658
0.663043	6.44751
0.664656	6.43847
0.666336	6.43009
0.666686	6.42158
0.666466	6.41247
0.665017	6.40251
0.663608	6.39267
0.662077	6.38288
0.659709	6.37343
0.657191	6.36375
0.654125	6.3544
0.651141	6.34475
0.648095	6.3353
0.644629	6.32515
0.641396	6.31571
0.638159	6.30632
0.634825	6.29828
0.63268	6.29022
0.630468	6.28213
0.627646	6.27323
0.624572	6.26301
0.621655	6.25285
0.618323	6.24194
0.616157	6.23233
0.61319	6.22231
0.610007	6.21167
0.607318	6.20134
0.603892	6.19167
0.60003	6.18142
0.595991	6.1708
0.591064	6.16083
0.58676	6.15148
0.581885	6.14301
0.576942	6.13441
0.572039	6.12574
0.566261	6.1165
0.561246	6.10694
0.55601	6.09751
0.551877	6.0886
0.546871	6.07996
0.540679	6.07146
0.534226	6.06291
0.528272	6.05426
0.523246	6.04649
0.517981	6.03851
0.513093	6.03042
0.508701	6.0217
0.503417	6.01316
0.498302	6.00433
0.493336	5.99632
0.488264	5.98834
0.483281	5.98108
0.47881	5.97261
0.473596	5.96362
0.46844	5.95489
0.463462	5.94619
0.458473	5.93797
0.454319	5.92969
0.45031	5.92179
0.44623	5.91378
0.44186	5.90594
0.437298	5.89895
0.431824	5.89075
0.426432	5.88254
0.420965	5.87441
0.415307	5.86645
0.410129	5.85847
0.404683	5.85074
0.400279	5.84351
0.396633	5.83598
0.392799	5.82829
0.388943	5.82043
0.384878	5.8122
0.380776	5.80461
0.376662	5.79652
0.372723	5.78794
0.367409	5.78092
0.363344	5.77439
0.360508	5.7673
0.357065	5.76042
0.353575	5.75328
0.349118	5.74619
0.34448	5.73893
0.33926	5.73143
0.334638	5.7253
0.329318	5.71836
0.323642	5.71135
0.317773	5.70443
0.311572	5.69703
0.305287	5.68967
0.301486	5.68195
0.297389	5.67388
0.293015	5.66531
0.288983	5.65594
0.284737	5.64574
0.280666	5.63546
0.276782	5.62548
0.272751	5.61521
0.268805	5.60556
0.265675	5.5961
0.261705	5.58657
0.257588	5.57706
0.253501	5.56724
0.249347	5.55762
0.245261	5.54794
0.240256	5.53844
0.234164	5.52922
0.228363	5.52077
0.222425	5.51231
0.216418	5.50342
0.210628	5.49475
0.205124	5.48615
0.200455	5.47789
0.195611	5.4691
0.190556	5.46053
0.185615	5.45077
0.180701	5.44078
0.176826	5.4286
0.172986	5.41695
0.170126	5.4061
0.167324	5.39537
0.163725	5.38491
0.159855	5.37444
0.155925	5.36423
0.151993	5.35423
0.14797	5.3444
0.143245	5.33477
0.138256	5.32466
0.133396	5.31488
0.128412	5.30537
0.122936	5.29714
0.11668	5.28907
0.110956	5.28111
0.105047	5.27314
0.100043	5.26582
0.0943483	5.25855
0.0880976	5.25248
0.081077	5.24655
0.0752157	5.23905
0.0693479	5.2324
0.0624089	5.22582
0.0561942	5.2187
0.0495588	5.21113
0.0431559	5.20506
0.0364117	5.19895
0.0294315	5.19128
0.0224564	5.18212
0.0155932	5.17325
0.00795146	5.16367
0.000354163	5.15379
-0.00714818	5.14401
-0.013445	5.13402
-0.0204815	5.12495
-0.0275622	5.11647
-0.0337512	5.10924
-0.0398221	5.10187
-0.0452512	5.09432
-0.0514623	5.08687
-0.0558181	5.07978
-0.0603606	5.07223
-0.0649093	5.06478
-0.0695617	5.05762
-0.0746183	5.05016
-0.0794241	5.04254
-0.0833899	5.03469
-0.0868699	5.02638
-0.0897584	5.01755
-0.0933901	5.00941
-0.0969555	5.00132
-0.100162	4.99261
-0.102873	4.98445
-0.105484	4.97628
-0.107934	4.96798
-0.109591	4.96121
-0.111297	4.95408
-0.11291	4.94642
-0.113465	4.93801
-0.113076	4.9289
-0.112914	4.91932
-0.11345	4.91028
-0.113738	4.90091
-0.112377	4.89166
-0.110401	4.88256
-0.109411	4.87265
-0.108348	4.86269
-0.107845	4.8533
-0.107134	4.84353
-0.106027	4.83372
-0.104772	4.82395
-0.103242	4.81432
-0.101873	4.80415
-0.100404	4.79447
-0.0976834	4.78395
-0.0952358	4.77334
-0.0921607	4.76255
-0.0891474	4.75263
-0.0864067	4.74112
-0.084154	4.73012
-0.0817879	4.7194
-0.0805007	4.70922
-0.0794666	4.69938
-0.0777596	4.69043
-0.0758655	4.68119
-0.0733806	4.67148
-0.070662	4.6625
-0.0681601	4.65416
-0.0652676	4.64529
-0.0622788	4.63626
-0.0591791	4.62644
-0.0570709	4.61666
-0.0552728	4.60725
-0.0534406	4.59918
-0.0500193	4.59248
-0.0467855	4.58546
-0.0436019	4.57838
-0.0393672	4.57048
-0.0350027	4.56256
-0.0309658	4.55357
-0.0272664	4.5451
-0.0240714	4.53626
-0.0202252	4.52742
-0.0157854	4.51791
-0.0122278	4.5086
-0.00906009	4.49845
-0.00545245	4.4889
-0.00150005	4.47981
0.00274666	4.47154
0.00687973	4.46323
0.0109499	4.45462
0.0158807	4.44501
0.0199591	4.43482
0.0241065	4.42496
0.027767	4.41501
0.03096	4.40637
0.0343521	4.39699
0.0380459	4.38767
0.0413608	4.37816
0.0445777	4.36802
0.0488537	4.35852
0.0529258	4.34864
0.0579419	4.33945
0.0627657	4.33034
0.0663381	4.32122
0.0712597	4.31251
0.0757832	4.30398
0.0806177	4.29549
0.0853183	4.28698
0.0899914	4.27851
0.0938846	4.26873
0.0975419	4.25901
0.100909	4.249
0.10445	4.23924
0.10768	4.22961
0.110947	4.22066
0.11537	4.21113
0.119744	4.20162
0.123881	4.19297
0.128296	4.18419
0.132763	4.17429
0.135156	4.16473
0.136806	4.15499
0.138252	4.14528
0.139627	4.13572
0.141118	4.12638
0.143392	4.11664
0.145988	4.10577
0.147865	4.09471
0.150219	4.08441
0.151946	4.07468
0.153584	4.06606
0.154549	4.05835
0.155947	4.04988
0.157351	4.04171
0.157595	4.03207
0.15882	4.02149
0.15991	4.01073
0.160762	4.00019
0.161505	3.98981
0.162402	3.98024
0.163667	3.97018
0.164685	3.96019
0.165583	3.95108
0.167315	3.94214
0.168838	3.93282
0.168546	3.92413
0.166397	3.91592
0.164589	3.90768
0.160845	3.89826
0.155917	3.89004
0.151148	3.88158
0.146572	3.87451
0.141709	3.86624
0.136251	3.85945
0.12942	3.85314
0.121628	3.84689
0.112375	3.84127
0.103264	3.83579
0.0945304	3.83066
0.0855789	3.82652
0.0763444	3.82238
0.0672247	3.8186
0.0579016	3.81483
0.0487609	3.81192
0.0396168	3.80927
0.030047	3.80696
0.0209923	3.80361
0.0113239	3.8007
0.00212364	3.7978
-0.00606804	3.79534
-0.0162549	3.79273
-0.0261799	3.79016
-0.0358753	3.78766
-0.0462321	3.78579
-0.0560939	3.7843
-0.067016	3.78318
-0.0779845	3.78204
-0.0890425	3.78117
-0.100401	3.77943
-0.111367	3.7779
-0.121629	3.77636
-0.131983	3.77449
-0.142864	3.77196
-0.15356	3.76947
-0.163283	3.76776
-0.171574	3.76552
-0.180338	3.7644
-0.188354	3.7636
-0.196199	3.76163
-0.2052	3.75983
-0.214877	3.7584
-0.224434	3.75716
-0.233977	3.75599
-0.243177	3.75335
-0.253173	3.75021
-0.262455	3.74661
-0.272716	3.74352
-0.282471	3.74098
-0.292587	3.73868
-0.302796	3.73626
-0.31174	3.73368
-0.320911	3.73101
-0.329781	3.72964
-0.339112	3.72752
-0.348722	3.7253
-0.357799	3.72242
-0.366499	3.7191
-0.375107	3.71551
-0.382397	3.71214
-0.390239	3.7086
-0.398375	3.70479
-0.406556	3.70182
-0.41435	3.69919
-0.421588	3.69582
-0.429113	3.69319
-0.437214	3.69173
-0.445975	3.68958
-0.455341	3.68795
-0.464586	3.68644
-0.47469	3.68529
-0.484141	3.68336
-0.492796	3.6808
-0.501468	3.67798
-0.509223	3.67533
-0.516981	3.67213
-0.524787	3.66873
-0.532494	3.66512
-0.540336	3.66133
-0.546689	3.65711
-0.55309	3.65165
-0.559022	3.64536
-0.564751	3.63859
-0.570417	3.63164
-0.575993	3.62456
-0.581275	3.61763
-0.585236	3.61009
-0.589028	3.60215
-0.59271	3.59419
-0.595567	3.58714
-0.598611	3.57981
-0.601181	3.57165
-0.603645	3.56338
-0.605783	3.55508
-0.606793	3.54788
-0.607444	3.54043
-0.606674	3.5327
-0.605706	3.52454
-0.605497	3.51549
-0.605073	3.50696
-0.604459	3.49826
-0.602908	3.49007
-0.601199	3.4817
-0.599176	3.47319
-0.596358	3.46294
-0.593481	3.45281
-0.590576	3.44292
-0.587227	3.43334
-0.583866	3.42403
-0.580454	3.41479
-0.576909	3.40539
-0.572854	3.39689
-0.568344	3.38821
-0.56368	3.37878
-0.560392	3.36961
-0.557089	3.36088
-0.55325	3.35267
-0.549303	3.34411
-0.546311	3.33527
-0.543669	3.32617
-0.54146	3.31663
-0.538221	3.30731
-0.534894	3.29851
-0.530894	3.28978
-0.526285	3.28141
-0.521433	3.27254
-0.515267	3.26359
-0.508767	3.25557
-0.502287	3.24756
-0.496825	3.23981
-0.4915	3.23121
-0.486764	3.22233
-0.481753	3.21369
-0.476671	3.20498
-0.471451	3.19632
-0.466233	3.18704
-0.46082	3.17836
-0.455311	3.1691
-0.451077	3.15942
-0.447035	3.15019
-0.442551	3.14133
-0.43809	3.13245
-0.432754	3.12355
-0.427532	3.11606
-0.422126	3.10858
-0.415766	3.10223
-0.408341	3.09564
-0.400708	3.0901
-0.392627	3.0849
-0.385111	3.08088
-0.376722	3.07697
-0.367737	3.07361
-0.3598	3.07025
-0.351635	3.06684
-0.343926	3.06429
-0.336281	3.06175
-0.328335	3.05922
-0.319976	3.05617
-0.312028	3.05173
-0.303909	3.04645
-0.295739	3.04121
-0.286718	3.03529
-0.27779	3.02955
-0.268551	3.02294
-0.25961	3.01612
-0.250761	3.00955
-0.242344	3.0041
-0.233397	2.99815
-0.224061	2.99266
-0.214568	2.98714
-0.205239	2.98273
-0.195964	2.97842
-0.186845	2.97366
-0.177816	2.96911
-0.168999	2.96413
-0.160047	2.95969
-0.151444	2.95513
-0.142327	2.95059
-0.13289	2.94545
-0.12332	2.94061
-0.113928	2.9356
-0.10459	2.93074
-0.0960594	2.9258
-0.0869227	2.92218
-0.0775929	2.91861
-0.0679069	2.91636
-0.0585065	2.91459
-0.0490346	2.91274
-0.0397046	2.91104
-0.0301519	2.90965
-0.0202181	2.90809
-0.0102335	2.90668
-0.000471408	2.90563
0.00853182	2.90445
0.0167332	2.90421
0.0252612	2.90487
0.0341791	2.90545
0.0429738	2.90626
0.0526558	2.90659
0.0626019	2.90683
0.0733466	2.90656
0.0836098	2.90626
0.0934373	2.90471
0.103697	2.90397
0.113825	2.90256
0.124321	2.90059
0.133799	2.89912
0.142999	2.89703
0.152207	2.89494
0.161387	2.89211
0.17084	2.88876
0.180097	2.88597
0.189276	2.88324
0.198204	2.88065
0.206818	2.87837
0.21604	2.87561
0.225145	2.87249
0.233823	2.86905
0.242627	2.8656
0.251512	2.86185
0.260731	2.85783
0.269841	2.85364
0.278248	2.84901
0.287126	2.84457
0.296365	2.84085
0.304988	2.83722
0.313827	2.83336
0.322947	2.8298
0.332212	2.82668
0.340768	2.82368
0.349808	2.82127
0.358682	2.81921
0.367641	2.81719
0.376404	2.81664
0.385577	2.81583
0.396004	2.81457
0.406182	2.81338
0.416072	2.81226
0.426108	2.81116
0.435964	2.81003
0.446189	2.80894
0.456243	2.80784
0.465654	2.8067
0.474905	2.80523
0.483608	2.80523
0.493471	2.80525
0.502897	2.80583
0.512323	2.80655
0.522625	2.80726
0.5325	2.8077
0.542197	2.80784
0.551881	2.80788
0.561831	2.80814
0.571461	2.80893
0.58109	2.80965
0.591587	2.80935
0.600902	2.80853
0.610687	2.80692
0.620684	2.80538
0.630808	2.80402
0.640734	2.80208
0.65017	2.80062
0.660089	2.79883
0.670155	2.79709
0.680791	2.79416
0.689684	2.79155
0.699309	2.7891
0.708863	2.78653
0.718031	2.78298
0.726846	2.77985
0.735193	2.77692
0.744349	2.77416
0.754298	2.77115
0.764166	2.76869
0.773264	2.76645
0.781216	2.76378
0.789229	2.76251
0.797497	2.76196
0.806	2.76147
0.815025	2.76105
0.824131	2.76144
0.832812	2.76244
0.84224	2.76323
0.852212	2.76384
0.862077	2.7648
0.872708	2.7659
0.881766	2.76699
0.891231	2.76819
0.900292	2.76937
0.909088	2.77133
0.917633	2.77297
0.927099	2.7746
0.937505	2.77621
0.947357	2.77817
0.957011	2.77839
0.967357	2.77854
0.977879	2.77845
0.98791	2.77869
0.998739	2.7807
1.00981	2.78252
1.01861	2.78401
1.02693	2.78585
1.03532	2.78619
1.04401	2.78676
1.05295	2.78772
1.06162	2.78828
1.07043	2.7888
1.07958	2.7893
1.08878	2.79026
1.09814	2.79108
1.107	2.79166
1.11601	2.79219
1.12461	2.79247
1.13269	2.79253
1.14129	2.79309
1.14998	2.79143
1.15831	2.78957
1.16673	2.78763
1.17597	2.78589
1.18535	2.78358
1.1941	2.78201
1.20367	2.78123
1.21471	2.78106
1.22546	2.78092
1.2352	2.78157
1.24441	2.78226
1.25401	2.78305
1.26371	2.78415
1.27327	2.78488
1.28289	2.7855
1.29236	2.78573
1.30131	2.78668
1.30985	2.78852
1.31845	2.78995
1.32763	2.79154
1.33637	2.79441
1.34536	2.79834
1.35378	2.80111
1.36259	2.8045
1.37161	2.80736
1.37991	2.81053
1.38778	2.81349
1.39522	2.81718
1.40279	2.82075
1.4105	2.82436
1.41831	2.82821
1.42633	2.83212
1.43302	2.83536
1.44007	2.83938
1.44773	2.84358
1.45766	2.84832
1.46737	2.85326
1.47683	2.85815
1.48702	2.86214
1.49695	2.86664
1.50615	2.87103
1.51556	2.87457
1.52436	2.87778
1.53325	2.88087
1.54197	2.88406
1.55124	2.88857
1.56036	2.89231
1.56955	2.89592
1.57874	2.89977
1.58837	2.90369
1.59749	2.90713
1.60634	2.90836
1.61596	2.90945
1.62463	2.9103
1.63369	2.91105
1.64264	2.91166
1.65114	2.91251
1.66004	2.91376
1.66894	2.9154
1.67797	2.91764
1.68684	2.92061
1.69482	2.92476
1.70289	2.92853
1.71131	2.93296
1.71972	2.9376
1.72755	2.94249
1.73565	2.94624
1.74488	2.95018
1.75368	2.95404
1.76258	2.95849
1.77137	2.96289
1.77987	2.96716
1.78844	2.9713
1.79769	2.97562
1.80685	2.98006
1.81562	2.98315
1.8248	2.98598
1.83466	2.98858
1.84396	2.99039
1.85318	2.9922
1.86234	2.99353
1.87114	2.99499
1.87955	2.99488
1.88829	2.99351
1.8971	2.99209
1.90588	2.99215
1.91446	2.99161
1.92284	2.99103
1.93204	2.99043
1.94097	2.98959
1.94989	2.98873
1.95878	2.9881
1.96761	2.98744
1.97654	2.98678
1.98625	2.98596
1.99613	2.98511
2.00615	2.98419
2.01621	2.98411
2.0268	2.98396
2.03511	2.98294
2.04494	2.98199
2.05428	2.98174
2.06335	2.98186
2.07331	2.98127
2.08299	2.98085
2.09279	2.97999
2.10199	2.97922
2.11184	2.9784
2.12136	2.97716
2.13114	2.9753
2.14099	2.97338
2.1506	2.97139
2.15987	2.96896
2.16891	2.96639
2.17805	2.96349
2.18654	2.96093
2.19375	2.95925
2.20265	2.95721
2.21157	2.95514
2.22039	2.95306
2.23216	2.95088
2.24373	2.94853
2.25416	2.94604
2.26364	2.94314
2.27365	2.93977
2.28382	2.93597
2.2939	2.93181
2.30341	2.92703
2.31274	2.92247
2.3222	2.91752
2.33162	2.91329
2.34038	2.90939
2.34958	2.90542
2.35818	2.90289
2.36702	2.90081
2.3752	2.89754
2.38387	2.89415
2.39279	2.89043
2.4015	2.8868
2.41063	2.88127
2.42069	2.87564
2.43048	2.87035
2.43999	2.86505
2.44868	2.85964
2.45738	2.85387
2.46532	2.84779
2.4734	2.84152
2.48184	2.8347
2.49001	2.82781
2.49779	2.82106
2.5056	2.81449
2.51359	2.80848
2.5215	2.8024
2.52907	2.79636
2.53584	2.79033
2.54292	2.78447
2.55024	2.7798
2.55894	2.77418
2.56662	2.76885
2.57437	2.76257
2.58192	2.75607
2.58873	2.7518
2.59529	2.74735
2.60196	2.74275
2.6083	2.73807
2.61502	2.7329
2.62165	2.72676
2.62778	2.7214
2.63422	2.716
2.64157	2.71165
2.64887	2.7076
2.65656	2.70293
2.66328	2.69817
2.67024	2.69325
2.67755	2.68773
2.68502	2.68211
2.69254	2.67643
2.7007	2.67082
2.70856	2.66467
2.71717	2.65809
2.72663	2.65003
2.73425	2.64324
2.74157	2.63587
2.74893	2.62861
2.7563	2.62142
2.76357	2.61462
2.77162	2.60759
2.7821	2.60064
2.79158	2.5934
2.80092	2.5858
2.8103	2.57818
2.82099	2.5698
2.83184	2.56157
2.84197	2.55293
2.85282	2.54559
2.86309	2.53854
2.87255	2.53256
2.88174	2.52679
2.89063	2.52154
2.89803	2.51744
2.90607	2.51252
2.91428	2.5067
2.92222	2.5014
2.93004	2.49608
2.93766	2.49184
2.94476	2.48718
2.95199	2.4823
2.95829	2.47752
2.96405	2.47268
2.96931	2.4675
2.97588	2.46202
2.9825	2.45637
2.98944	2.44999
2.998	2.44343
3.00615	2.43715
3.01382	2.43079
3.02161	2.42467
3.02841	2.41899
3.03504	2.41407
3.04251	2.40976
3.05059	2.40566
3.05863	2.40143
3.06731	2.39694
3.07508	2.39216
3.08247	2.38699
3.09019	2.38096
3.09775	2.37478
3.1051	2.36816
3.11227	2.36093
3.119	2.35376
3.12464	2.34691
3.13044	2.34009
3.13537	2.33329
3.14029	2.32611
3.14573	2.31771
3.15092	2.30937
3.15542	2.30133
3.16073	2.29352
3.166	2.28529
3.17043	2.27695
3.17519	2.26841
3.17993	2.26023
3.18471	2.2524
3.18894	2.24533
3.19247	2.23797
3.19547	2.23042
3.19837	2.22305
3.20033	2.21475
3.20227	2.20606
3.20413	2.1975
3.20517	2.18866
3.2062	2.17992
3.20702	2.17102
3.20788	2.16166
3.20963	2.15289
3.21179	2.14327
3.21349	2.13378
3.21494	2.12412
3.21664	2.11411
3.21827	2.10339
3.21965	2.09339
3.2209	2.08343
3.22254	2.07267
3.22542	2.06248
3.2283	2.05241
3.231	2.04245
3.23342	2.03262
3.23545	2.02288
3.23648	2.01216
3.23736	2.00177
3.2388	1.99164
3.24034	1.9808
3.24031	1.97079
3.24043	1.96051
3.23922	1.95082
3.23787	1.9413
3.23633	1.93036
3.23516	1.91948
3.23396	1.90873
3.23223	1.89917
3.23023	1.88961
3.22788	1.88083
3.22591	1.87111
3.22396	1.86088
3.22155	1.85114
3.21903	1.84146
3.21771	1.8309
3.21659	1.81954
3.21566	1.80838
3.21493	1.79806
3.21549	1.78739
3.2165	1.77728
3.21732	1.76706
3.21707	1.75551
3.21629	1.74475
3.21572	1.73394
3.2145	1.72342
3.21279	1.71371
3.21025	1.70356
3.20859	1.69534
3.20804	1.68933
3.20767	1.68278
3.20567	1.67547
3.20191	1.66709
3.1979	1.65831
3.19414	1.6496
3.19025	1.64008
3.18507	1.63108
3.17914	1.62076
3.17322	1.61073
3.16813	1.60165
3.16288	1.59314
3.15745	1.58488
3.1522	1.57622
3.14613	1.56827
3.1392	1.56002
3.13237	1.55227
3.12493	1.54494
3.11758	1.53744
3.10978	1.53126
3.1023	1.52412
3.09476	1.51687
3.08802	1.51019
3.08119	1.50368
3.07553	1.49757
3.07003	1.49198
3.06365	1.48619
3.05709	1.4803
3.05063	1.4743
3.04464	1.46871
3.03729	1.46272
3.02971	1.45668
3.02224	1.45061
3.01472	1.44457
3.0071	1.43846
2.99863	1.43298
2.98853	1.42881
2.9793	1.42508
2.96793	1.4214
2.95765	1.41907
2.94746	1.41682
2.93738	1.41459
2.92738	1.41283
2.91769	1.41012
2.90802	1.40743
2.89835	1.40476
2.88944	1.40138
2.88043	1.39804
2.87022	1.39556
2.85952	1.39397
2.84844	1.39203
2.83726	1.38972
2.82621	1.38758
2.81536	1.38434
2.80475	1.38033
2.79403	1.37625
2.78381	1.37265
2.7737	1.36977
2.76366	1.36679
2.75551	1.3645
2.74893	1.36257
2.74247	1.35996
2.73487	1.35609
2.7271	1.3522
2.71916	1.34843
2.71151	1.34412
2.70334	1.33938
2.69505	1.33422
2.6865	1.32795
2.67805	1.32186
2.66956	1.31583
2.66012	1.3094
2.65127	1.3038
2.64254	1.29822
2.63389	1.29177
2.62508	1.28592
2.61647	1.28015
2.60726	1.27418
2.59738	1.2681
2.58767	1.26232
2.57992	1.25751
2.57214	1.25141
2.56408	1.24533
2.55702	1.23909
2.55084	1.23135
2.54438	1.22394
2.53725	1.2166
2.53025	1.20948
2.52354	1.20285
2.51574	1.19678
2.50943	1.19039
2.50251	1.18403
2.49532	1.17761
2.48845	1.17114
2.48162	1.16416
2.47533	1.15783
2.46878	1.15119
2.46239	1.14526
2.45461	1.13947
2.44578	1.13517
2.4367	1.12955
2.42762	1.12403
2.41859	1.11792
2.40831	1.11169
2.39828	1.10517
2.38946	1.09894
2.38071	1.09284
2.37342	1.08468
2.36679	1.07666
2.36013	1.06878
2.35525	1.0613
2.35037	1.05365
2.34514	1.04578
2.33993	1.03791
2.33475	1.02992
2.32903	1.02289
2.32245	1.01489
2.31574	1.00722
2.3089	0.999825
2.30208	0.992223
2.2954	0.984785
2.28898	0.978235
2.28236	0.971597
2.27627	0.964617
2.26921	0.956877
2.26365	0.948811
2.25755	0.940145
2.25173	0.931831
2.24548	0.922886
2.23918	0.913594
2.23215	0.904624
2.22494	0.896645
2.21661	0.888634
2.20903	0.880906
2.20207	0.87344
2.19509	0.866105
2.18841	0.859674
2.18125	0.852964
2.17406	0.846326
2.16684	0.839544
2.15957	0.832798
2.15272	0.825072
2.14581	0.817423
2.13986	0.809297
2.13419	0.800746
2.12857	0.79157
2.12371	0.78201
2.11983	0.77229
2.11594	0.76282
2.11209	0.752182
2.10826	0.74227
2.10526	0.73225
2.10217	0.722365
2.09822	0.712451
2.09449	0.702773
2.09048	0.693434
2.08614	0.684247
2.08292	0.674978
2.07895	0.665062
2.07494	0.655341
2.07145	0.645846
2.06635	0.637447
2.0611	0.629104
2.05609	0.620947
2.05142	0.613128
2.04653	0.6052
2.03998	0.597579
2.03345	0.589926
2.02704	0.582408
2.02032	0.574837
2.01356	0.567367
2.00761	0.558943
2.00228	0.550408
1.99696	0.542006
1.99072	0.533013
1.9848	0.52361
1.97892	0.514525
1.97298	0.505626
1.96723	0.496683
1.96127	0.487413
1.95545	0.478262
1.94909	0.469017
1.94299	0.45979
1.93699	0.450808
1.93135	0.442551
1.92657	0.434048
1.92195	0.425908
1.91711	0.417873
1.91266	0.410143
1.90871	0.401879
1.90433	0.394078
1.9003	0.386353
1.89606	0.379167
1.89134	0.371453
1.8861	0.363399
1.88037	0.355272
1.87541	0.347885
1.87033	0.340398
1.86608	0.332949
1.86169	0.325494
1.85757	0.318736
1.85358	0.311799
1.84859	0.304887
1.84335	0.298003
1.83765	0.29122
1.8318	0.284371
1.82571	0.277467
1.81934	0.270761
1.81287	0.264062
1.80598	0.257007
1.79942	0.25087
1.79425	0.244723
1.78916	0.237607
1.78388	0.23025
1.77853	0.22259
1.77306	0.214859
1.76793	0.207703
1.76259	0.200279
1.75647	0.191809
1.75126	0.181891
1.74573	0.171595
1.74057	0.161716
1.73556	0.152457
1.73078	0.142807
1.7262	0.133898
1.72158	0.125129
1.71696	0.118614
1.7124	0.111853
1.70735	0.105771
1.7013	0.0985485
1.69472	0.0928887
1.68777	0.0870691
1.67995	0.0811569
1.67182	0.0746317
1.66363	0.0677651
1.65742	0.0612753
1.65149	0.0550026
1.64491	0.0490046
1.63884	0.0422992
1.6326	0.0355498
1.62602	0.0301169
1.62034	0.024543
1.61509	0.0180092
1.60971	0.0116909
1.60418	0.00530021
1.59801	-0.00122438
1.59141	-0.00820783
1.58503	-0.0148778
1.57759	-0.0219187
1.57017	-0.0285104
1.56288	-0.0348307
1.55532	-0.0410425
1.54779	-0.047194
1.54033	-0.0532068
1.53282	-0.0605874
1.52637	-0.0683612
1.52048	-0.0766009
1.51415	-0.0853145
1.50758	-0.0943937
1.49982	-0.102876
1.4922	-0.111023
1.48613	-0.116663
1.47982	-0.122421
1.47331	-0.127462
1.46647	-0.1327
1.46052	-0.139464
1.4541	-0.146609
1.4478	-0.154372
1.44145	-0.162128
1.43485	-0.170304
1.42851	-0.177959
1.42191	-0.185387
1.41546	-0.192971
1.40837	-0.201869
1.40142	-0.210836
1.39509	-0.219076
1.39057	-0.22657
1.3859	-0.23411
1.38106	-0.242026
1.37605	-0.249865
1.37092	-0.257723
1.36589	-0.265365
1.36025	-0.272855
1.35495	-0.280697
1.35002	-0.287864
1.34513	-0.295056
1.33966	-0.302249
1.33423	-0.3097
1.32836	-0.317075
1.32289	-0.325404
1.31742	-0.333669
1.31228	-0.342795
1.30752	-0.35146
1.3029	-0.359978
1.29773	-0.367773
1.29285	-0.375616
1.28742	-0.382901
1.28149	-0.390054
1.27495	-0.396995
1.26804	-0.403975
1.26185	-0.410985
1.25591	-0.417071
1.25009	-0.422751
1.2444	-0.428588
1.23888	-0.43523
1.23286	-0.441998
1.22674	-0.448831
1.22049	-0.4557
1.21463	-0.463647
1.20842	-0.470266
1.20217	-0.476646
1.19558	-0.483225
1.18867	-0.49005
1.18132	-0.496394
1.17378	-0.502186
1.16637	-0.507383
1.15889	-0.5119
1.15141	-0.516771
1.1444	-0.52125
1.13755	-0.525411
1.13116	-0.529788
1.12467	-0.53405
1.1179	-0.538375
1.11008	-0.543138
1.10208	-0.547782
1.09394	-0.55269
1.08588	-0.556475
1.07781	-0.560864
1.06972	-0.565354
1.06108	-0.569977
1.05285	-0.57536
1.04454	-0.581132
1.03666	-0.588221
1.02837	-0.595191
1.02027	-0.602058
1.01197	-0.608524
1.00375	-0.614848
0.995393	-0.621058
0.988882	-0.626732
0.982255	-0.633161
0.975645	-0.63957
0.969851	-0.64512
0.963795	-0.650802
0.956388	-0.657819
0.94897	-0.664696
0.942915	-0.671962
0.936105	-0.678787
0.929219	-0.685654
0.922315	-0.692493
0.91528	-0.699125
0.908152	-0.705799
0.900864	-0.711967
0.893431	-0.717275
0.885051	-0.72217
0.876951	-0.727362
0.868722	-0.73229
0.860435	-0.737274
0.851954	-0.742541
0.843471	-0.748306
0.835026	-0.753603
0.826631	-0.759356
0.81874	-0.764261
0.81142	-0.769078
0.804408	-0.772946
0.796968	-0.776885
0.789711	-0.781122
0.781564	-0.785378
0.772927	-0.78895
0.764534	-0.792588
0.755377	-0.796107
0.746357	-0.799814
0.737736	-0.803013
0.729139	-0.806143
0.721078	-0.809206
0.712055	-0.812232
0.703393	-0.815549
0.694625	-0.818843
0.685482	-0.821489
0.676321	-0.824216
0.66616	-0.825612
0.656049	-0.826176
0.647023	-0.826976
0.638487	-0.827849
0.629665	-0.828845
0.620752	-0.82983
0.611563	-0.831027
0.602273	-0.832216
0.593201	-0.832712
0.584037	-0.833303
0.575002	-0.834228
0.565146	-0.834806
0.554817	-0.836001
0.544779	-0.838757
0.535236	-0.841963
0.525868	-0.845461
0.516089	-0.849407
0.507305	-0.85271
0.498499	-0.856093
0.488588	-0.859572
0.478882	-0.862978
0.468627	-0.866053
0.458525	-0.869072
0.448574	-0.872575
0.438974	-0.874473
0.429193	-0.876828
0.418667	-0.879111
0.407989	-0.881568
0.39799	-0.883267
0.387985	-0.884692
0.378712	-0.886
0.368604	-0.886539
0.358563	-0.887163
0.348233	-0.888254
0.338116	-0.887896
0.328036	-0.887539
0.317718	-0.886852
0.307026	-0.886653
0.296747	-0.886142
0.287081	-0.884053
0.276548	-0.882484
0.266397	-0.880925
0.256428	-0.879575
0.245367	-0.879584
0.234618	-0.879187
0.223233	-0.878744
0.210712	-0.877373
0.19875	-0.876338
0.18789	-0.876658
0.178567	-0.876784
0.169678	-0.877312
0.161118	-0.878525
0.152368	-0.879706
0.143416	-0.880801
0.134725	-0.881564
0.127857	-0.881796
0.120547	-0.882068
0.112804	-0.882634
0.103308	-0.882229
0.0927159	-0.88204
0.0826149	-0.881791
0.0727134	-0.881269
0.0628356	-0.880847
0.0526906	-0.88064
0.0425949	-0.880404
0.0320074	-0.88018
0.0211325	-0.881302
0.0107882	-0.882773
0.000628161	-0.884788
-0.00950026	-0.88768
-0.0201551	-0.889993
-0.0293947	-0.892058
-0.0385647	-0.894532
-0.0482051	-0.896846
-0.0574906	-0.899068
-0.0668518	-0.901933
-0.0753449	-0.903494
-0.0848434	-0.905767
-0.0949862	-0.909831
-0.105752	-0.9127
-0.115384	-0.915537
-0.12488	-0.918379
-0.134025	-0.921093
-0.144107	-0.922953
-0.153586	-0.924505
-0.163098	-0.925303
-0.172638	-0.926027
-0.183108	-0.927315
-0.193218	-0.928172
-0.204428	-0.930445
-0.215416	-0.932812
-0.226175	-0.935559
-0.236785	-0.939146
-0.247088	-0.942823
-0.256801	-0.946332
-0.26631	-0.949842
-0.276942	-0.951046
-0.287336	-0.952273
-0.297981	-0.953298
-0.308754	-0.954247
-0.32049	-0.955414
-0.330333	-0.957173
-0.339048	-0.956766
-0.347816	-0.95673
-0.354773	-0.955536
-0.362426	-0.953853
-0.370539	-0.952717
-0.378934	-0.951201
-0.388515	-0.949395
-0.39799	-0.947295
-0.407857	-0.944982
-0.417519	-0.942372
-0.426153	-0.940442
-0.434608	-0.938736
-0.443237	-0.936965
-0.452838	-0.93549
-0.46234	-0.933415
-0.471851	-0.931562
-0.4819	-0.929634
-0.492445	-0.927187
-0.502816	-0.924635
-0.512026	-0.923225
-0.521003	-0.922036
-0.529985	-0.920829
-0.539176	-0.919585
-0.547971	-0.918699
-0.554866	-0.917688
-0.562249	-0.916958
-0.568936	-0.915941
-0.575837	-0.91443
-0.582157	-0.9128
-0.588784	-0.91051
-0.595871	-0.908263
-0.603131	-0.906083
-0.611227	-0.903973
-0.619476	-0.901728
-0.62795	-0.899391
-0.635384	-0.896287
-0.643231	-0.893898
-0.652141	-0.89184
-0.660624	-0.889787
-0.668343	-0.888297
-0.676489	-0.886998
-0.685588	-0.885238
-0.696427	-0.883494
-0.70664	-0.88168
-0.716676	-0.880171
-0.726646	-0.878588
-0.737352	-0.876735
-0.747369	-0.874055
-0.757197	-0.87115
-0.766503	-0.868636
-0.774713	-0.8667
-0.783187	-0.865078
-0.791685	-0.863745
-0.80008	-0.862414
-0.808821	-0.862563
-0.817566	-0.862829
-0.827042	-0.862184
-0.836454	-0.861537
-0.845658	-0.860814
-0.854851	-0.86005
-0.864648	-0.859026
-0.873519	-0.857947
-0.882338	-0.85642
-0.891137	-0.855411
-0.90005	-0.853294
-0.908958	-0.851082
-0.917916	-0.848776
-0.925859	-0.847073
-0.934254	-0.845451
-0.943113	-0.844038
-0.952209	-0.842536
-0.961901	-0.841095
-0.971319	-0.839084
-0.981371	-0.837915
-0.991947	-0.837419
-1.00024	-0.83545
-1.00846	-0.833512
-1.01704	-0.831625
-1.02482	-0.83012
-1.03276	-0.828582
-1.04156	-0.827829
-1.05024	-0.826881
-1.05954	-0.82552
-1.06924	-0.824259
-1.07873	-0.823676
-1.0878	-0.822974
-1.09588	-0.821735
-1.10463	-0.820471
-1.11204	-0.8178
-1.11962	-0.814999
-1.12743	-0.81226
-1.13522	-0.810037
-1.14316	-0.807697
-1.15083	-0.806389
-1.15887	-0.803861
-1.16722	-0.800856
-1.17543	-0.79767
-1.1832	-0.794068
-1.19104	-0.790305
-1.19879	-0.786132
-1.20655	-0.781789
-1.21423	-0.777491
-1.22204	-0.773046
-1.23014	-0.768305
-1.23844	-0.763593
-1.24731	-0.757558
-1.25586	-0.751104
-1.26446	-0.745135
-1.27258	-0.738929
-1.28104	-0.732938
-1.28982	-0.726588
-1.29813	-0.720162
-1.30649	-0.714768
-1.31469	-0.709578
-1.32292	-0.704503
-1.33076	-0.699543
-1.33967	-0.694786
-1.34914	-0.689496
-1.35825	-0.684236
-1.3663	-0.679166
-1.37434	-0.674362
-1.38266	-0.669879
-1.39092	-0.665969
-1.39924	-0.661892
-1.40757	-0.657798
-1.41609	-0.653185
-1.42456	-0.64786
-1.43316	-0.642905
-1.44052	-0.637556
-1.44813	-0.632047
-1.4561	-0.626404
-1.46416	-0.620511
-1.4715	-0.616799
-1.47885	-0.613032
-1.48625	-0.609114
-1.49371	-0.605151
-1.50096	-0.601626
-1.50843	-0.5975
-1.51737	-0.593256
-1.52617	-0.588979
-1.53419	-0.585185
-1.54174	-0.581224
-1.54767	-0.57725
-1.55381	-0.573225
-1.55896	-0.570265
-1.56431	-0.567218
-1.56934	-0.565329
-1.57437	-0.562877
-1.5806	-0.561359
-1.58499	-0.558275
-1.58979	-0.554672
-1.59504	-0.550669
-1.60196	-0.545059
-1.60845	-0.538799
-1.61523	-0.53267
-1.62197	-0.526618
-1.62908	-0.520172
-1.63552	-0.514081
-1.64195	-0.507876
-1.6487	-0.501296
-1.6559	-0.494909
-1.66291	-0.488496
-1.66958	-0.481916
-1.67695	-0.474962
-1.68422	-0.468242
-1.69137	-0.461677
-1.69709	-0.455962
-1.70272	-0.447932
-1.70757	-0.440145
-1.7123	-0.432258
-1.71708	-0.424155
-1.72122	-0.415726
-1.72495	-0.406539
-1.73029	-0.397315
-1.73605	-0.388018
-1.74105	-0.378498
-1.74598	-0.369344
-1.75018	-0.361315
-1.75445	-0.353439
-1.75907	-0.344787
-1.76417	-0.335984
-1.76974	-0.32616
-1.77494	-0.316669
-1.77956	-0.307578
-1.78343	-0.298058
-1.78694	-0.288275
-1.79054	-0.277444
-1.79381	-0.266921
-1.79646	-0.257067
-1.79823	-0.247047
-1.79921	-0.236379
-1.80019	-0.227064
-1.80258	-0.218799
-1.8053	-0.211138
-1.80793	-0.203196
-1.81052	-0.194927
-1.81399	-0.186216
-1.8168	-0.177348
-1.81972	-0.17
-1.82205	-0.162426
-1.82498	-0.154459
-1.82826	-0.146545
-1.83263	-0.138131
-1.83609	-0.129866
-1.83971	-0.12158
-1.84306	-0.113445
-1.84656	-0.106569
-1.84882	-0.0997497
-1.85126	-0.0912104
-1.85325	-0.0815103
-1.85453	-0.071169
-1.85532	-0.0615172
-1.85607	-0.0523235
-1.85677	-0.0431037
-1.85764	-0.0339839
-1.85826	-0.024389
-1.8589	-0.0157193
-1.85947	-0.00684137
-1.85979	0.00194285
-1.86004	0.0107182
-1.86031	0.0186682
-1.86033	0.0264933
-1.86044	0.0346988
-1.86054	0.0439367
-1.86044	0.0536029
-1.86058	0.0631402
-1.85985	0.0737276
-1.85797	0.0838908
-1.85622	0.0949658
-1.85462	0.107073
-1.853	0.117877
-1.85188	0.126609
-1.85068	0.135698
-1.8491	0.144757
-1.848	0.154385
-1.84841	0.163134
-1.84893	0.172406
-1.84904	0.181367
-1.84855	0.190042
-1.84785	0.198818
-1.84882	0.208327
-1.84956	0.217873
-1.85011	0.2277
-1.85084	0.237059
-1.85234	0.247139
-1.85506	0.257351
-1.85497	0.267233
-1.85558	0.277485
-1.8558	0.287446
-1.85509	0.2967
-1.85318	0.306333
-1.85208	0.315142
-1.85101	0.323792
-1.84943	0.332488
-1.84786	0.341211
-1.84448	0.34955
-1.84004	0.357681
-1.83645	0.366224
-1.83346	0.374985
-1.82997	0.383016
-1.8263	0.391129
-1.82307	0.399198
-1.82036	0.407582
-1.81762	0.415741
-1.81476	0.425028
-1.81143	0.434707
-1.80814	0.444502
-1.80453	0.453511
-1.80068	0.462679
-1.79734	0.471205
-1.79322	0.479032
-1.78951	0.487113
-1.78577	0.495407
-1.78188	0.504412
-1.77799	0.513177
-1.77369	0.521732
-1.76909	0.530127
-1.76544	0.539956
-1.76107	0.549017
-1.75681	0.557652
-1.7525	0.566267
-1.74856	0.575069
-1.74498	0.58439
-1.74236	0.5936
-1.73993	0.602498
-1.73824	0.612642
-1.7369	0.622451
-1.73487	0.630913
-1.73135	0.639349
-1.72829	0.647516
-1.72588	0.65546
-1.7229	0.662977
-1.72096	0.673158
-1.71832	0.682595
-1.71542	0.6921
-1.71211	0.701339
-1.70868	0.710506
-1.70487	0.719872
-1.70167	0.729374
-1.6983	0.740231
-1.69509	0.750446
-1.69129	0.760279
-1.68741	0.769927
-1.68232	0.780336
-1.67707	0.789976
-1.67157	0.799361
-1.66678	0.807908
-1.66187	0.816378
-1.65579	0.826107
-1.64958	0.835681
-1.64321	0.843683
-1.63626	0.850438
-1.62898	0.857219
-1.62158	0.864586
-1.61415	0.871283
-1.60684	0.877682
-1.59956	0.883978
-1.59217	0.890069
-1.58519	0.896352
-1.57796	0.902807
-1.57061	0.909237
-1.56286	0.915247
-1.55457	0.921682
-1.54571	0.927545
-1.53661	0.933627
-1.52688	0.940377
-1.51789	0.946817
-1.50914	0.95271
-1.49945	0.959207
-1.48787	0.965569
-1.47699	0.971511
-1.46646	0.97726
-1.45622	0.982931
-1.44615	0.988303
-1.43654	0.993681
-1.42717	0.998868
-1.41711	1.00288
-1.40799	1.00719
-1.39867	1.0114
-1.38972	1.01677
-1.38074	1.02248
-1.37198	1.02791
-1.36305	1.03324
-1.35442	1.03782
-1.34528	1.04254
-1.3367	1.04755
-1.32888	1.05296
-1.31971	1.05862
-1.31074	1.06422
-1.30297	1.07101
-1.29576	1.07732
-1.28847	1.08365
-1.28101	1.09029
-1.2738	1.09724
-1.26581	1.10517
-1.25796	1.11283
-1.25021	1.12124
-1.24239	1.12942
-1.2338	1.13757
-1.22535	1.14515
-1.21694	1.15247
-1.20942	1.15924
-1.20066	1.16462
-1.19255	1.16894
-1.18471	1.17331
-1.17689	1.17743
-1.16864	1.18224
-1.15984	1.18778
-1.15328	1.1927
-1.14738	1.19726
-1.14148	1.20147
-1.1368	1.20574
-1.13039	1.2104
-1.12491	1.21514
-1.11874	1.22028
-1.11298	1.22542
-1.10668	1.23049
-1.09948	1.2367
-1.09229	1.2431
-1.08578	1.25001
-1.07899	1.25607
-1.07195	1.26275
-1.06483	1.26988
-1.05775	1.27714
-1.05177	1.28426
-1.04606	1.29068
-1.04039	1.2975
-1.03355	1.30386
-1.02674	1.30984
-1.02107	1.31591
-1.01616	1.32097
-1.01127	1.32584
-1.00583	1.33088
-0.999696	1.33625
-0.992744	1.34044
-0.985097	1.34434
-0.976191	1.34906
-0.966153	1.35344
-0.95695	1.35833
-0.948086	1.36227
-0.939293	1.36615
-0.931201	1.37006
-0.922306	1.37353
-0.913512	1.37704
-0.905119	1.38079
-0.896591	1.38449
-0.887276	1.38815
-0.877723	1.39163
-0.868276	1.39485
-0.85875	1.39802
-0.849333	1.40167
-0.840064	1.40519
-0.829747	1.4078
-0.820885	1.41049
-0.813128	1.41284
-0.805023	1.41499
-0.796196	1.41742
-0.786667	1.41943
-0.777605	1.4215
-0.768464	1.42358
-0.758762	1.42549
-0.748504	1.42663
-0.736758	1.42674
-0.72519	1.42676
-0.713678	1.42688
-0.702665	1.42653
-0.692605	1.4254
-0.683494	1.42491
-0.67339	1.42311
-0.663215	1.42223
-0.653379	1.42128
-0.64345	1.42049
-0.633614	1.41963
-0.623679	1.4189
-0.613425	1.41807
-0.603346	1.41713
-0.59305	1.41618
-0.582583	1.41521
-0.572753	1.41412
-0.563099	1.41233
-0.55384	1.40999
-0.545855	1.40699
-0.537098	1.40357
-0.52814	1.40053
-0.519525	1.39635
-0.510209	1.3915
-0.499914	1.38656
-0.488927	1.38098
-0.478594	1.37597
-0.469439	1.37185
-0.460991	1.36934
-0.452035	1.36628
-0.444058	1.3626
-0.43622	1.35858
-0.428298	1.35448
-0.420265	1.35106
-0.411829	1.34781
-0.403463	1.34399
-0.394813	1.34092
-0.384907	1.33802
-0.374818	1.33548
-0.365049	1.33286
-0.353629	1.33075
-0.342482	1.32837
-0.331652	1.32609
-0.321038	1.32389
-0.31095	1.32089
-0.301965	1.31776
-0.292985	1.31501
-0.28459	1.312
-0.275987	1.3085
-0.267323	1.30417
-0.257529	1.30012
-0.247831	1.29616
-0.238062	1.29266
-0.229538	1.29114
-0.220916	1.28962
-0.211827	1.288
-0.202445	1.2856
-0.192299	1.28355
-0.181573	1.28183
-0.171037	1.2803
-0.16012	1.27835
-0.149643	1.27646
-0.139852	1.27487
-0.129732	1.2737
-0.119212	1.27203
-0.108955	1.27065
-0.100418	1.26965
-0.0907787	1.26854
-0.0810945	1.26745
-0.0711096	1.26653
-0.0601978	1.26647
-0.0499193	1.26714
-0.0379066	1.26752
-0.0264406	1.26739
-0.0145401	1.26648
-0.00295238	1.26568
0.00856714	1.26514
0.0185972	1.26481
0.0283137	1.26405
0.0379623	1.26433
0.0474308	1.26458
0.0570273	1.26362
0.0665487	1.26151
0.0763741	1.25929
0.0860768	1.25719
0.0957176	1.25549
0.106948	1.25455
0.118063	1.25394
0.128826	1.25328
0.138623	1.25373
0.148314	1.25288
0.15756	1.25186
0.166337	1.24997
0.175122	1.24806
0.182913	1.24648
0.1912	1.24504
0.199429	1.24376
0.207153	1.24219
0.214648	1.24069
0.222391	1.2387
0.22979	1.23647
0.237491	1.23418
0.245604	1.23184
0.253935	1.22907
0.263001	1.22661
0.273361	1.22393
0.283764	1.22062
0.293893	1.21754
0.304423	1.21361
0.314887	1.20975
0.324481	1.20535
0.333253	1.20144
0.341872	1.19754
0.350454	1.19358
0.359218	1.18886
0.367832	1.18429
0.375636	1.17997
0.383473	1.17529
0.392042	1.17063
0.400368	1.16649
0.408964	1.16231
0.417361	1.15809
0.42561	1.15291
0.433574	1.14871
0.441729	1.1446
0.449715	1.14102
0.457958	1.13698
0.46649	1.133
0.474405	1.12862
0.481755	1.12348
0.489607	1.11835
0.49732	1.11251
0.50488	1.10713
0.510841	1.10046
0.516716	1.09368
0.522851	1.08686
0.529023	1.07997
0.534875	1.07294
0.540056	1.06529
0.545268	1.05756
0.551168	1.04878
0.556878	1.04029
0.562219	1.03263
0.567333	1.02378
0.572266	1.01496
0.576786	1.00544
0.579718	0.997021
0.580989	0.98948
0.58267	0.980653
0.584167	0.971796
0.58588	0.962433
0.587696	0.953095
0.589948	0.944734
0.592792	0.936794
0.595359	0.929346
0.598494	0.921566
0.602152	0.913475
0.606799	0.906234
0.611255	0.898989
0.614959	0.891716
0.617987	0.88379
0.621221	0.875697
0.625276	0.86705
0.629105	0.858763
0.6333	0.851662
0.637601	0.844232
0.641475	0.836371
0.64478	0.829341
0.649348	0.82218
0.653923	0.814797
0.659182	0.806145
0.66321	0.797605
0.667028	0.788904
0.67073	0.780138
0.674401	0.771555
0.677799	0.761987
0.681114	0.751669
0.685563	0.7413
0.689289	0.730383
0.692612	0.719868
0.695739	0.709921
0.698815	0.700136
0.70171	0.690661
0.704438	0.681173
0.70753	0.673386
0.711141	0.665774
0.714853	0.658368
0.718674	0.65064
0.722377	0.643974
0.727656	0.637448
0.732881	0.631733
0.73796	0.625671
0.742863	0.619394
0.748113	0.612866
0.753011	0.605768
0.757351	0.598767
0.760954	0.592032
0.763841	0.585061
0.76717	0.579074
0.770064	0.572041
0.774117	0.564179
0.778132	0.556967
0.782788	0.549666
0.786639	0.542843
0.79111	0.536011
0.795897	0.53008
0.801243	0.52378
0.806448	0.51742
0.811585	0.510746
0.816914	0.503393
0.822541	0.495959
0.828001	0.488458
0.83351	0.480762
0.837031	0.473239
0.840324	0.465677
0.843713	0.457704
0.847343	0.449738
0.850909	0.440695
0.85379	0.431808
0.856766	0.422843
0.85991	0.413964
0.862102	0.404854
0.864915	0.39578
0.867633	0.386124
0.870561	0.378337
0.874842	0.370666
0.879753	0.361628
0.884623	0.352307
0.889421	0.343094
0.894345	0.333734
0.899245	0.32479
0.903654	0.315769
0.90845	0.305804
0.913054	0.294973
0.917998	0.283692
0.924088	0.272269
0.930023	0.260936
0.93531	0.249647
0.940592	0.239413
0.946629	0.228497
0.95242	0.218123
0.958147	0.207923
0.962558	0.196612
0.966059	0.184147
0.969804	0.172323
0.972969	0.161466
0.975635	0.151403
0.978475	0.141634
0.981742	0.132134
0.983452	0.123059
0.985899	0.114031
0.987741	0.105277
0.988676	0.0965889
0.989428	0.0877357
0.990709	0.0782548
0.992691	0.0693045
0.994921	0.0599225
0.997163	0.0504918
0.999218	0.0403622
1.00228	0.0307714
1.00529	0.0206238
1.00715	0.011529
1.00928	0.00252899
1.01134	-0.00620006
1.01364	-0.0145033
1.0147	-0.0230218
1.0155	-0.0317378
1.01625	-0.0399318
1.01778	-0.047975
1.01976	-0.0558351
1.02064	-0.0645138
1.02202	-0.0734476
1.02335	-0.0821184
1.02534	-0.0910694
1.02738	-0.100346
1.02887	-0.108727
1.03139	-0.117751
1.03406	-0.128365
1.03644	-0.138699
1.03777	-0.148179
1.03929	-0.157449
1.04094	-0.167894
1.04249	-0.178237
1.04382	-0.188511
1.04545	-0.197002
1.04723	-0.2055
1.04863	-0.214148
1.04996	-0.223505
1.05045	-0.233247
1.05034	-0.243109
1.05033	-0.253172
1.04953	-0.262138
1.04858	-0.271097
1.04728	-0.281143
1.04608	-0.291106
1.04531	-0.301138
1.04451	-0.310742
1.04365	-0.320362
1.0426	-0.329941
1.04232	-0.339882
1.04147	-0.34967
1.04083	-0.359524
1.04044	-0.368409
1.03957	-0.377999
1.03789	-0.387206
1.03524	-0.395427
1.03238	-0.403764
1.02972	-0.412175
1.02765	-0.420562
1.02504	-0.428764
1.0223	-0.437301
1.01937	-0.446046
1.0171	-0.45594
1.01625	-0.465615
1.01611	-0.475295
1.01669	-0.48547
1.01675	-0.495999
1.01674	-0.506347
1.01572	-0.517496
1.01479	-0.528706
1.0138	-0.539566
1.01334	-0.550021
1.0136	-0.560333
1.01371	-0.569689
1.01358	-0.579043
1.01338	-0.588058
1.01283	-0.597317
1.01156	-0.606971
1.01012	-0.615934
1.00844	-0.625096
1.00702	-0.634145
1.00574	-0.642779
1.00437	-0.651508
1.00228	-0.660635
0.999878	-0.670133
0.997535	-0.679687
0.994516	-0.688525
0.992292	-0.697421
0.990037	-0.706269
0.987082	-0.715255
0.984314	-0.724942
0.98143	-0.73446
0.978344	-0.74409
0.974443	-0.754196
0.970503	-0.76398
0.966745	-0.77292
0.962967	-0.781728
0.958937	-0.790329
0.954217	-0.798683
0.949449	-0.806902
0.944274	-0.815247
0.939178	-0.822688
0.934432	-0.830127
0.930585	-0.837493
0.926606	-0.844964
0.922498	-0.852574
0.91821	-0.86029
0.913386	-0.868327
0.909565	-0.877051
0.905047	-0.885034
0.90125	-0.893008
0.896739	-0.900884
0.892303	-0.909106
0.887709	-0.917562
0.882358	-0.926215
0.876969	-0.934547
0.872109	-0.943345
0.867436	-0.951925
0.862799	-0.96011
0.858183	-0.967401
0.853165	-0.974652
0.847625	-0.981873
0.842411	-0.988178
0.836618	-0.994618
0.830848	-1.00111
0.824966	-1.00776
0.819267	-1.0157
0.813517	-1.02352
0.806998	-1.03136
0.800658	-1.03903
0.793961	-1.04521
0.787811	-1.05195
0.780412	-1.05891
0.773052	-1.06582
0.766142	-1.07297
0.758526	-1.07865
0.75119	-1.08409
0.743407	-1.09082
0.735692	-1.0974
0.727874	-1.10343
0.720618	-1.10914
0.713464	-1.11543
0.706226	-1.12112
0.699311	-1.12679
0.693215	-1.13316
0.687078	-1.14025
0.680839	-1.14731
0.6745	-1.15454
0.667844	-1.16006
0.660611	-1.16542
0.653418	-1.17143
0.646979	-1.17824
0.640554	-1.18493
0.633836	-1.19173
0.627778	-1.19833
0.620495	-1.20379
0.614889	-1.20621
0.608837	-1.20893
0.602027	-1.20976
0.594463	-1.21116
0.586681	-1.21274
0.579458	-1.21437
0.572576	-1.21598
0.565633	-1.21713
0.55845	-1.21817
0.550003	-1.21935
0.541434	-1.22056
0.531685	-1.222
0.52161	-1.22197
0.511809	-1.22131
0.502333	-1.2204
0.492869	-1.21964
0.483174	-1.21977
0.473541	-1.21973
0.462854	-1.21962
0.451198	-1.22084
0.439312	-1.22182
0.42739	-1.22266
0.415839	-1.22342
0.404461	-1.22467
0.392974	-1.22567
0.382125	-1.22671
0.371369	-1.22825
0.361726	-1.23045
0.352467	-1.23324
0.34387	-1.23594
0.335885	-1.24009
0.327966	-1.24438
0.319892	-1.24879
0.311481	-1.25358
0.305478	-1.25983
0.299346	-1.26638
0.292965	-1.2711
0.286044	-1.27679
0.279138	-1.28302
0.271417	-1.28944
0.263484	-1.29569
0.255192	-1.3016
0.247062	-1.30849
0.238826	-1.31622
0.232117	-1.32301
0.224046	-1.32983
0.216363	-1.33699
0.208216	-1.34442
0.19927	-1.35167
0.190313	-1.35889
0.182241	-1.36499
0.173602	-1.37123
0.164848	-1.37742
0.156051	-1.38354
0.147478	-1.38999
0.138831	-1.39641
0.12941	-1.40357
0.120251	-1.41043
0.110753	-1.41691
0.101362	-1.42296
0.0923355	-1.42922
0.0830667	-1.43582
0.0747135	-1.44268
0.0659088	-1.44985
0.0571428	-1.45675
0.0480255	-1.46375
0.0396213	-1.46961
0.0314472	-1.47463
0.0236824	-1.48012
0.015926	-1.48565
0.00792335	-1.48978
