###  Units are X_hat = 1.73cm.
0.223607
0.203248
0.186969
0.173954
0.163551
0.155239
0.148598
0.143296
0.139065
0.135691
0.133003
0.130863
0.129162
0.127812
0.126744
0.1259
0.125236
0.124715
0.12431
0.123997
0.123757
0.123576
0.123441
0.123344
0.123277
0.123234
0.123209
0.123199
0.123202
0.123213
0.123232
0.123257
0.123286
0.123319
0.123354
0.123391
0.12343
0.12347
0.12351
0.123551
0.123593
0.123634
0.123675
0.123716
0.123757
0.123797
0.123837
0.123999
0.124136
0.124253
0.124353
0.124441
0.124517
0.124585
0.124646
0.124701
0.124752
0.124799
0.124842
0.124883
0.124922
0.124958
0.124994
0.125027
0.12506
0.125092
0.125122
0.125152
0.125181
0.125209
0.125237
0.125264
0.12529
0.125316
0.125342
0.125367
0.125391
0.125415
0.125438
0.125461
0.124343
0.123461
0.122767
0.122223
0.1218
0.121474
0.121225
0.121038
0.1209
0.120801
0.120734
0.120692
0.120671
0.120665
0.120671
0.120688
0.120853
0.120995
0.12112
0.121231
0.12133
0.12142
0.121503
0.121579
0.121651
0.121719
0.121783
0.121845
0.121904
0.121962
0.122017
0.122072
0.122125
0.122177
0.122228
0.122279
0.122328
0.122377
0.122425
0.122472
0.122519
0.122565
0.12261
0.122655
0.122699
0.122743
0.122786
0.122829
0.122871
0.122912
0.122953
0.122993
0.123033
0.123072
0.123111
0.123149
0.123186
0.123223
0.12326
0.123296
0.123331
0.123366
0.1234
0.123434
0.123533
0.123619
0.123695
0.123761
0.123821
0.123755
0.123711
0.123684
0.123672
0.123671
0.123679
0.123694
0.123714
0.12374
0.123769
0.123801
0.123835
0.123871
0.123908
0.123947
0.123986
0.124026
0.124067
0.124107
0.124148
0.12419
0.124231
0.124272
0.124313
0.124354
0.124395
0.124436
0.124477
0.124517
0.124557
0.124597
0.124637
0.124676
0.124715
0.124754
0.124792
0.12483
0.124868
0.124906
0.124943
0.124979
0.125016
0.125052
0.125096
0.125137
0.125177
0.125215
0.125252
0.125287
0.125322
0.125355
0.125388
0.125421
0.125452
0.125483
0.125514
0.125544
0.125574
0.125603
0.125632
0.12566
0.125688
0.125716
0.125743
0.12577
0.124877
0.124172
0.12362
0.123188
0.122854
0.122598
0.122403
0.122259
0.122154
0.122081
0.122034
0.122007
0.121996
0.121998
0.122011
0.122032
0.12206
0.122093
0.12213
0.12217
0.122213
0.122258
0.122305
0.122353
0.122401
0.122451
0.122464
0.122487
0.122516
0.122552
0.122592
0.122636
0.122682
0.12273
0.12278
0.122831
0.122883
0.122936
0.122989
0.123042
0.123095
0.123148
0.123201
0.123254
0.123306
0.123358
0.12341
0.123461
0.123512
0.123562
0.123611
0.12366
0.123709
0.123757
0.123769
0.123785
0.123805
0.123827
0.123852
0.123879
0.123907
0.123936
0.123967
0.123998
0.124029
0.124061
0.124094
0.124127
0.12416
0.124193
0.124226
0.12426
0.124293
0.124327
0.124355
0.124383
0.124411
0.124439
0.124468
0.124496
0.124525
0.124553
0.124582
0.12461
0.124638
0.124667
0.124695
0.124723
0.124752
0.12478
0.124808
0.124836
0.124863
0.124891
0.124918
0.124946
0.124973
0.125
0.125027
0.125054
0.125081
0.125107
0.125134
0.12516
0.125186
0.125212
0.125238
0.125263
0.125289
0.125314
0.125339
0.125364
0.125388
0.125413
0.125437
0.125461
0.125485
0.125508
0.125532
0.125555
0.124583
0.123694
0.123003
0.122468
0.12206
0.121754
0.121528
0.121367
0.121258
0.12119
0.121156
0.121148
0.121162
0.121192
0.121236
0.121291
0.121354
0.121424
0.121499
0.121578
0.12166
0.121745
0.121831
0.121918
0.122007
0.122095
0.122184
0.122273
0.122361
0.122449
0.122537
0.122624
0.12271
0.122795
0.122879
0.122962
0.123045
0.123126
0.123206
0.123329
0.123432
0.123519
0.123594
0.123658
0.123715
0.123765
0.12381
0.123851
0.123889
0.123875
0.123868
0.123867
0.12387
0.123878
0.123888
0.123901
0.123916
0.123932
0.12395
0.123968
0.123988
0.124008
0.124029
0.12405
0.124071
0.124093
0.124115
0.124137
0.12416
0.124182
0.124205
0.124228
0.124251
0.124274
0.124297
0.12432
0.124343
0.124366
0.124389
0.124412
0.124435
0.124458
0.124481
0.124504
0.124527
0.12455
0.124573
0.124596
0.124619
0.124641
0.124664
0.124687
0.124709
0.124732
0.124754
0.124777
0.124707
0.124655
0.124619
0.124594
0.124579
0.124572
0.124571
0.124574
0.124582
0.124592
0.124605
0.12462
0.124637
0.124655
0.124673
0.124693
0.123385
0.122368
0.121583
0.120985
0.120536
0.120207
0.119974
0.119817
0.119722
0.119676
0.119669
0.119694
0.119744
0.119813
0.119899
0.119996
0.120103
0.120218
0.120338
0.120463
0.12059
0.12072
0.120851
0.120982
0.121114
0.121245
0.121376
0.121506
0.121634
0.121762
0.121887
0.122011
0.121931
0.122002
0.122063
0.122115
0.122161
0.122201
0.122238
0.122271
0.122301
0.12233
0.122357
0.122382
0.122407
0.122431
0.122455
0.122478
0.122501
0.122524
0.122547
0.122569
0.122592
0.122615
0.122638
0.122661
0.122684
0.122707
0.12273
0.122754
0.122778
0.122802
0.122826
0.12285
0.122874
0.122898
0.122923
0.122948
0.122973
0.122998
0.123023
0.123049
0.123074
0.1231
0.123126
0.123152
0.123178
0.123204
0.12323
0.123257
0.123041
0.122876
0.12275
0.122656
0.122587
0.122539
0.122507
0.122488
0.12248
0.122481
0.122488
0.122501
0.122518
0.122538
0.122562
0.122587
0.122615
0.122644
0.122674
0.122706
0.122738
0.122771
0.122804
0.122838
0.122872
0.122906
0.12294
0.121184
0.119812
0.118748
0.117931
0.117313
0.116854
0.116524
0.116296
0.116151
0.116072
0.116047
0.116064
0.116116
0.116196
0.116297
0.116416
0.11655
0.116694
0.116847
0.117006
0.117171
0.11734
0.117511
0.117065
0.116749
0.116536
0.116406
0.116342
0.116329
0.116358
0.11642
0.116507
0.116614
0.116736
0.11687
0.117254
0.117565
0.117817
0.118023
0.118191
0.11833
0.118444
0.11854
0.118621
0.11869
0.118749
0.118801
0.118848
0.118889
0.118927
0.118962
0.118995
0.119026
0.119056
0.119085
0.119114
0.119142
0.11917
0.119198
0.119226
0.119254
0.119282
0.119311
0.11934
0.119369
0.119398
0.119428
0.119459
0.11949
0.119521
0.119553
0.119585
0.119617
0.119036
0.118579
0.118222
0.117945
0.117732
0.117571
0.117452
0.117366
0.117306
0.117268
0.117247
0.117241
0.117246
0.11726
0.117282
0.117309
0.117342
0.117379
0.11742
0.117463
0.117509
0.117557
0.117606
0.117658
0.11771
0.117764
0.117818
0.117874
0.11793
0.117987
0.118044
0.118103
0.118162
0.118221
0.118281
0.118341
0.118401
0.118462
0.118524
0.118585
0.118647
0.118709
0.118771
0.115871
0.11358
0.111778
0.110368
0.109274
0.108434
0.107798
0.107326
0.106987
0.105227
0.10386
0.102809
0.102011
0.101419
0.100991
0.100696
0.100509
0.100409
0.100379
0.100407
0.10048
0.100592
0.100735
0.100902
0.10109
0.101295
0.101514
0.101743
0.101982
0.102228
0.102479
0.102736
0.102995
0.103257
0.103521
0.103786
0.104052
0.104317
0.104581
0.104845
0.105107
0.105367
0.105626
0.105881
0.106134
0.106385
0.106632
0.107389
0.107997
0.108485
0.108878
0.109195
0.109451
0.109658
0.109826
0.109963
0.110075
0.110167
0.110244
0.110308
0.110362
0.110409
0.110449
0.110485
0.110516
0.110545
0.110571
0.109347
0.108371
0.107596
0.106981
0.106494
0.10611
0.105809
0.105573
0.105391
0.105251
0.105145
0.105067
0.10501
0.104972
0.104948
0.104936
0.104934
0.104939
0.104951
0.104968
0.104989
0.105014
0.105043
0.105074
0.105107
0.105142
0.10518
0.105218
0.105259
0.1053
0.105343
0.105387
0.105433
0.105479
0.105527
0.105576
0.105625
0.105676
0.105728
0.10578
0.105834
0.105889
0.105944
0.106001
0.106059
0.106117
0.106177
0.106237
0.106298
0.106361
0.106424
0.106488
0.106553
0.106619
0.106686
0.106754
0.10584
0.105122
0.104561
0.104126
0.103792
0.103538
0.103349
0.103211
0.103115
0.103052
0.103015
0.102999
0.103001
0.103016
0.103042
0.103076
0.103118
0.103165
0.103216
0.103271
0.103328
0.103388
0.103449
0.103512
0.103576
0.10364
0.103705
0.103771
0.103837
0.103902
0.103968
0.104034
0.1041
0.104165
0.10423
0.104295
0.10436
0.104425
0.104489
0.104553
0.104616
0.104679
0.104742
0.104804
0.104866
0.104927
0.104988
0.105049
0.105109
0.1003
0.0964747
0.0934364
0.0910292
0.0891281
0.0876329
0.0864634
0.0855555
0.0848578
0.084329
0.0839362
0.0836531
0.0834584
0.0833351
0.0832698
0.0834747
0.0836709
0.0838601
0.0840437
0.0842228
0.0843983
0.0845708
0.084741
0.0849092
0.0850757
0.0852407
0.0854045
0.0855671
0.0857286
0.0858891
0.0860487
0.0862072
0.0863647
0.0865213
0.0866768
0.0868312
0.0869845
0.0871366
0.0872876
0.0874373
0.0875857
0.0877328
0.0878786
0.0880229
0.0881657
0.0883071
0.088447
0.0885853
0.088722
0.088857
0.0889904
0.0891222
0.0892522
0.0893805
0.0895071
0.0896319
0.0897549
0.0898762
0.0899956
0.0901133
0.0902291
0.0903432
0.0904554
0.0905657
0.0906743
0.0907811
0.090886
0.0909891
0.0910905
0.09119
0.0912878
0.0913838
0.091478
0.0915705
0.0916612
0.0917502
0.0918376
0.0919232
0.0920072
0.0920895
0.0921702
0.0922492
0.0923267
0.0924026
0.0933928
0.0941911
0.0948356
0.095357
0.0957796
0.0968454
0.0977176
0.0984348
0.0990278
0.0995211
0.0999347
0.100284
0.100582
0.100839
0.101063
0.10126
0.101435
0.101594
0.101738
0.101871
0.101995
0.102111
0.102221
0.102326
0.102426
0.102523
0.102617
0.102709
0.102798
0.102885
0.102971
0.103055
0.103137
0.103219
0.103299
0.103378
0.103455
0.103532
0.103608
0.103682
0.103756
0.103829
0.1039
0.103971
0.104041
0.10411
0.104178
0.104245
0.104311
0.104376
0.10444
0.104503
0.104566
0.104627
0.104688
0.104747
0.104806
0.104864
0.104921
0.105933
0.106752
0.107418
0.107961
0.108404
0.108768
0.109069
0.109318
0.109527
0.109702
0.109851
0.109978
0.110088
0.110184
0.110268
0.110344
0.110411
