###  Units are X_hat = 1.73cm.
1.10715
1.11553
1.12464
1.13443
1.14483
1.15579
1.16721
1.17905
1.19123
1.2037
1.2164
1.22928
1.2423
1.25543
1.26864
1.2819
1.29519
1.3085
1.32182
1.33512
1.34839
1.36164
1.37486
1.38803
1.40115
1.41422
1.42723
1.44019
1.45308
1.46591
1.47867
1.49136
1.50398
1.51653
1.529
1.5414
1.55372
1.56597
1.57813
1.59022
1.60222
1.61414
1.62598
1.63774
1.64941
1.66099
1.67249
1.68404
1.6955
1.70687
1.71816
1.72938
1.7405
1.75155
1.76252
1.7734
1.78421
1.79493
1.80557
1.81614
1.82662
1.83701
1.84733
1.85756
1.86772
1.87779
1.88778
1.89769
1.90751
1.91726
1.92692
1.9365
1.946
1.95541
1.96475
1.974
1.98318
1.99227
2.00128
2.01021
1.99732
1.98434
1.97128
1.95817
1.94501
1.93183
1.91863
1.90541
1.8922
1.87899
1.86579
1.8526
1.83944
1.8263
1.81318
1.8001
1.78695
1.77383
1.76075
1.7477
1.7347
1.72173
1.7088
1.69591
1.68306
1.67026
1.6575
1.64478
1.63212
1.6195
1.60694
1.59443
1.58197
1.56956
1.55722
1.54493
1.53269
1.52052
1.50841
1.49637
1.48438
1.47246
1.46061
1.44883
1.43711
1.42546
1.41388
1.40237
1.39093
1.37956
1.36827
1.35705
1.3459
1.33483
1.32383
1.31291
1.30206
1.29129
1.2806
1.26999
1.25945
1.24899
1.23861
1.22831
1.21755
1.20687
1.19627
1.18575
1.17531
1.18774
1.2002
1.21268
1.22517
1.23768
1.25019
1.26271
1.27524
1.28776
1.30028
1.3128
1.32531
1.33782
1.35031
1.3628
1.37526
1.38772
1.40015
1.41256
1.42496
1.43732
1.44967
1.46198
1.47427
1.48653
1.49875
1.51094
1.5231
1.53521
1.54729
1.55933
1.57133
1.58328
1.5952
1.60706
1.61888
1.63065
1.64237
1.65404
1.66566
1.67723
1.68874
1.70019
1.71136
1.72248
1.73356
1.74458
1.75556
1.76648
1.77735
1.78817
1.79894
1.80965
1.82031
1.83092
1.84146
1.85196
1.86239
1.87276
1.88308
1.89334
1.90354
1.91368
1.92376
1.93378
1.92106
1.90823
1.89532
1.88233
1.86929
1.85618
1.84304
1.82986
1.81666
1.80343
1.79018
1.77692
1.76365
1.75037
1.73709
1.72382
1.71055
1.69728
1.68403
1.67079
1.65756
1.64436
1.63117
1.61801
1.60487
1.59176
1.57775
1.56377
1.54981
1.53588
1.52197
1.5081
1.49426
1.48046
1.46671
1.45299
1.43932
1.4257
1.41213
1.39861
1.38514
1.37173
1.35838
1.34509
1.33186
1.31869
1.30559
1.29256
1.27959
1.26669
1.25386
1.24111
1.22843
1.21582
1.22687
1.23794
1.24903
1.26014
1.27126
1.2824
1.29356
1.30472
1.3159
1.32709
1.33829
1.34949
1.36069
1.37191
1.38312
1.39433
1.40554
1.41675
1.42796
1.43916
1.44955
1.45995
1.47034
1.48073
1.49111
1.50149
1.51186
1.52222
1.53257
1.54291
1.55325
1.56357
1.57387
1.58417
1.59444
1.6047
1.61495
1.62517
1.63538
1.64556
1.65572
1.66587
1.67598
1.68608
1.69615
1.70619
1.71621
1.72619
1.73615
1.74609
1.75599
1.76586
1.77569
1.7855
1.79527
1.80501
1.81472
1.82439
1.83402
1.84362
1.85318
1.8627
1.87218
1.88163
1.89103
1.9004
1.88565
1.86898
1.85214
1.83516
1.81805
1.80085
1.78355
1.76619
1.74876
1.73129
1.71377
1.69624
1.67868
1.66111
1.64354
1.62597
1.60841
1.59087
1.57335
1.55586
1.53841
1.521
1.50363
1.48632
1.46906
1.45186
1.43473
1.41766
1.40067
1.38376
1.36693
1.35019
1.33353
1.31697
1.3005
1.28414
1.26787
1.25171
1.23566
1.24503
1.25442
1.26382
1.27325
1.2827
1.29216
1.30164
1.31114
1.32066
1.33019
1.33913
1.34809
1.35708
1.36609
1.37512
1.38417
1.39324
1.40233
1.41143
1.42055
1.42969
1.43884
1.44801
1.45719
1.46638
1.47559
1.4848
1.49403
1.50326
1.5125
1.52175
1.53101
1.54027
1.54954
1.55881
1.56809
1.57737
1.58665
1.59593
1.60521
1.61449
1.62377
1.63304
1.64232
1.65159
1.66085
1.67011
1.67936
1.68861
1.69785
1.70708
1.7163
1.72551
1.73471
1.7439
1.75307
1.76223
1.77153
1.78082
1.79012
1.79941
1.80869
1.81798
1.82725
1.83652
1.84578
1.85503
1.86426
1.87349
1.8827
1.8919
1.90109
1.91026
1.89074
1.87094
1.8509
1.83064
1.81022
1.78964
1.76894
1.74815
1.72728
1.70634
1.68536
1.66436
1.64333
1.62231
1.6013
1.58032
1.55937
1.53846
1.51761
1.49683
1.47612
1.45549
1.43495
1.41451
1.39418
1.37396
1.35386
1.33388
1.31404
1.29433
1.27477
1.25536
1.23511
1.24308
1.25111
1.25918
1.2673
1.27547
1.28368
1.29195
1.30026
1.30862
1.31703
1.32549
1.33399
1.34254
1.35113
1.35977
1.36846
1.37719
1.38596
1.39478
1.40364
1.41254
1.42148
1.43047
1.43949
1.44856
1.45766
1.4668
1.47598
1.48519
1.49445
1.50373
1.51305
1.52241
1.53179
1.54121
1.55066
1.56014
1.56965
1.57919
1.58876
1.59835
1.60797
1.61761
1.62728
1.63697
1.64668
1.65641
1.66677
1.67719
1.68766
1.69817
1.70873
1.71932
1.72996
1.74063
1.75133
1.76207
1.77283
1.78362
1.79444
1.80528
1.81615
1.82704
1.83794
1.84887
1.85981
1.87077
1.88174
1.89272
1.90372
1.91472
1.92573
1.93675
1.94778
1.92843
1.90866
1.8885
1.86802
1.84723
1.82618
1.8049
1.78342
1.76176
1.73994
1.71799
1.69592
1.67376
1.65151
1.62921
1.60686
1.58448
1.56208
1.53968
1.5173
1.49493
1.4726
1.45032
1.42818
1.40598
1.38374
1.36149
1.33925
1.31705
1.29491
1.27283
1.25085
1.22896
1.20718
1.18553
1.19275
1.20004
1.20739
1.21482
1.22232
1.22989
1.23755
1.24528
1.25309
1.26098
1.26895
1.277
1.28514
1.29336
1.30166
1.31005
1.31852
1.32707
1.33571
1.34443
1.35324
1.36213
1.3711
1.38016
1.3893
1.39853
1.40784
1.41723
1.4267
1.43626
1.44589
1.45561
1.46541
1.47529
1.48525
1.49529
1.5054
1.51559
1.52596
1.53647
1.54711
1.55787
1.56874
1.57973
1.59082
1.60202
1.61331
1.62471
1.6362
1.64778
1.65945
1.67121
1.68305
1.69498
1.70699
1.71908
1.73125
1.74349
1.75581
1.7682
1.78066
1.79318
1.80578
1.81843
1.83115
1.84392
1.85676
1.86964
1.88258
1.89557
1.90861
1.92169
1.93482
1.94798
1.96119
1.97443
1.9877
2.001
2.01433
2.02768
2.04106
2.02521
2.00876
1.99176
1.97427
1.9563
1.93791
1.91911
1.89994
1.88041
1.86219
1.84347
1.82429
1.80469
1.78472
1.76441
1.74379
1.72289
1.70173
1.68033
1.65873
1.63693
1.61496
1.59283
1.57057
1.54818
1.52569
1.50312
1.48047
1.45777
1.43502
1.41225
1.38946
1.36667
1.3439
1.32115
1.29844
1.27578
1.25318
1.23066
1.20822
1.18588
1.16364
1.14152
1.11953
1.09766
1.07594
1.05437
1.0592
1.06409
1.06903
1.07402
1.07909
1.08422
1.08941
1.09468
1.10003
1.10545
1.11094
1.11652
1.12218
1.12792
1.13374
1.13965
1.14564
1.15173
1.1579
1.16416
1.17074
1.17748
1.18434
1.19134
1.19845
1.20569
1.21303
1.22048
1.22804
1.23571
1.24348
1.25135
1.25932
1.26739
1.27556
1.28384
1.29221
1.30068
1.30925
1.31793
1.3267
1.33557
1.34454
1.3536
1.36277
1.37204
1.3814
1.39087
1.40043
1.41009
1.41985
1.42971
1.43966
1.44971
1.45986
1.47011
1.48045
1.49088
1.50141
1.51204
1.52275
1.53356
1.54446
1.55545
1.56653
1.5777
1.58895
1.60029
1.61172
1.62323
1.63482
1.64649
1.65824
1.67007
1.68198
1.69396
1.70476
1.71566
1.72665
1.7377
1.7488
1.75995
1.77114
1.78236
1.79361
1.80487
1.81615
1.82744
1.83875
1.85005
1.86136
1.87267
1.88398
1.89529
1.90659
1.91788
1.92916
1.94043
1.95169
1.96294
1.97417
1.98538
1.99658
2.00775
2.01891
2.03004
2.04115
2.05223
2.06329
2.07432
2.08532
2.09629
2.10723
2.11813
2.12901
2.13985
2.15065
2.16142
2.17215
2.18285
2.1935
2.20411
2.21469
2.22522
2.23571
2.22424
2.21218
2.19957
2.18648
2.17294
2.159
2.14469
2.13006
2.11512
2.09991
2.08445
2.06876
2.05284
2.03673
2.02043
2.0044
1.98836
1.97232
1.95627
1.94023
1.9242
1.90818
1.89217
1.87619
1.86022
1.84428
1.82837
1.8125
1.79666
1.78086
1.76511
1.7494
1.73375
1.71815
1.70261
1.68713
1.67171
1.65637
1.64109
1.62589
1.61076
1.59571
1.58074
1.56585
1.55105
1.53634
1.52172
1.50719
1.49275
1.47841
1.46416
1.45002
1.43597
1.42203
1.40819
1.39445
1.38082
1.3673
1.35388
1.34058
1.32738
1.31429
1.30132
1.28845
1.2757
1.26306
1.25053
1.23812
1.22582
1.21364
1.20157
1.18961
1.17777
1.16604
1.15442
1.14293
1.13154
1.12027
1.10911
1.09807
1.08714
1.07632
1.06561
1.05502
1.04765
1.04043
1.03335
1.02639
1.01954
1.03312
1.04656
1.0599
1.07314
1.0863
1.0994
1.11243
1.1254
1.13831
1.15117
1.16398
1.17674
1.18945
1.20211
1.21472
1.22728
1.23979
1.25224
1.26464
1.27699
1.28928
1.30152
1.3137
1.32582
1.33788
1.34988
1.36182
1.37369
1.3855
1.39725
1.40893
1.42054
1.43209
1.44357
1.45497
1.46631
1.47758
1.48878
1.4999
1.51095
1.52193
1.53284
1.54367
1.55442
1.5651
1.57571
1.58624
1.59669
1.60707
1.61737
1.62759
1.63773
1.6478
1.65779
1.66836
1.67876
1.68901
1.69912
1.70911
1.71898
1.72873
1.73838
1.74793
1.75739
1.76674
1.77601
1.78518
1.79426
1.80325
1.81216
1.82098
