###  Units are X_hat = 1.73cm.
0.1	0.2
0.0893678	0.182546
0.0806766	0.168667
0.0735213	0.157654
0.0675789	0.148937
0.0625922	0.142061
0.0583569	0.13666
0.0547107	0.132441
0.0515256	0.129168
0.0487004	0.12665
0.0461555	0.124737
0.0438284	0.123305
0.0416703	0.122255
0.0396429	0.121509
0.0377166	0.121002
0.0358682	0.120682
0.03408	0.12051
0.0323381	0.12045
0.0306321	0.120477
0.0289539	0.120569
0.0272975	0.120709
0.0256582	0.120883
0.0240326	0.121079
0.0224183	0.12129
0.0208135	0.121507
0.0192169	0.121726
0.0176276	0.121941
0.0160452	0.12215
0.0144694	0.122349
0.0129	0.122536
0.0113371	0.122709
0.00978076	0.122868
0.00823129	0.123011
0.00668889	0.123137
0.00515387	0.123246
0.00362654	0.123338
0.00210723	0.123412
0.000596278	0.123468
-0.000905977	0.123507
-0.0023992	0.123528
-0.00388306	0.123532
-0.00535723	0.123518
-0.0068214	0.123487
-0.00827528	0.123439
-0.00971857	0.123374
-0.011151	0.123294
-0.0125723	0.123197
-0.0140119	0.123205
-0.0154398	0.123172
-0.0168557	0.123104
-0.0182595	0.123006
-0.0196511	0.122879
-0.0210303	0.122728
-0.022397	0.122555
-0.0237513	0.122362
-0.0250929	0.122151
-0.0264219	0.121922
-0.0277382	0.121677
-0.0290416	0.121417
-0.0303322	0.121143
-0.0316098	0.120856
-0.0328745	0.120556
-0.034126	0.120245
-0.0353645	0.119922
-0.0365898	0.119588
-0.0378019	0.119243
-0.0390007	0.118889
-0.0401862	0.118525
-0.0413585	0.118151
-0.0425173	0.117769
-0.0436629	0.117379
-0.0447951	0.116981
-0.0459139	0.116575
-0.0470194	0.116161
-0.0481115	0.11574
-0.0491902	0.115313
-0.0502557	0.114879
-0.0513079	0.11444
-0.0523468	0.113994
-0.0533726	0.113543
-0.0514423	0.113203
-0.0496135	0.113053
-0.0478626	0.113052
-0.0461707	0.113167
-0.0445234	0.113371
-0.0429096	0.113643
-0.0413206	0.113966
-0.0397497	0.114325
-0.0381919	0.114709
-0.0366433	0.11511
-0.0351012	0.115519
-0.0335635	0.115932
-0.0320286	0.116342
-0.0304955	0.116747
-0.0289635	0.117144
-0.0274322	0.117529
-0.0259193	0.11804
-0.0243975	0.11851
-0.0228688	0.118941
-0.0213348	0.119339
-0.0197969	0.119704
-0.0182564	0.12004
-0.0167142	0.120348
-0.0151712	0.120629
-0.0136283	0.120885
-0.0120862	0.121117
-0.0105455	0.121326
-0.00900688	0.121511
-0.00747092	0.121675
-0.00593817	0.121817
-0.00440915	0.121938
-0.00288436	0.122038
-0.00136429	0.122117
0.000150603	0.122177
0.00165987	0.122217
0.00316307	0.122238
0.0046598	0.122239
0.00614965	0.122222
0.00763222	0.122187
0.00910715	0.122133
0.0105741	0.122062
0.0120326	0.121973
0.0134825	0.121867
0.0149233	0.121744
0.0163548	0.121605
0.0177766	0.121449
0.0191885	0.121278
0.0205902	0.121091
0.0219815	0.120889
0.023362	0.120672
0.0247316	0.12044
0.0260899	0.120194
0.0274369	0.119935
0.0287723	0.119662
0.030096	0.119376
0.0314076	0.119077
0.0327072	0.118765
0.0339944	0.118441
0.0352693	0.118106
0.0365316	0.117759
0.0377812	0.117402
0.039018	0.117033
0.040242	0.116654
0.041453	0.116265
0.0427357	0.115906
0.0440017	0.115523
0.0452513	0.11512
0.046485	0.114699
0.0477033	0.114263
0.0462538	0.114786
0.0448041	0.115312
0.0433525	0.115838
0.0418978	0.116359
0.0404391	0.116872
0.038976	0.117377
0.037508	0.11787
0.0360351	0.11835
0.0345572	0.118816
0.0330744	0.119268
0.0315869	0.119703
0.0300949	0.120122
0.0285988	0.120524
0.0270989	0.120909
0.0255955	0.121275
0.0240891	0.121623
0.0225801	0.121953
0.0210689	0.122265
0.019556	0.122557
0.0180417	0.12283
0.0165266	0.123085
0.0150112	0.123321
0.0134957	0.123537
0.0119808	0.123735
0.0104669	0.123913
0.00895439	0.124073
0.00744373	0.124213
0.00593537	0.124335
0.00442974	0.124438
0.00292727	0.124523
0.00142839	0.124589
-6.64986e-05	0.124637
-0.00155698	0.124666
-0.00304267	0.124678
-0.00452316	0.124672
-0.00599808	0.124648
-0.00746706	0.124607
-0.00892972	0.124548
-0.0103857	0.124473
-0.0118347	0.124381
-0.0132764	0.124272
-0.0147104	0.124147
-0.0161364	0.124006
-0.0175265	0.123862
-0.0189092	0.1237
-0.0202842	0.123523
-0.0216512	0.123329
-0.0230101	0.12312
-0.0243606	0.122896
-0.0257024	0.122658
-0.0270353	0.122405
-0.0283591	0.122139
-0.0296736	0.12186
-0.0309786	0.121567
-0.0322739	0.121262
-0.0335593	0.120944
-0.0348346	0.120615
-0.0360997	0.120273
-0.0373544	0.11992
-0.0385985	0.119556
-0.039832	0.11918
-0.0410546	0.118794
-0.0422662	0.118398
-0.0434668	0.117992
-0.0446561	0.117576
-0.0428504	0.117295
-0.0411096	0.11717
-0.039417	0.117167
-0.03776	0.117259
-0.0361285	0.117422
-0.0345149	0.117639
-0.0329136	0.117895
-0.0313201	0.118179
-0.0297311	0.118481
-0.0281442	0.118793
-0.0265577	0.119109
-0.0249703	0.119424
-0.0233813	0.119735
-0.0217902	0.120037
-0.0201966	0.120328
-0.0186006	0.120606
-0.0170023	0.12087
-0.0154018	0.121118
-0.0137994	0.121348
-0.0121956	0.12156
-0.0105907	0.121754
-0.0089852	0.121928
-0.00737952	0.122082
-0.00577419	0.122216
-0.0041697	0.12233
-0.00256658	0.122424
-0.000852066	0.122461
0.000860624	0.122484
0.00257107	0.122489
0.00427879	0.122477
0.00598325	0.122446
0.00768391	0.122395
0.00938017	0.122323
0.0110714	0.12223
0.0127572	0.122116
0.0144367	0.12198
0.0161095	0.121823
0.017775	0.121644
0.0194326	0.121444
0.0210818	0.121223
0.022722	0.12098
0.0243527	0.120716
0.0259734	0.120432
0.0275836	0.120128
0.0291828	0.119803
0.0307707	0.119459
0.0323466	0.119095
0.0339103	0.118713
0.0354613	0.118311
0.0369993	0.117892
0.0385238	0.117455
0.0400346	0.117
0.0415312	0.116529
0.0430134	0.116041
0.041733	0.11652
0.0404461	0.116991
0.0391526	0.117451
0.0378525	0.1179
0.0365458	0.118337
0.0352328	0.118763
0.0339135	0.119176
0.0325883	0.119575
0.0312573	0.119961
0.0299207	0.120334
0.028579	0.120692
0.0272323	0.121036
0.0258809	0.121365
0.0245252	0.12168
0.0231656	0.12198
0.0218022	0.122264
0.0204355	0.122534
0.0190659	0.122788
0.0176935	0.123028
0.0163188	0.123251
0.0150402	0.123442
0.0137596	0.123619
0.0124772	0.123784
0.0111932	0.123935
0.00990812	0.124073
0.00862205	0.124197
0.00733532	0.124308
0.00604819	0.124406
0.00476094	0.124491
0.00347385	0.124562
0.0021872	0.124619
0.000901254	0.124664
-0.000383715	0.124695
-0.00166744	0.124712
-0.00294964	0.124717
-0.00423006	0.124708
-0.00550844	0.124686
-0.00678451	0.124651
-0.00805801	0.124603
-0.0093287	0.124542
-0.0105963	0.124468
-0.0118606	0.124382
-0.0131213	0.124282
-0.0143783	0.124171
-0.0156312	0.124046
-0.0168798	0.12391
-0.0181239	0.123761
-0.0193633	0.1236
-0.0205977	0.123427
-0.021827	0.123242
-0.0230509	0.123046
-0.0242693	0.122838
-0.0254819	0.122618
-0.0266884	0.122387
-0.0278889	0.122145
-0.029083	0.121892
-0.0302705	0.121629
-0.0314514	0.121354
-0.0326253	0.121069
-0.0337923	0.120774
-0.034952	0.120469
-0.0361044	0.120154
-0.0372493	0.119829
-0.0383866	0.119494
-0.039516	0.11915
-0.0406376	0.118797
-0.038581	0.118459
-0.0363397	0.118236
-0.0341515	0.118166
-0.0320003	0.118214
-0.0298739	0.118348
-0.0277631	0.118546
-0.0256612	0.118788
-0.0235632	0.119057
-0.0214657	0.119342
-0.0193664	0.119633
-0.0172637	0.11992
-0.0151569	0.120196
-0.0130457	0.120457
-0.0109302	0.120698
-0.00881087	0.120916
-0.00668833	0.121106
-0.00456343	0.121268
-0.00243713	0.121399
-0.00031049	0.121498
0.00181536	0.121564
0.00393926	0.121596
0.00606	0.121594
0.00817639	0.121556
0.0102872	0.121484
0.0123913	0.121376
0.0144874	0.121233
0.0165743	0.121055
0.018651	0.120842
0.0207163	0.120595
0.0227691	0.120314
0.0248083	0.119999
0.0268331	0.119652
0.0288423	0.119272
0.030835	0.11886
0.0328104	0.118418
0.0347676	0.117945
0.0367058	0.117442
0.0386242	0.116911
0.0405221	0.116351
0.0394695	0.116842
0.038403	0.117306
0.0373242	0.117745
0.0362346	0.118163
0.0351353	0.118562
0.0340273	0.118943
0.0329113	0.119309
0.0317879	0.11966
0.0306578	0.119997
0.0295214	0.12032
0.0284415	0.120565
0.0273582	0.120809
0.0262713	0.121049
0.0251805	0.121284
0.0240858	0.121514
0.022987	0.121737
0.0218843	0.121953
0.0207776	0.122161
0.019667	0.122362
0.0185527	0.122553
0.0174347	0.122736
0.0163132	0.12291
0.0151882	0.123074
0.0140601	0.123229
0.0129289	0.123374
0.0117949	0.123509
0.0106581	0.123635
0.00951881	0.12375
0.00837718	0.123854
0.0072334	0.123949
0.00608766	0.124033
0.00494016	0.124107
0.00379109	0.12417
0.00264065	0.124223
0.00148903	0.124265
0.000336436	0.124296
-0.000816933	0.124317
-0.00197088	0.124327
-0.0031252	0.124326
-0.0042797	0.124315
-0.00543417	0.124293
-0.00658842	0.12426
-0.00774225	0.124217
-0.00889545	0.124163
-0.0100478	0.124098
-0.0111992	0.124022
-0.0123493	0.123936
-0.0134981	0.123839
-0.0146452	0.123732
-0.0157905	0.123614
-0.0169338	0.123486
-0.018075	0.123347
-0.0192138	0.123197
-0.02035	0.123038
-0.0214835	0.122868
-0.022614	0.122688
-0.0237414	0.122497
-0.0248648	0.122203
-0.0259888	0.121916
-0.0271128	0.121634
-0.0282362	0.121353
-0.0293584	0.121071
-0.0304791	0.120786
-0.0315977	0.120497
-0.0327139	0.120202
-0.0338274	0.119901
-0.0349378	0.119593
-0.0360449	0.119278
-0.0371483	0.118955
-0.0382477	0.118623
-0.039343	0.118283
-0.0404339	0.117934
-0.0415203	0.117577
-0.0388065	0.117124
-0.0361791	0.116897
-0.0336118	0.116845
-0.031085	0.116923
-0.0285837	0.117098
-0.0260972	0.11734
-0.0236173	0.117626
-0.0211387	0.117938
-0.0186576	0.118259
-0.0161718	0.118578
-0.01368	0.118885
-0.0111821	0.119171
-0.00867838	0.119429
-0.00616968	0.119654
-0.00365726	0.119843
-0.00114261	0.119991
0.00137256	0.120095
0.0038864	0.120155
0.00639697	0.120168
0.00890228	0.120133
0.0114003	0.12005
0.0138891	0.119918
0.0163665	0.119737
0.0188308	0.119508
0.0212798	0.11923
0.0237119	0.118904
0.0261251	0.118531
0.0285178	0.118112
0.0308884	0.117647
0.0332352	0.117138
0.0355569	0.116586
0.0378519	0.115991
0.0401663	0.115126
0.0392699	0.115509
0.038361	0.115878
0.0374405	0.116234
0.0365092	0.116578
0.0355675	0.116911
0.034616	0.117234
0.0336549	0.117548
0.0326847	0.117853
0.0317056	0.11815
0.0307178	0.118438
0.0297215	0.118719
0.0287168	0.118991
0.027704	0.119256
0.0266831	0.119513
0.0256543	0.119761
0.0246178	0.120002
0.0235737	0.120235
0.0225221	0.120459
0.0214631	0.120676
0.0203969	0.120883
0.0193236	0.121083
0.0182434	0.121273
0.0171563	0.121455
0.0160626	0.121628
0.0149623	0.121791
0.0138557	0.121946
0.0127429	0.122091
0.011624	0.122226
0.0104992	0.122352
0.00936873	0.122468
0.00823271	0.122574
0.00709132	0.122669
0.00594475	0.122755
0.00479318	0.12283
0.00363681	0.122894
0.00247584	0.122948
0.00131045	0.122991
0.000140848	0.123023
-0.00103275	0.123044
-0.00221015	0.123054
-0.00339112	0.123053
-0.00457545	0.123041
-0.00576293	0.123017
-0.00695333	0.122981
-0.00814642	0.122934
-0.00934197	0.122876
-0.0105398	0.122805
-0.0117911	0.122475
-0.0130486	0.122181
-0.014312	0.121912
-0.0155809	0.121662
-0.0168549	0.121423
-0.0181335	0.12119
-0.0194162	0.120959
-0.0207026	0.120726
-0.0219921	0.12049
-0.0232844	0.120247
-0.0245788	0.119996
-0.0258751	0.119737
-0.0271726	0.119466
-0.0284711	0.119185
-0.0297701	0.118891
-0.0310692	0.118585
-0.032368	0.118266
-0.033666	0.117933
-0.034963	0.117587
-0.0362586	0.117226
-0.0375523	0.116852
-0.0388438	0.116464
-0.0401328	0.116061
-0.0414188	0.115644
-0.0427017	0.115213
-0.0439809	0.114767
-0.0452562	0.114308
-0.0424214	0.113516
-0.0397137	0.113038
-0.0370955	0.112805
-0.0345376	0.11276
-0.0320179	0.112859
-0.0295197	0.113064
-0.0270305	0.113345
-0.0245413	0.113677
-0.0220457	0.114039
-0.0195392	0.114416
-0.0170193	0.114792
-0.0144844	0.115157
-0.0119341	0.115501
-0.00936886	0.115817
-0.00678955	0.116099
-0.00419762	0.116341
-0.00159486	0.116539
0.00101667	0.116689
0.00363472	0.11679
0.00625688	0.116839
0.00888067	0.116834
0.0115035	0.116775
0.0141229	0.116659
0.0166385	0.115877
0.0191553	0.115167
0.0216723	0.114504
0.0241874	0.113866
0.0266982	0.113237
0.0292021	0.112604
0.0316962	0.111958
0.0341777	0.11129
0.0366436	0.110594
0.0390911	0.109867
0.0415176	0.109104
0.0439205	0.108303
0.0432789	0.108975
0.0425963	0.109577
0.0418789	0.110123
0.0411316	0.110624
0.0403583	0.111087
0.039562	0.11152
0.038745	0.111928
0.0379092	0.112315
0.0370561	0.112685
0.0361869	0.113039
0.0353022	0.113381
0.034403	0.113711
0.0334896	0.114031
0.0325626	0.114343
0.0316221	0.114646
0.0306686	0.114941
0.0297022	0.115228
0.028723	0.115508
0.0277312	0.115781
0.0267268	0.116047
0.02571	0.116306
0.0246809	0.116557
0.0236394	0.116802
0.0225858	0.117038
0.02152	0.117267
0.0204421	0.117489
0.0193522	0.117702
0.0182505	0.117907
0.0171368	0.118103
0.0160115	0.11829
0.0148745	0.118468
0.0137259	0.118637
0.012566	0.118796
0.0113947	0.118945
0.0102123	0.119084
0.00901895	0.119212
0.00781472	0.119329
0.0065998	0.119435
0.00533485	0.118916
0.00406943	0.118509
0.00280027	0.118189
0.00152503	0.117935
0.000242006	0.117732
-0.00104998	0.117567
-0.00235172	0.117428
-0.00366369	0.117308
-0.00498615	0.1172
-0.00631918	0.117098
-0.00766274	0.116997
-0.00901667	0.116894
-0.0103807	0.116785
-0.0117547	0.116669
-0.0131382	0.116543
-0.0145308	0.116406
-0.0159322	0.116256
-0.017342	0.116091
-0.0187597	0.115912
-0.0201848	0.115716
-0.0216169	0.115504
-0.0230556	0.115274
-0.0245002	0.115026
-0.0259504	0.11476
-0.0274055	0.114475
-0.0288652	0.114171
-0.0303287	0.113848
-0.0317956	0.113504
-0.0332654	0.113141
-0.0347375	0.112757
-0.0362112	0.112353
-0.0376862	0.111929
-0.0391616	0.111483
-0.0406371	0.111017
-0.042112	0.11053
-0.0435856	0.110022
-0.0450575	0.109493
-0.046527	0.108943
-0.0479936	0.108372
-0.0494565	0.10778
-0.0509153	0.107167
-0.0523694	0.106533
-0.0538181	0.105878
-0.0508594	0.104112
-0.0481685	0.10286
-0.0456772	0.102019
-0.0433319	0.101506
-0.0410902	0.101255
-0.038919	0.101209
-0.0367927	0.101325
-0.0346909	0.101565
-0.0325985	0.1019
-0.0302305	0.100791
-0.0279698	0.100023
-0.0257826	0.0995231
-0.023643	0.0992337
-0.0215311	0.0991068
-0.0194316	0.099104
-0.0173334	0.0991933
-0.0152279	0.0993489
-0.0131093	0.0995495
-0.0109734	0.0997776
-0.00881746	0.100019
-0.00664009	0.100261
-0.00444065	0.100494
-0.0022193	0.10071
2.32676e-05	0.100902
0.00228588	0.101064
0.004567	0.101192
0.00686482	0.101281
0.0091773	0.101329
0.0115022	0.101331
0.0138373	0.101287
0.01618	0.101194
0.0185278	0.101051
0.0208782	0.100857
0.0232286	0.100611
0.0255764	0.100312
0.0279189	0.0999606
0.0302538	0.0995563
0.0325783	0.0990992
0.0348901	0.0985898
0.0371867	0.0980287
0.0394658	0.0974164
0.0417251	0.0967538
0.0439624	0.096042
0.0461758	0.0952819
0.0483631	0.094475
0.0505225	0.0936223
0.0526523	0.0927255
0.0525741	0.0936393
0.0524111	0.0944266
0.0521791	0.0951126
0.0518903	0.0957177
0.0515546	0.0962583
0.0511798	0.0967475
0.0507721	0.0971956
0.0503362	0.0976111
0.049876	0.0980008
0.0493945	0.0983699
0.048894	0.0987228
0.0483763	0.0990629
0.0478429	0.0993928
0.0472949	0.0997149
0.0467331	0.100031
0.0461581	0.100342
0.0455704	0.100649
0.0449703	0.100953
0.0443581	0.101255
0.0437339	0.101555
0.0425867	0.100713
0.041534	0.100096
0.0405535	0.0996612
0.0396276	0.0993711
0.0387425	0.0991972
0.0378871	0.0991161
0.0370526	0.0991091
0.036232	0.0991613
0.03542	0.0992604
0.034612	0.0993967
0.0338048	0.0995624
0.0329956	0.099751
0.0321821	0.0999574
0.0313627	0.100177
0.0305359	0.100408
0.0297008	0.100645
0.0288564	0.100888
0.028002	0.101134
0.0271371	0.101382
0.0262612	0.10163
0.0253741	0.101877
0.0244753	0.102122
0.0235648	0.102365
0.0226422	0.102605
0.0217075	0.102841
0.0207606	0.103072
0.0198014	0.103299
0.0188298	0.10352
0.0178459	0.103735
0.0168495	0.103943
0.0158408	0.104145
0.0148197	0.10434
0.0137862	0.104528
0.0127404	0.104707
0.0116825	0.104878
0.0106123	0.105041
0.00953009	0.105194
0.0084359	0.105339
0.00732984	0.105473
0.00621206	0.105598
0.00508268	0.105712
0.00394185	0.105815
0.00278975	0.105908
0.00162654	0.105989
0.000452424	0.106058
-0.000732398	0.106115
-0.00192771	0.106159
-0.00313328	0.106191
-0.00434886	0.106209
-0.00557419	0.106215
-0.00680901	0.106206
-0.00805302	0.106183
-0.00930593	0.106146
-0.0105674	0.106094
-0.0118372	0.106027
-0.0131149	0.105945
-0.0141367	0.104892
-0.0151757	0.104021
-0.0162301	0.103294
-0.0172981	0.10268
-0.0183781	0.102152
-0.0194683	0.101691
-0.0205672	0.101282
-0.0216733	0.10091
-0.0227853	0.100566
-0.023902	0.100241
-0.0250223	0.0999296
-0.0261452	0.0996257
-0.0272698	0.0993252
-0.0283953	0.099025
-0.0295208	0.0987223
-0.0306458	0.098415
-0.0317695	0.0981016
-0.0328915	0.0977807
-0.0340112	0.0974513
-0.0351281	0.0971126
-0.0362418	0.096764
-0.0373518	0.096405
-0.0384577	0.0960354
-0.0395592	0.0956548
-0.040656	0.0952632
-0.0417476	0.0948603
-0.0428338	0.0944462
-0.0439142	0.0940209
-0.0449886	0.0935844
-0.0460567	0.0931368
-0.0471182	0.0926782
-0.0481729	0.0922086
-0.0492205	0.0917282
-0.0502608	0.0912371
-0.0512936	0.0907356
-0.0523185	0.0902237
-0.0533355	0.0897016
-0.0543443	0.0891696
-0.0553448	0.0886278
-0.0563367	0.0880764
-0.0573198	0.0875157
-0.058294	0.0869457
-0.0592591	0.0863668
-0.060215	0.0857792
-0.0611614	0.085183
-0.0620984	0.0845785
-0.0630257	0.083966
-0.0639431	0.0833456
-0.0648507	0.0827176
-0.0609749	0.079638
-0.057721	0.0773023
-0.0549552	0.0755664
-0.0525708	0.0743144
-0.0504831	0.0734526
-0.0486245	0.0729053
-0.0469417	0.0726113
-0.0453924	0.0725209
-0.0439429	0.0725938
-0.0425668	0.0727973
-0.0412431	0.0731047
-0.0399555	0.0734942
-0.0386909	0.0739481
-0.0374391	0.0744517
-0.0361923	0.0749931
-0.0350714	0.0757498
-0.0339314	0.0764819
-0.032774	0.0771906
-0.0316004	0.0778765
-0.030412	0.0785404
-0.0292097	0.0791824
-0.0279946	0.0798031
-0.0267674	0.0804024
-0.0255292	0.0809804
-0.0242806	0.0815372
-0.0230225	0.0820728
-0.0217556	0.082587
-0.0204807	0.0830799
-0.0191985	0.0835513
-0.0179097	0.0840011
-0.0166151	0.0844293
-0.0153153	0.0848359
-0.0140111	0.0852206
-0.0127031	0.0855837
-0.011392	0.0859249
-0.0100786	0.0862443
-0.00876346	0.0865419
-0.00744728	0.0868178
-0.00613073	0.087072
-0.00481446	0.0873046
-0.00349911	0.0875158
-0.0021853	0.0877056
-0.000873669	0.0878742
0.000435188	0.0880218
0.00174068	0.0881486
0.00304222	0.0882547
0.00433924	0.0883405
0.0056312	0.0884061
0.00691757	0.0884519
0.00819783	0.0884781
0.00947147	0.088485
0.010738	0.0884729
0.011997	0.0884422
0.013248	0.0883933
0.0144905	0.0883263
0.0157242	0.0882419
0.0169487	0.0881402
0.0181635	0.0880217
0.0193684	0.0878867
0.020563	0.0877358
0.021747	0.0875692
0.02292	0.0873874
0.0240819	0.0871908
0.0252322	0.0869798
0.0263709	0.0867549
0.0274977	0.0865164
0.0286122	0.0862647
0.0297145	0.0860004
0.0308042	0.0857238
0.0318813	0.0854354
0.0329455	0.0851355
0.0339968	0.0848246
0.035035	0.0845031
0.0360601	0.0841714
0.0370719	0.0838299
0.0380704	0.0834791
0.0390554	0.0831193
0.0400271	0.0827509
0.0409853	0.0823743
0.04193	0.0819899
0.0428613	0.0815981
0.043779	0.0811993
0.0446832	0.0807937
0.045574	0.0803819
0.0466598	0.0809017
0.0476463	0.0812514
0.0485505	0.0814656
0.0493863	0.0815717
0.050165	0.0815917
0.0495988	0.0831804
0.0489127	0.0845948
0.0481309	0.0858652
0.0472726	0.0870161
0.0463528	0.0880674
0.0453836	0.0890352
0.0443744	0.0899323
0.0433327	0.0907693
0.0422645	0.0915546
0.0411747	0.0922949
0.040067	0.0929957
0.0389446	0.0936615
0.03781	0.0942958
0.0366652	0.0949015
0.035512	0.0954808
0.0343518	0.0960357
0.0331858	0.0965677
0.0320149	0.0970779
0.0308401	0.0975675
0.0296622	0.0980371
0.0284819	0.0984875
0.0272997	0.0989193
0.0261163	0.0993329
0.0249321	0.0997287
0.0237477	0.100107
0.0225636	0.100468
0.0213801	0.100813
0.0201976	0.10114
0.0190167	0.101452
0.0178375	0.101747
0.0166606	0.102026
0.0154862	0.10229
0.0143148	0.102538
0.0131466	0.10277
0.0119819	0.102988
0.0108211	0.10319
0.0096645	0.103378
0.00851232	0.103551
0.00736488	0.10371
0.00622245	0.103855
0.00508529	0.103985
0.00395364	0.104103
0.00282776	0.104206
0.00170788	0.104297
0.000594227	0.104374
-0.000512991	0.104439
-0.00161356	0.104491
-0.00270729	0.104531
-0.00379398	0.104558
-0.00487345	0.104574
-0.00594554	0.104578
-0.00701007	0.104571
-0.0080669	0.104553
-0.00911588	0.104524
-0.0103186	0.105429
-0.0115028	0.106131
-0.0126685	0.106668
-0.013816	0.107073
-0.0149457	0.107369
-0.0160583	0.107576
-0.0171544	0.107711
-0.0182348	0.107787
-0.0193	0.107813
-0.0203507	0.107798
-0.0213873	0.107749
-0.0224104	0.10767
-0.0234204	0.107568
-0.0244176	0.107444
-0.0254023	0.107302
-0.0263749	0.107145
-0.0273356	0.106974
